i j d[nm] fc
1812 1814 0.5816 700.0000
1812 1831 0.8279 700.0000
1812 1856 0.6842 700.0000
1812 1857 0.4408 700.0000
1812 1858 0.7600 700.0000
1812 1859 0.6628 700.0000
1812 1865 0.5810 700.0000
1812 1868 0.8042 700.0000
1812 1869 0.8001 700.0000
1812 1887 0.6783 700.0000
1812 1888 0.7116 700.0000
1813 1815 0.8312 700.0000
1813 1847 0.7253 700.0000
1813 1850 0.7912 700.0000
1813 1854 0.6561 700.0000
1813 1855 0.7678 700.0000
1813 1856 0.6136 700.0000
1813 1857 0.6712 700.0000
1813 1887 0.7071 700.0000
1813 1888 0.4392 700.0000
1814 1816 0.6690 700.0000
1814 1827 0.7639 700.0000
1814 1831 0.8432 700.0000
1814 1844 0.8920 700.0000
1814 1853 0.7297 700.0000
1814 1854 0.5910 700.0000
1814 1855 0.5295 700.0000
1814 1856 0.8458 700.0000
1814 1857 0.6410 700.0000
1814 1885 0.6368 700.0000
1814 1886 0.7395 700.0000
1814 1887 0.5861 700.0000
1814 1888 0.5966 700.0000
1815 1817 0.8303 700.0000
1815 1850 0.8362 700.0000
1815 1851 0.6208 700.0000
1815 1852 0.6896 700.0000
1815 1853 0.4969 700.0000
1815 1854 0.5198 700.0000
1815 1855 0.7952 700.0000
1815 1885 0.8472 700.0000
1815 1886 0.5864 700.0000
1815 1887 0.8671 700.0000
1815 1888 0.6822 700.0000
1816 1818 0.6248 700.0000
1816 1819 0.7243 700.0000
1816 1820 0.8768 700.0000
1816 1823 0.7251 700.0000
1816 1827 0.8204 700.0000
1816 1852 0.8438 700.0000
1816 1853 0.4703 700.0000
1816 1854 0.6986 700.0000
1816 1855 0.6540 700.0000
1816 1876 0.8211 700.0000
1816 1883 0.6858 700.0000
1816 1884 0.6755 700.0000
1816 1885 0.6231 700.0000
1816 1886 0.6830 700.0000
1817 1819 0.7697 700.0000
1817 1853 0.8376 700.0000
1817 1878 0.8612 700.0000
1817 1883 0.5903 700.0000
1817 1884 0.6362 700.0000
1817 1886 0.8652 700.0000
1818 1820 0.7002 700.0000
1818 1823 0.7157 700.0000
1818 1853 0.8606 700.0000
1818 1878 0.6179 700.0000
1818 1879 0.7899 700.0000
1818 1881 0.8646 700.0000
1818 1883 0.6709 700.0000
1818 1884 0.8926 700.0000
1819 1821 0.7471 700.0000
1819 1823 0.7010 700.0000
1819 1852 0.7332 700.0000
1819 1853 0.6336 700.0000
1819 1855 0.8989 700.0000
1820 1822 0.6728 700.0000
1820 1823 0.4467 700.0000
1820 1824 0.7928 700.0000
1820 1853 0.8309 700.0000
1820 1855 0.8577 700.0000
1821 1823 0.5893 700.0000
1821 1824 0.7033 700.0000
1821 1825 0.7220 700.0000
1822 1825 0.6897 700.0000
1822 1826 0.6975 700.0000
1822 1878 0.8326 700.0000
1822 1879 0.7823 700.0000
1823 1825 0.7633 700.0000
1823 1826 0.5225 700.0000
1823 1827 0.5669 700.0000
1823 1853 0.8653 700.0000
1823 1855 0.7338 700.0000
1823 1876 0.7779 700.0000
1823 1878 0.7022 700.0000
1824 1826 0.8827 700.0000
1824 1827 0.6928 700.0000
1824 1828 0.5874 700.0000
1824 1843 0.8366 700.0000
1824 1844 0.4535 700.0000
1824 1845 0.6268 700.0000
1824 1846 0.6834 700.0000
1824 1855 0.6914 700.0000
1825 1827 0.8691 700.0000
1825 1828 0.6608 700.0000
1825 1829 0.8272 700.0000
1825 1844 0.8914 700.0000
1826 1828 0.8154 700.0000
1826 1829 0.6366 700.0000
1826 1830 0.8116 700.0000
1826 1876 0.6257 700.0000
1826 1877 0.7064 700.0000
1826 1878 0.6507 700.0000
1826 1879 0.8910 700.0000
1827 1829 0.6581 700.0000
1827 1830 0.6237 700.0000
1827 1831 0.5653 700.0000
1827 1842 0.8939 700.0000
1827 1844 0.6478 700.0000
1827 1855 0.6871 700.0000
1827 1857 0.7980 700.0000
1827 1876 0.6732 700.0000
1827 1885 0.7806 700.0000
1828 1830 0.8987 700.0000
1828 1831 0.7125 700.0000
1828 1832 0.5594 700.0000
1828 1842 0.5486 700.0000
1828 1843 0.6185 700.0000
1828 1844 0.4754 700.0000
1828 1845 0.8869 700.0000
1828 1857 0.8187 700.0000
1829 1831 0.6933 700.0000
1829 1832 0.4972 700.0000
1829 1833 0.6191 700.0000
1829 1836 0.8637 700.0000
1829 1842 0.8331 700.0000
1830 1832 0.8090 700.0000
1830 1833 0.5776 700.0000
1830 1834 0.8772 700.0000
1830 1836 0.4885 700.0000
1830 1837 0.4754 700.0000
1830 1838 0.8136 700.0000
1830 1839 0.8218 700.0000
1830 1868 0.8880 700.0000
1830 1874 0.6589 700.0000
1830 1875 0.7560 700.0000
1830 1876 0.6338 700.0000
1830 1885 0.7927 700.0000
1831 1833 0.6875 700.0000
1831 1836 0.7823 700.0000
1831 1837 0.5289 700.0000
1831 1838 0.7429 700.0000
1831 1839 0.6419 700.0000
1831 1840 0.6770 700.0000
1831 1842 0.6389 700.0000
1831 1844 0.8319 700.0000
1831 1857 0.6574 700.0000
1831 1859 0.7123 700.0000
1831 1864 0.8790 700.0000
1831 1868 0.6942 700.0000
1831 1874 0.7583 700.0000
1831 1885 0.8477 700.0000
1832 1834 0.8025 700.0000
1832 1837 0.8746 700.0000
1832 1839 0.7145 700.0000
1832 1840 0.4865 700.0000
1832 1841 0.6097 700.0000
1832 1842 0.4757 700.0000
1832 1843 0.8364 700.0000
1832 1859 0.8681 700.0000
1833 1835 0.5899 700.0000
1833 1836 0.4426 700.0000
1833 1837 0.5168 700.0000
1833 1838 0.6290 700.0000
1833 1839 0.5596 700.0000
1833 1840 0.6516 700.0000
1834 1836 0.5804 700.0000
1834 1837 0.5754 700.0000
1834 1838 0.4495 700.0000
1834 1839 0.4410 700.0000
1834 1840 0.6446 700.0000
1834 1864 0.8641 700.0000
1834 1867 0.7570 700.0000
1835 1837 0.7878 700.0000
1835 1838 0.7716 700.0000
1835 1839 0.8687 700.0000
1836 1838 0.6230 700.0000
1836 1839 0.7414 700.0000
1836 1871 0.7950 700.0000
1836 1874 0.8153 700.0000
1836 1875 0.8862 700.0000
1837 1839 0.4737 700.0000
1837 1840 0.7588 700.0000
1837 1864 0.8237 700.0000
1837 1867 0.7655 700.0000
1837 1868 0.5493 700.0000
1837 1871 0.6247 700.0000
1837 1874 0.6402 700.0000
1838 1840 0.6576 700.0000
1838 1863 0.8341 700.0000
1838 1864 0.5821 700.0000
1838 1867 0.4356 700.0000
1838 1868 0.5269 700.0000
1838 1871 0.6866 700.0000
1839 1841 0.8392 700.0000
1839 1842 0.7973 700.0000
1839 1859 0.7094 700.0000
1839 1861 0.8486 700.0000
1839 1863 0.7709 700.0000
1839 1864 0.4687 700.0000
1839 1865 0.8830 700.0000
1839 1867 0.5270 700.0000
1839 1868 0.6343 700.0000
1840 1842 0.5083 700.0000
1840 1859 0.5685 700.0000
1840 1860 0.7026 700.0000
1840 1861 0.7128 700.0000
1840 1863 0.8632 700.0000
1840 1864 0.5760 700.0000
1840 1867 0.8071 700.0000
1840 1868 0.8988 700.0000
1841 1843 0.8075 700.0000
1841 1859 0.7525 700.0000
1841 1860 0.5386 700.0000
1841 1861 0.7197 700.0000
1842 1844 0.6487 700.0000
1842 1857 0.6225 700.0000
1842 1858 0.6812 700.0000
1842 1859 0.5094 700.0000
1842 1860 0.7124 700.0000
1843 1845 0.6526 700.0000
1843 1856 0.7764 700.0000
1843 1857 0.5953 700.0000
1843 1858 0.4620 700.0000
1843 1859 0.7119 700.0000
1843 1860 0.8448 700.0000
1844 1846 0.7243 700.0000
1844 1855 0.6434 700.0000
1844 1856 0.7399 700.0000
1844 1857 0.5444 700.0000
1844 1858 0.7224 700.0000
1845 1847 0.6429 700.0000
1845 1854 0.8501 700.0000
1845 1855 0.5897 700.0000
1845 1856 0.5006 700.0000
1845 1857 0.6646 700.0000
1845 1858 0.7140 700.0000
1846 1848 0.6377 700.0000
1846 1853 0.8178 700.0000
1846 1854 0.7102 700.0000
1846 1855 0.5555 700.0000
1846 1856 0.7753 700.0000
1847 1849 0.6699 700.0000
1847 1850 0.4784 700.0000
1847 1851 0.7781 700.0000
1847 1853 0.8572 700.0000
1847 1854 0.5580 700.0000
1847 1855 0.7108 700.0000
1847 1856 0.5755 700.0000
1848 1850 0.7992 700.0000
1849 1851 0.8552 700.0000
1850 1852 0.7570 700.0000
1850 1853 0.8086 700.0000
1850 1854 0.5321 700.0000
1851 1853 0.5561 700.0000
1851 1854 0.4892 700.0000
1852 1854 0.6026 700.0000
1852 1855 0.8928 700.0000
1853 1855 0.4941 700.0000
1854 1856 0.8795 700.0000
1854 1888 0.8010 700.0000
1855 1857 0.7558 700.0000
1856 1858 0.5041 700.0000
1857 1859 0.5435 700.0000
1857 1865 0.8242 700.0000
1858 1860 0.7617 700.0000
1859 1861 0.6995 700.0000
1859 1862 0.8954 700.0000
1859 1863 0.7958 700.0000
1859 1864 0.5390 700.0000
1859 1865 0.5516 700.0000
1859 1868 0.8109 700.0000
1860 1863 0.8450 700.0000
1860 1864 0.7622 700.0000
1861 1863 0.5121 700.0000
1861 1864 0.5625 700.0000
1861 1865 0.8767 700.0000
1861 1867 0.8483 700.0000
1862 1864 0.7581 700.0000
1862 1865 0.5981 700.0000
1862 1866 0.5427 700.0000
1863 1865 0.6395 700.0000
1863 1866 0.4652 700.0000
1863 1867 0.4745 700.0000
1863 1868 0.8524 700.0000
1864 1866 0.5935 700.0000
1864 1867 0.4065 700.0000
1864 1868 0.6059 700.0000
1864 1869 0.8381 700.0000
1865 1867 0.7863 700.0000
1865 1868 0.6057 700.0000
1865 1869 0.5748 700.0000
1866 1868 0.7306 700.0000
1866 1869 0.6084 700.0000
1866 1870 0.6996 700.0000
1867 1869 0.8349 700.0000
1867 1870 0.7351 700.0000
1867 1871 0.8593 700.0000
1868 1870 0.7239 700.0000
1868 1871 0.5786 700.0000
1868 1872 0.6610 700.0000
1868 1874 0.6566 700.0000
1868 1887 0.8100 700.0000
1869 1871 0.7674 700.0000
1869 1872 0.6148 700.0000
1869 1874 0.8652 700.0000
1869 1887 0.6935 700.0000
1870 1872 0.7596 700.0000
1871 1873 0.6203 700.0000
1871 1874 0.5583 700.0000
1872 1874 0.4996 700.0000
1872 1885 0.8468 700.0000
1872 1887 0.6782 700.0000
1873 1875 0.7235 700.0000
1873 1884 0.8809 700.0000
1873 1885 0.8258 700.0000
1874 1876 0.8193 700.0000
1874 1884 0.7987 700.0000
1874 1885 0.4847 700.0000
1874 1886 0.8285 700.0000
1874 1887 0.7072 700.0000
1875 1877 0.7041 700.0000
1875 1882 0.6206 700.0000
1875 1883 0.6139 700.0000
1875 1884 0.6153 700.0000
1875 1885 0.6734 700.0000
1876 1878 0.5796 700.0000
1876 1882 0.6679 700.0000
1876 1883 0.4340 700.0000
1876 1884 0.6616 700.0000
1876 1885 0.6316 700.0000
1877 1879 0.7295 700.0000
1877 1880 0.6529 700.0000
1877 1881 0.6978 700.0000
1877 1882 0.5588 700.0000
1877 1883 0.6573 700.0000
1878 1880 0.7200 700.0000
1878 1881 0.5844 700.0000
1878 1882 0.6807 700.0000
1878 1883 0.5731 700.0000
1879 1881 0.5898 700.0000
1880 1882 0.8356 700.0000
1881 1883 0.7088 700.0000
1882 1884 0.6784 700.0000
1883 1885 0.6501 700.0000
1883 1886 0.8837 700.0000
1884 1886 0.5599 700.0000
1885 1887 0.6456 700.0000
1886 1888 0.7528 700.0000
1939 1941 0.6464 700.0000
1939 1975 0.7511 700.0000
1939 1976 0.5775 700.0000
1939 1977 0.4341 700.0000
1939 1978 0.6531 700.0000
1939 1979 0.6444 700.0000
1939 1981 0.8834 700.0000
1939 1982 0.6201 700.0000
1940 1942 0.6692 700.0000
1940 1966 0.8684 700.0000
1940 1974 0.6168 700.0000
1940 1975 0.5872 700.0000
1940 1976 0.4956 700.0000
1940 1977 0.6600 700.0000
1940 1982 0.8304 700.0000
1941 1943 0.6357 700.0000
1941 1973 0.8325 700.0000
1941 1974 0.5539 700.0000
1941 1975 0.4046 700.0000
1941 1976 0.6653 700.0000
1941 1977 0.8083 700.0000
1941 1982 0.6900 700.0000
1942 1944 0.7896 700.0000
1942 1972 0.5802 700.0000
1942 1973 0.7446 700.0000
1942 1974 0.4940 700.0000
1942 1975 0.6787 700.0000
1943 1945 0.5155 700.0000
1943 1946 0.8781 700.0000
1943 1947 0.8250 700.0000
1943 1948 0.7412 700.0000
1943 1953 0.7407 700.0000
1943 1965 0.8708 700.0000
1943 1971 0.7498 700.0000
1943 1972 0.6113 700.0000
1943 1973 0.4758 700.0000
1943 1974 0.7537 700.0000
1943 1975 0.6443 700.0000
1943 1985 0.8999 700.0000
1943 1989 0.8718 700.0000
1944 1946 0.5020 700.0000
1944 1947 0.4890 700.0000
1944 1948 0.6604 700.0000
1944 1971 0.6092 700.0000
1944 1972 0.6210 700.0000
1944 1973 0.8013 700.0000
1945 1947 0.6557 700.0000
1945 1948 0.6142 700.0000
1945 1949 0.8001 700.0000
1945 1950 0.8366 700.0000
1945 1953 0.5359 700.0000
1945 1968 0.8500 700.0000
1945 1971 0.4485 700.0000
1945 1972 0.6054 700.0000
1945 1973 0.5375 700.0000
1946 1948 0.7169 700.0000
1946 1953 0.8952 700.0000
1946 1971 0.5614 700.0000
1946 1972 0.8241 700.0000
1947 1949 0.8224 700.0000
1947 1989 0.8546 700.0000
1947 1993 0.6685 700.0000
1948 1952 0.5339 700.0000
1948 1953 0.6039 700.0000
1948 1989 0.5946 700.0000
1948 1992 0.7872 700.0000
1948 1993 0.6958 700.0000
1949 1951 0.5168 700.0000
1949 1952 0.3842 700.0000
1949 1953 0.5092 700.0000
1949 1954 0.8208 700.0000
1949 1992 0.9000 700.0000
1950 1952 0.7894 700.0000
1950 1953 0.5046 700.0000
1950 1954 0.7428 700.0000
1951 1953 0.7597 700.0000
1951 1954 0.6544 700.0000
1951 1955 0.8322 700.0000
1952 1954 0.7035 700.0000
1952 1955 0.7317 700.0000
1952 1956 0.7978 700.0000
1952 1988 0.7410 700.0000
1952 1989 0.6867 700.0000
1952 1992 0.5953 700.0000
1953 1956 0.7307 700.0000
1953 1965 0.8702 700.0000
1953 1973 0.6684 700.0000
1954 1956 0.5342 700.0000
1954 1957 0.5232 700.0000
1954 1958 0.6572 700.0000
1954 1965 0.8700 700.0000
1955 1957 0.7006 700.0000
1955 1958 0.4760 700.0000
1955 1959 0.5597 700.0000
1955 1960 0.8840 700.0000
1955 1988 0.6821 700.0000
1956 1958 0.6360 700.0000
1956 1959 0.5845 700.0000
1956 1960 0.6130 700.0000
1956 1961 0.8825 700.0000
1956 1963 0.7366 700.0000
1956 1965 0.7484 700.0000
1956 1975 0.8507 700.0000
1956 1985 0.5602 700.0000
1956 1988 0.7324 700.0000
1956 1989 0.7872 700.0000
1957 1959 0.6736 700.0000
1957 1960 0.6023 700.0000
1957 1961 0.5960 700.0000
1957 1962 0.8337 700.0000
1957 1963 0.6506 700.0000
1957 1965 0.6807 700.0000
1958 1960 0.6476 700.0000
1958 1961 0.6558 700.0000
1959 1961 0.7236 700.0000
1959 1963 0.8965 700.0000
1959 1981 0.7893 700.0000
1959 1984 0.6492 700.0000
1959 1985 0.6981 700.0000
1959 1988 0.7264 700.0000
1960 1962 0.5499 700.0000
1960 1963 0.5196 700.0000
1960 1978 0.8954 700.0000
1960 1981 0.4956 700.0000
1960 1982 0.8422 700.0000
1960 1984 0.6824 700.0000
1960 1985 0.6823 700.0000
1961 1963 0.5798 700.0000
1961 1981 0.8294 700.0000
1962 1964 0.6988 700.0000
1962 1976 0.8393 700.0000
1962 1977 0.7027 700.0000
1962 1978 0.7104 700.0000
1962 1981 0.6579 700.0000
1963 1965 0.6156 700.0000
1963 1975 0.6279 700.0000
1963 1976 0.6030 700.0000
1963 1977 0.5978 700.0000
1963 1978 0.7909 700.0000
1963 1981 0.6490 700.0000
1963 1982 0.8107 700.0000
1963 1985 0.8578 700.0000
1964 1966 0.7084 700.0000
1964 1975 0.8430 700.0000
1964 1976 0.5461 700.0000
1964 1977 0.7616 700.0000
1965 1967 0.7275 700.0000
1965 1973 0.5793 700.0000
1965 1974 0.7780 700.0000
1965 1975 0.5786 700.0000
1965 1976 0.7792 700.0000
1966 1968 0.7322 700.0000
1966 1973 0.7219 700.0000
1966 1974 0.4453 700.0000
1966 1975 0.6998 700.0000
1966 1976 0.6898 700.0000
1967 1969 0.7460 700.0000
1967 1972 0.8810 700.0000
1967 1973 0.6133 700.0000
1967 1974 0.8277 700.0000
1968 1970 0.6891 700.0000
1968 1971 0.5918 700.0000
1968 1972 0.5017 700.0000
1968 1973 0.5712 700.0000
1968 1974 0.6778 700.0000
1969 1971 0.7330 700.0000
1969 1972 0.6915 700.0000
1970 1972 0.6161 700.0000
1971 1973 0.6455 700.0000
1972 1974 0.6765 700.0000
1973 1975 0.6683 700.0000
1974 1976 0.7043 700.0000
1975 1977 0.6705 700.0000
1975 1982 0.6769 700.0000
1975 1985 0.8162 700.0000
1976 1978 0.7893 700.0000
1976 1982 0.8204 700.0000
1977 1979 0.7757 700.0000
1977 1981 0.6200 700.0000
1977 1982 0.6149 700.0000
1978 1980 0.5908 700.0000
1978 1981 0.4953 700.0000
1978 1982 0.7065 700.0000
1979 1981 0.7234 700.0000
1979 1982 0.5655 700.0000
1979 1983 0.5424 700.0000
1980 1982 0.7513 700.0000
1980 1983 0.5976 700.0000
1980 1984 0.6285 700.0000
1981 1983 0.7283 700.0000
1981 1984 0.5481 700.0000
1981 1985 0.6692 700.0000
1982 1984 0.7862 700.0000
1982 1985 0.5274 700.0000
1982 1986 0.7150 700.0000
1983 1985 0.7365 700.0000
1983 1986 0.6490 700.0000
1983 1987 0.6298 700.0000
1984 1987 0.6834 700.0000
1984 1988 0.8511 700.0000
1985 1987 0.7234 700.0000
1985 1988 0.6088 700.0000
1985 1989 0.5905 700.0000
1985 1990 0.8892 700.0000
1986 1988 0.8134 700.0000
1986 1989 0.5863 700.0000
1986 1990 0.5530 700.0000
1986 1991 0.8982 700.0000
1987 1989 0.7577 700.0000
1987 1990 0.6092 700.0000
1987 1991 0.5980 700.0000
1988 1990 0.6733 700.0000
1988 1991 0.5675 700.0000
1988 1992 0.5393 700.0000
1989 1991 0.7074 700.0000
1989 1992 0.5867 700.0000
1989 1993 0.7151 700.0000
1990 1992 0.6738 700.0000
1990 1993 0.5885 700.0000
1990 1994 0.6050 700.0000
1990 1995 0.8982 700.0000
1991 1993 0.8590 700.0000
1991 1994 0.6353 700.0000
1991 1995 0.6469 700.0000
1992 1994 0.7193 700.0000
1992 1995 0.5050 700.0000
1992 1996 0.6567 700.0000
1993 1995 0.8056 700.0000
1993 1996 0.5593 700.0000
1993 1997 0.5785 700.0000
1994 1996 0.6213 700.0000
1994 1997 0.5582 700.0000
1994 1998 0.6076 700.0000
1995 1997 0.8061 700.0000
1995 1998 0.5827 700.0000
1995 1999 0.5837 700.0000
1996 1998 0.6440 700.0000
1996 1999 0.5524 700.0000
1996 2000 0.6216 700.0000
1997 1999 0.8107 700.0000
1997 2000 0.6273 700.0000
1997 2001 0.7098 700.0000
1998 2000 0.7846 700.0000
1998 2001 0.5988 700.0000
1998 2002 0.6661 700.0000
1999 2001 0.8028 700.0000
1999 2002 0.7287 700.0000
2000 2002 0.8634 700.0000
2034 2036 0.4463 700.0000
2034 2037 0.8495 700.0000
2034 2079 0.8261 700.0000
2034 2092 0.8543 700.0000
2035 2037 0.7684 700.0000
2035 2079 0.6229 700.0000
2035 2080 0.5426 700.0000
2035 2081 0.7448 700.0000
2035 2082 0.8850 700.0000
2035 2088 0.6235 700.0000
2035 2089 0.8263 700.0000
2035 2092 0.5870 700.0000
2036 2038 0.6277 700.0000
2036 2077 0.6050 700.0000
2036 2078 0.7179 700.0000
2036 2079 0.6177 700.0000
2036 2080 0.8248 700.0000
2036 2092 0.8542 700.0000
2037 2039 0.6963 700.0000
2037 2076 0.8835 700.0000
2037 2077 0.7220 700.0000
2037 2078 0.5121 700.0000
2037 2079 0.7898 700.0000
2037 2080 0.6704 700.0000
2037 2092 0.5393 700.0000
2037 2095 0.6951 700.0000
2037 2096 0.7566 700.0000
2038 2040 0.7355 700.0000
2038 2071 0.6792 700.0000
2038 2072 0.8015 700.0000
2038 2075 0.5075 700.0000
2038 2076 0.5918 700.0000
2038 2077 0.5372 700.0000
2038 2078 0.7371 700.0000
2039 2041 0.6980 700.0000
2039 2042 0.8123 700.0000
2039 2043 0.7258 700.0000
2039 2044 0.6375 700.0000
2039 2075 0.5306 700.0000
2039 2076 0.4503 700.0000
2039 2077 0.7111 700.0000
2039 2078 0.6854 700.0000
2039 2099 0.7558 700.0000
2040 2042 0.5287 700.0000
2040 2043 0.4927 700.0000
2040 2044 0.7310 700.0000
2040 2045 0.8933 700.0000
2040 2074 0.6820 700.0000
2040 2075 0.4929 700.0000
2040 2076 0.6354 700.0000
2040 2099 0.8867 700.0000
2041 2043 0.7487 700.0000
2041 2044 0.5998 700.0000
2041 2045 0.5184 700.0000
2041 2070 0.7618 700.0000
2041 2072 0.8356 700.0000
2041 2073 0.7822 700.0000
2041 2074 0.5636 700.0000
2041 2075 0.6450 700.0000
2041 2076 0.5919 700.0000
2042 2044 0.7133 700.0000
2042 2045 0.5247 700.0000
2042 2046 0.7880 700.0000
2042 2074 0.7501 700.0000
2042 2075 0.8733 700.0000
2043 2045 0.8303 700.0000
2043 2046 0.7129 700.0000
2043 2047 0.8936 700.0000
2043 2099 0.7307 700.0000
2043 2103 0.5468 700.0000
2044 2046 0.8617 700.0000
2044 2047 0.5944 700.0000
2044 2048 0.5607 700.0000
2044 2068 0.7909 700.0000
2044 2076 0.6151 700.0000
2044 2078 0.7915 700.0000
2044 2099 0.7424 700.0000
2045 2047 0.8509 700.0000
2045 2048 0.6316 700.0000
2045 2049 0.8006 700.0000
2046 2048 0.8592 700.0000
2046 2049 0.6351 700.0000
2046 2050 0.5359 700.0000
2046 2051 0.8166 700.0000
2046 2099 0.8897 700.0000
2046 2102 0.7095 700.0000
2046 2103 0.6595 700.0000
2047 2049 0.8767 700.0000
2047 2050 0.6050 700.0000
2047 2051 0.4667 700.0000
2047 2052 0.7493 700.0000
2047 2054 0.7099 700.0000
2047 2055 0.7731 700.0000
2047 2095 0.7525 700.0000
2047 2098 0.7383 700.0000
2047 2099 0.5287 700.0000
2047 2102 0.6020 700.0000
2047 2103 0.7280 700.0000
2048 2050 0.7865 700.0000
2048 2051 0.6847 700.0000
2048 2052 0.5504 700.0000
2048 2053 0.8719 700.0000
2048 2055 0.7386 700.0000
2049 2051 0.7809 700.0000
2049 2052 0.7547 700.0000
2050 2052 0.6797 700.0000
2050 2102 0.6754 700.0000
2051 2053 0.6496 700.0000
2051 2054 0.5041 700.0000
2051 2055 0.7972 700.0000
2051 2098 0.7820 700.0000
2051 2102 0.7000 700.0000
2052 2054 0.6717 700.0000
2052 2055 0.7294 700.0000
2052 2056 0.7845 700.0000
2053 2055 0.6955 700.0000
2053 2056 0.5661 700.0000
2053 2057 0.6596 700.0000
2054 2056 0.7385 700.0000
2054 2057 0.5169 700.0000
2054 2058 0.6229 700.0000
2054 2094 0.8491 700.0000
2054 2095 0.8048 700.0000
2054 2098 0.6283 700.0000
2055 2057 0.6062 700.0000
2055 2058 0.5597 700.0000
2055 2059 0.5902 700.0000
2055 2066 0.6356 700.0000
2055 2095 0.7240 700.0000
2056 2058 0.6771 700.0000
2056 2059 0.4999 700.0000
2056 2060 0.6206 700.0000
2056 2066 0.8348 700.0000
2057 2059 0.6212 700.0000
2057 2060 0.5543 700.0000
2057 2061 0.6339 700.0000
2057 2062 0.8027 700.0000
2058 2060 0.7270 700.0000
2058 2061 0.6017 700.0000
2058 2062 0.5523 700.0000
2058 2063 0.8151 700.0000
2058 2064 0.6747 700.0000
2058 2066 0.7937 700.0000
2058 2090 0.8694 700.0000
2058 2091 0.6046 700.0000
2058 2094 0.6516 700.0000
2058 2095 0.7160 700.0000
2059 2062 0.7823 700.0000
2059 2063 0.6260 700.0000
2059 2064 0.4638 700.0000
2059 2065 0.5318 700.0000
2059 2066 0.5486 700.0000
2059 2080 0.8764 700.0000
2059 2091 0.8992 700.0000
2060 2062 0.8421 700.0000
2060 2063 0.7292 700.0000
2060 2064 0.8221 700.0000
2061 2063 0.8636 700.0000
2061 2090 0.8692 700.0000
2061 2091 0.8350 700.0000
2061 2094 0.8394 700.0000
2062 2064 0.6029 700.0000
2062 2086 0.8365 700.0000
2062 2087 0.5148 700.0000
2062 2088 0.7804 700.0000
2062 2090 0.5719 700.0000
2062 2091 0.5140 700.0000
2062 2094 0.7717 700.0000
2063 2065 0.6862 700.0000
2063 2081 0.8184 700.0000
2063 2082 0.6194 700.0000
2063 2083 0.7341 700.0000
2063 2084 0.7415 700.0000
2063 2087 0.6291 700.0000
2063 2088 0.8056 700.0000
2063 2091 0.8677 700.0000
2064 2066 0.6325 700.0000
2064 2080 0.6617 700.0000
2064 2081 0.5973 700.0000
2064 2082 0.5783 700.0000
2064 2083 0.8444 700.0000
2064 2087 0.7238 700.0000
2064 2088 0.6623 700.0000
2064 2091 0.6938 700.0000
2065 2067 0.6274 700.0000
2065 2079 0.8422 700.0000
2065 2080 0.7304 700.0000
2065 2081 0.4640 700.0000
2065 2082 0.7231 700.0000
2066 2068 0.6330 700.0000
2066 2078 0.6216 700.0000
2066 2079 0.6690 700.0000
2066 2080 0.5206 700.0000
2066 2081 0.6779 700.0000
2066 2095 0.8574 700.0000
2067 2069 0.5941 700.0000
2067 2077 0.8013 700.0000
2067 2078 0.7467 700.0000
2067 2079 0.4977 700.0000
2067 2080 0.7839 700.0000
2067 2081 0.6649 700.0000
2068 2070 0.7951 700.0000
2068 2076 0.6800 700.0000
2068 2077 0.6579 700.0000
2068 2078 0.5799 700.0000
2068 2079 0.7630 700.0000
2069 2071 0.6657 700.0000
2069 2076 0.7164 700.0000
2069 2077 0.4987 700.0000
2069 2078 0.7491 700.0000
2069 2079 0.6929 700.0000
2070 2072 0.5506 700.0000
2070 2073 0.6257 700.0000
2070 2074 0.8168 700.0000
2070 2075 0.7625 700.0000
2070 2076 0.5874 700.0000
2070 2077 0.7694 700.0000
2071 2073 0.6879 700.0000
2071 2074 0.8456 700.0000
2071 2075 0.5737 700.0000
2071 2076 0.6163 700.0000
2071 2077 0.5817 700.0000
2072 2074 0.5365 700.0000
2072 2075 0.4570 700.0000
2072 2076 0.6923 700.0000
2072 2077 0.8521 700.0000
2073 2075 0.6650 700.0000
2073 2076 0.8918 700.0000
2074 2076 0.8208 700.0000
2075 2077 0.7567 700.0000
2076 2078 0.5963 700.0000
2077 2079 0.5762 700.0000
2078 2080 0.5925 700.0000
2078 2092 0.8571 700.0000
2078 2095 0.7607 700.0000
2079 2081 0.6229 700.0000
2080 2082 0.8134 700.0000
2080 2088 0.5952 700.0000
2080 2091 0.6644 700.0000
2080 2092 0.5433 700.0000
2080 2095 0.7943 700.0000
2081 2083 0.7794 700.0000
2081 2088 0.7149 700.0000
2082 2084 0.6571 700.0000
2082 2085 0.6607 700.0000
2082 2086 0.8128 700.0000
2082 2087 0.7180 700.0000
2082 2088 0.5571 700.0000
2083 2085 0.7207 700.0000
2083 2087 0.8321 700.0000
2083 2088 0.8654 700.0000
2084 2086 0.6891 700.0000
2084 2087 0.5960 700.0000
2084 2088 0.8972 700.0000
2085 2087 0.6087 700.0000
2085 2088 0.5662 700.0000
2085 2089 0.7320 700.0000
2086 2088 0.5385 700.0000
2086 2089 0.5694 700.0000
2086 2090 0.6510 700.0000
2086 2091 0.8418 700.0000
2087 2089 0.7706 700.0000
2087 2090 0.5936 700.0000
2087 2091 0.6971 700.0000
2088 2090 0.6275 700.0000
2088 2091 0.5728 700.0000
2088 2092 0.6157 700.0000
2089 2091 0.6915 700.0000
2089 2092 0.5848 700.0000
2089 2093 0.6328 700.0000
2090 2092 0.6920 700.0000
2090 2093 0.4934 700.0000
2090 2094 0.6012 700.0000
2091 2093 0.6173 700.0000
2091 2094 0.4979 700.0000
2091 2095 0.6762 700.0000
2091 2096 0.8299 700.0000
2092 2094 0.8261 700.0000
2092 2095 0.7331 700.0000
2092 2096 0.7572 700.0000
2093 2095 0.8564 700.0000
2093 2096 0.6411 700.0000
2093 2097 0.7106 700.0000
2094 2096 0.5635 700.0000
2094 2097 0.5384 700.0000
2094 2098 0.5965 700.0000
2095 2097 0.6953 700.0000
2095 2098 0.6617 700.0000
2095 2099 0.5709 700.0000
2095 2100 0.8577 700.0000
2096 2098 0.6469 700.0000
2096 2099 0.5635 700.0000
2096 2100 0.5126 700.0000
2096 2101 0.8937 700.0000
2097 2099 0.7209 700.0000
2097 2100 0.5182 700.0000
2097 2101 0.6052 700.0000
2097 2102 0.8349 700.0000
2098 2100 0.7582 700.0000
2098 2101 0.5402 700.0000
2098 2102 0.5891 700.0000
2099 2101 0.8272 700.0000
2099 2102 0.6363 700.0000
2099 2103 0.5106 700.0000
2100 2102 0.7636 700.0000
2100 2103 0.6165 700.0000
2101 2103 0.7486 700.0000
2106 2108 0.7316 700.0000
2106 2145 0.6294 700.0000
2106 2146 0.4626 700.0000
2106 2147 0.6850 700.0000
2106 2148 0.9000 700.0000
2107 2109 0.6602 700.0000
2107 2144 0.8924 700.0000
2107 2145 0.7781 700.0000
2107 2146 0.5299 700.0000
2107 2147 0.6357 700.0000
2107 2148 0.5167 700.0000
2107 2151 0.7081 700.0000
2108 2110 0.6141 700.0000
2108 2143 0.6145 700.0000
2108 2144 0.6442 700.0000
2108 2145 0.5468 700.0000
2108 2146 0.7534 700.0000
2108 2151 0.8860 700.0000
2109 2111 0.7198 700.0000
2109 2143 0.7599 700.0000
2109 2144 0.5360 700.0000
2109 2145 0.8078 700.0000
2109 2146 0.8118 700.0000
2109 2148 0.7378 700.0000
2109 2151 0.5455 700.0000
2109 2152 0.8179 700.0000
2109 2155 0.6846 700.0000
2110 2112 0.6637 700.0000
2110 2141 0.5660 700.0000
2110 2142 0.6501 700.0000
2110 2143 0.5215 700.0000
2110 2144 0.6231 700.0000
2111 2113 0.6016 700.0000
2111 2119 0.8763 700.0000
2111 2140 0.7510 700.0000
2111 2141 0.5896 700.0000
2111 2142 0.4421 700.0000
2111 2143 0.7028 700.0000
2111 2144 0.6751 700.0000
2111 2155 0.6598 700.0000
2111 2158 0.7557 700.0000
2112 2114 0.7142 700.0000
2112 2139 0.8492 700.0000
2112 2140 0.5853 700.0000
2112 2141 0.5199 700.0000
2112 2142 0.6608 700.0000
2113 2115 0.6218 700.0000
2113 2116 0.7138 700.0000
2113 2118 0.6443 700.0000
2113 2119 0.5849 700.0000
2113 2122 0.8091 700.0000
2113 2139 0.7813 700.0000
2113 2140 0.4515 700.0000
2113 2141 0.7069 700.0000
2113 2142 0.6591 700.0000
2113 2158 0.8420 700.0000
2113 2162 0.8536 700.0000
2114 2116 0.6827 700.0000
2114 2118 0.7188 700.0000
2114 2119 0.8580 700.0000
2114 2139 0.8160 700.0000
2114 2140 0.6248 700.0000
2115 2117 0.5000 700.0000
2115 2118 0.4414 700.0000
2115 2119 0.6579 700.0000
2115 2120 0.8728 700.0000
2115 2139 0.8332 700.0000
2115 2140 0.6786 700.0000
2116 2118 0.6423 700.0000
2116 2119 0.5309 700.0000
2116 2120 0.6123 700.0000
2116 2137 0.6904 700.0000
2116 2139 0.5640 700.0000
2116 2140 0.5131 700.0000
2117 2119 0.7106 700.0000
2117 2120 0.6668 700.0000
2117 2121 0.7910 700.0000
2118 2120 0.7708 700.0000
2118 2121 0.6090 700.0000
2118 2122 0.5965 700.0000
2118 2140 0.8448 700.0000
2118 2162 0.7806 700.0000
2119 2121 0.6433 700.0000
2119 2122 0.5111 700.0000
2119 2123 0.6339 700.0000
2119 2124 0.8528 700.0000
2119 2137 0.6031 700.0000
2119 2139 0.8078 700.0000
2119 2140 0.5641 700.0000
2119 2141 0.8788 700.0000
2119 2142 0.6032 700.0000
2120 2122 0.7441 700.0000
2120 2123 0.5131 700.0000
2120 2124 0.6270 700.0000
2120 2137 0.5493 700.0000
2120 2140 0.8121 700.0000
2120 2142 0.8483 700.0000
2121 2123 0.8097 700.0000
2121 2124 0.5911 700.0000
2121 2125 0.5489 700.0000
2122 2124 0.7862 700.0000
2122 2125 0.5523 700.0000
2122 2126 0.6490 700.0000
2122 2142 0.8047 700.0000
2122 2154 0.8953 700.0000
2122 2157 0.8216 700.0000
2122 2158 0.5683 700.0000
2122 2161 0.7657 700.0000
2122 2162 0.8367 700.0000
2123 2125 0.7912 700.0000
2123 2126 0.6584 700.0000
2123 2127 0.5604 700.0000
2123 2134 0.8809 700.0000
2123 2135 0.4697 700.0000
2123 2136 0.8082 700.0000
2123 2137 0.6509 700.0000
2123 2142 0.7123 700.0000
2124 2126 0.7639 700.0000
2124 2127 0.6485 700.0000
2124 2128 0.7639 700.0000
2125 2127 0.7731 700.0000
2125 2128 0.7289 700.0000
2125 2129 0.7262 700.0000
2125 2157 0.8238 700.0000
2126 2128 0.7658 700.0000
2126 2129 0.5589 700.0000
2126 2130 0.5140 700.0000
2126 2133 0.6992 700.0000
2126 2135 0.6865 700.0000
2126 2153 0.8645 700.0000
2126 2154 0.6219 700.0000
2126 2157 0.7017 700.0000
2126 2158 0.8039 700.0000
2127 2129 0.7595 700.0000
2127 2130 0.6754 700.0000
2127 2131 0.6837 700.0000
2127 2133 0.6474 700.0000
2127 2134 0.7842 700.0000
2127 2135 0.5787 700.0000
2128 2130 0.8401 700.0000
2128 2131 0.7861 700.0000
2129 2131 0.7903 700.0000
2129 2153 0.8897 700.0000
2129 2154 0.8587 700.0000
2129 2157 0.7438 700.0000
2130 2132 0.7534 700.0000
2130 2133 0.5298 700.0000
2130 2135 0.8969 700.0000
2130 2150 0.5569 700.0000
2130 2151 0.8621 700.0000
2130 2153 0.6875 700.0000
2130 2154 0.6499 700.0000
2130 2157 0.8269 700.0000
2131 2133 0.6621 700.0000
2131 2150 0.8844 700.0000
2132 2134 0.8926 700.0000
2132 2146 0.7895 700.0000
2132 2147 0.7422 700.0000
2132 2150 0.6913 700.0000
2133 2135 0.5522 700.0000
2133 2144 0.6208 700.0000
2133 2145 0.6162 700.0000
2133 2146 0.6127 700.0000
2133 2147 0.7560 700.0000
2133 2150 0.5851 700.0000
2133 2151 0.7141 700.0000
2133 2154 0.8078 700.0000
2134 2136 0.5801 700.0000
2134 2143 0.7194 700.0000
2134 2144 0.6825 700.0000
2134 2145 0.4274 700.0000
2134 2146 0.7427 700.0000
2135 2137 0.7935 700.0000
2135 2142 0.6309 700.0000
2135 2143 0.6077 700.0000
2135 2144 0.5765 700.0000
2135 2145 0.6940 700.0000
2136 2138 0.7338 700.0000
2136 2141 0.8361 700.0000
2136 2142 0.7236 700.0000
2136 2143 0.4381 700.0000
2136 2144 0.7612 700.0000
2136 2145 0.6968 700.0000
2137 2139 0.5707 700.0000
2137 2140 0.5712 700.0000
2137 2141 0.6840 700.0000
2137 2142 0.6119 700.0000
2137 2143 0.7849 700.0000
2138 2140 0.6874 700.0000
2138 2141 0.5672 700.0000
2138 2142 0.8524 700.0000
2138 2143 0.8086 700.0000
2139 2141 0.5691 700.0000
2139 2142 0.8386 700.0000
2140 2142 0.5926 700.0000
2141 2143 0.5971 700.0000
2142 2144 0.5976 700.0000
2142 2158 0.8771 700.0000
2143 2145 0.6051 700.0000
2144 2146 0.6809 700.0000
2144 2150 0.8678 700.0000
2144 2151 0.5360 700.0000
2144 2154 0.7524 700.0000
2144 2155 0.7590 700.0000
2145 2147 0.8305 700.0000
2145 2151 0.7926 700.0000
2146 2148 0.6874 700.0000
2146 2149 0.8373 700.0000
2146 2150 0.6185 700.0000
2146 2151 0.5836 700.0000
2147 2149 0.5064 700.0000
2147 2150 0.4312 700.0000
2147 2151 0.5954 700.0000
2147 2152 0.8259 700.0000
2148 2150 0.7075 700.0000
2148 2151 0.5046 700.0000
2148 2152 0.5679 700.0000
2148 2153 0.8963 700.0000
2149 2151 0.6671 700.0000
2149 2152 0.5752 700.0000
2149 2153 0.7141 700.0000
2150 2152 0.6492 700.0000
2150 2153 0.5970 700.0000
2150 2154 0.7016 700.0000
2151 2153 0.6196 700.0000
2151 2154 0.5780 700.0000
2151 2155 0.5867 700.0000
2152 2154 0.5576 700.0000
2152 2155 0.5170 700.0000
2152 2156 0.6407 700.0000
2153 2155 0.6285 700.0000
2153 2156 0.4994 700.0000
2153 2157 0.5938 700.0000
2153 2158 0.8414 700.0000
2154 2156 0.6160 700.0000
2154 2157 0.5209 700.0000
2154 2158 0.5765 700.0000
2154 2159 0.8164 700.0000
2155 2157 0.8403 700.0000
2155 2158 0.6013 700.0000
2155 2159 0.6899 700.0000
2156 2158 0.7310 700.0000
2156 2159 0.5884 700.0000
2156 2160 0.5433 700.0000
2157 2159 0.7015 700.0000
2157 2160 0.5273 700.0000
2157 2161 0.7323 700.0000
2158 2160 0.6952 700.0000
2158 2161 0.5978 700.0000
2158 2162 0.6387 700.0000
2159 2161 0.5607 700.0000
2159 2162 0.5683 700.0000
2159 2163 0.5889 700.0000
2160 2162 0.8146 700.0000
2160 2163 0.5812 700.0000
2161 2163 0.5521 700.0000
2179 2181 0.6379 700.0000
2179 2217 0.7810 700.0000
2179 2218 0.6360 700.0000
2179 2219 0.4343 700.0000
2179 2220 0.7352 700.0000
2179 2221 0.7833 700.0000
2179 2235 0.5863 700.0000
2179 2238 0.6830 700.0000
2179 2239 0.7638 700.0000
2180 2182 0.8658 700.0000
2180 2213 0.8043 700.0000
2180 2216 0.4974 700.0000
2180 2217 0.6439 700.0000
2180 2218 0.5277 700.0000
2180 2219 0.7584 700.0000
2181 2183 0.6153 700.0000
2181 2184 0.8256 700.0000
2181 2185 0.7281 700.0000
2181 2186 0.6635 700.0000
2181 2216 0.5720 700.0000
2181 2217 0.4390 700.0000
2181 2218 0.6756 700.0000
2181 2219 0.7317 700.0000
2181 2242 0.7532 700.0000
2182 2184 0.4619 700.0000
2182 2185 0.5459 700.0000
2182 2186 0.7917 700.0000
2182 2187 0.8670 700.0000
2182 2214 0.8887 700.0000
2182 2215 0.6241 700.0000
2182 2216 0.6049 700.0000
2182 2217 0.6766 700.0000
2183 2185 0.7174 700.0000
2183 2186 0.6054 700.0000
2183 2187 0.5690 700.0000
2183 2188 0.8978 700.0000
2183 2212 0.6486 700.0000
2183 2214 0.6811 700.0000
2183 2215 0.6104 700.0000
2183 2216 0.6452 700.0000
2183 2217 0.5045 700.0000
2184 2186 0.7149 700.0000
2184 2187 0.5163 700.0000
2184 2188 0.6030 700.0000
2184 2189 0.8651 700.0000
2184 2215 0.7999 700.0000
2184 2217 0.8648 700.0000
2185 2187 0.8046 700.0000
2185 2188 0.5670 700.0000
2185 2189 0.6166 700.0000
2185 2242 0.6860 700.0000
2185 2245 0.8716 700.0000
2185 2246 0.6544 700.0000
2186 2188 0.7495 700.0000
2186 2189 0.5857 700.0000
2186 2190 0.4911 700.0000
2186 2191 0.8787 700.0000
2186 2193 0.6110 700.0000
2186 2194 0.8100 700.0000
2186 2210 0.8058 700.0000
2186 2212 0.8678 700.0000
2186 2217 0.5872 700.0000
2186 2219 0.8398 700.0000
2186 2242 0.7684 700.0000
2187 2189 0.7673 700.0000
2187 2190 0.5422 700.0000
2187 2212 0.8747 700.0000
2187 2217 0.8783 700.0000
2188 2190 0.7389 700.0000
2188 2191 0.8647 700.0000
2188 2246 0.8723 700.0000
2189 2191 0.6513 700.0000
2189 2192 0.5817 700.0000
2189 2193 0.5359 700.0000
2189 2194 0.8990 700.0000
2189 2241 0.8838 700.0000
2189 2242 0.6482 700.0000
2189 2245 0.5670 700.0000
2189 2246 0.6587 700.0000
2189 2248 0.8594 700.0000
2190 2192 0.8233 700.0000
2190 2193 0.6289 700.0000
2190 2194 0.5758 700.0000
2191 2193 0.6444 700.0000
2191 2194 0.5797 700.0000
2191 2195 0.6616 700.0000
2192 2194 0.7642 700.0000
2192 2195 0.6031 700.0000
2192 2196 0.6985 700.0000
2192 2241 0.8110 700.0000
2192 2244 0.8897 700.0000
2192 2245 0.6276 700.0000
2192 2248 0.7800 700.0000
2193 2195 0.7106 700.0000
2193 2196 0.5859 700.0000
2193 2197 0.6067 700.0000
2193 2238 0.6563 700.0000
2193 2241 0.6663 700.0000
2193 2242 0.6638 700.0000
2193 2245 0.7619 700.0000
2194 2196 0.7575 700.0000
2194 2197 0.5366 700.0000
2194 2198 0.6811 700.0000
2195 2197 0.7392 700.0000
2195 2198 0.6080 700.0000
2195 2199 0.6775 700.0000
2196 2198 0.6406 700.0000
2196 2199 0.5072 700.0000
2196 2200 0.6154 700.0000
2196 2237 0.7582 700.0000
2196 2238 0.7275 700.0000
2196 2241 0.5871 700.0000
2197 2199 0.7151 700.0000
2197 2200 0.5243 700.0000
2197 2201 0.5838 700.0000
2197 2208 0.6408 700.0000
2197 2219 0.8646 700.0000
2197 2221 0.7889 700.0000
2197 2234 0.8683 700.0000
2197 2238 0.6687 700.0000
2198 2200 0.5954 700.0000
2198 2201 0.5004 700.0000
2198 2202 0.5622 700.0000
2198 2208 0.8681 700.0000
2199 2201 0.7708 700.0000
2199 2202 0.5732 700.0000
2199 2203 0.5920 700.0000
2200 2202 0.7000 700.0000
2200 2203 0.5845 700.0000
2200 2204 0.5431 700.0000
2200 2206 0.6728 700.0000
2200 2208 0.8688 700.0000
2200 2221 0.7633 700.0000
2200 2234 0.5531 700.0000
2200 2236 0.8993 700.0000
2200 2237 0.6201 700.0000
2200 2238 0.7634 700.0000
2201 2204 0.8098 700.0000
2201 2205 0.6873 700.0000
2201 2206 0.4859 700.0000
2201 2207 0.5497 700.0000
2201 2208 0.5784 700.0000
2201 2221 0.7775 700.0000
2201 2224 0.7811 700.0000
2201 2234 0.8927 700.0000
2202 2204 0.8535 700.0000
2202 2205 0.7201 700.0000
2202 2206 0.8654 700.0000
2203 2237 0.8460 700.0000
2204 2206 0.6386 700.0000
2204 2230 0.5058 700.0000
2204 2231 0.7669 700.0000
2204 2232 0.8706 700.0000
2204 2233 0.6045 700.0000
2204 2234 0.5570 700.0000
2204 2237 0.7568 700.0000
2205 2207 0.7578 700.0000
2205 2223 0.7216 700.0000
2205 2224 0.4655 700.0000
2205 2225 0.8757 700.0000
2205 2226 0.5365 700.0000
2205 2228 0.8674 700.0000
2205 2230 0.7956 700.0000
2206 2208 0.6792 700.0000
2206 2221 0.5800 700.0000
2206 2222 0.6695 700.0000
2206 2223 0.5552 700.0000
2206 2224 0.5322 700.0000
2206 2229 0.8208 700.0000
2206 2230 0.7082 700.0000
2206 2231 0.6947 700.0000
2206 2234 0.7097 700.0000
2207 2209 0.6623 700.0000
2207 2220 0.8377 700.0000
2207 2221 0.6832 700.0000
2207 2222 0.5110 700.0000
2207 2223 0.6438 700.0000
2207 2224 0.5035 700.0000
2208 2210 0.6397 700.0000
2208 2219 0.7381 700.0000
2208 2220 0.6455 700.0000
2208 2221 0.5544 700.0000
2208 2222 0.7076 700.0000
2209 2211 0.7189 700.0000
2209 2218 0.8774 700.0000
2209 2219 0.7536 700.0000
2209 2220 0.4689 700.0000
2209 2221 0.7390 700.0000
2209 2222 0.6163 700.0000
2210 2212 0.7411 700.0000
2210 2217 0.6833 700.0000
2210 2218 0.6438 700.0000
2210 2219 0.5660 700.0000
2210 2220 0.7189 700.0000
2211 2213 0.5904 700.0000
2211 2214 0.8814 700.0000
2211 2216 0.8846 700.0000
2211 2217 0.5564 700.0000
2211 2218 0.4042 700.0000
2211 2219 0.6765 700.0000
2211 2220 0.7661 700.0000
2212 2214 0.5358 700.0000
2212 2215 0.8840 700.0000
2212 2216 0.7949 700.0000
2212 2217 0.5459 700.0000
2212 2218 0.7229 700.0000
2213 2215 0.8939 700.0000
2213 2216 0.6004 700.0000
2213 2217 0.7136 700.0000
2213 2218 0.5765 700.0000
2214 2216 0.5739 700.0000
2214 2217 0.7484 700.0000
2215 2217 0.8744 700.0000
2216 2218 0.6483 700.0000
2217 2219 0.6369 700.0000
2218 2220 0.6808 700.0000
2219 2221 0.6097 700.0000
2219 2235 0.7061 700.0000
2219 2238 0.6818 700.0000
2220 2222 0.5961 700.0000
2220 2235 0.7331 700.0000
2221 2223 0.8541 700.0000
2221 2231 0.5941 700.0000
2221 2232 0.8540 700.0000
2221 2234 0.5456 700.0000
2221 2235 0.4617 700.0000
2221 2238 0.7767 700.0000
2222 2224 0.7371 700.0000
2222 2229 0.8922 700.0000
2222 2231 0.8164 700.0000
2223 2225 0.6954 700.0000
2223 2226 0.7815 700.0000
2223 2228 0.7509 700.0000
2223 2229 0.5549 700.0000
2223 2230 0.7761 700.0000
2223 2231 0.7295 700.0000
2224 2226 0.6431 700.0000
2225 2227 0.8387 700.0000
2226 2228 0.6126 700.0000
2228 2230 0.5999 700.0000
2229 2231 0.4929 700.0000
2229 2232 0.7333 700.0000
2229 2233 0.8631 700.0000
2230 2232 0.6260 700.0000
2230 2233 0.5181 700.0000
2230 2234 0.6906 700.0000
2231 2233 0.6152 700.0000
2231 2234 0.5329 700.0000
2231 2235 0.5285 700.0000
2231 2236 0.8753 700.0000
2232 2234 0.5770 700.0000
2232 2235 0.5548 700.0000
2232 2236 0.6618 700.0000
2232 2237 0.8856 700.0000
2233 2235 0.7951 700.0000
2233 2236 0.6066 700.0000
2233 2237 0.7083 700.0000
2234 2236 0.5073 700.0000
2234 2237 0.4800 700.0000
2234 2238 0.6758 700.0000
2234 2239 0.8231 700.0000
2235 2237 0.7754 700.0000
2235 2238 0.6841 700.0000
2235 2239 0.7657 700.0000
2236 2238 0.6642 700.0000
2236 2239 0.4682 700.0000
2236 2240 0.5701 700.0000
2236 2241 0.8377 700.0000
2237 2239 0.5988 700.0000
2237 2240 0.5218 700.0000
2237 2241 0.6417 700.0000
2238 2240 0.7343 700.0000
2238 2241 0.5523 700.0000
2238 2242 0.5899 700.0000
2238 2243 0.8604 700.0000
2239 2241 0.6185 700.0000
2239 2242 0.6245 700.0000
2239 2243 0.5631 700.0000
2240 2242 0.7977 700.0000
2240 2243 0.5217 700.0000
2240 2244 0.7089 700.0000
2241 2243 0.5874 700.0000
2241 2244 0.5536 700.0000
2241 2245 0.5968 700.0000
2241 2246 0.7981 700.0000
2242 2244 0.8341 700.0000
2242 2245 0.5904 700.0000
2242 2246 0.5546 700.0000
2242 2247 0.8848 700.0000
2243 2245 0.7045 700.0000
2243 2246 0.6209 700.0000
2243 2247 0.6857 700.0000
2244 2246 0.6826 700.0000
2244 2247 0.5528 700.0000
2244 2248 0.6071 700.0000
2245 2247 0.5295 700.0000
2245 2248 0.4594 700.0000
2246 2248 0.6326 700.0000
2250 2252 0.6725 700.0000
2250 2293 0.8927 700.0000
2250 2294 0.7457 700.0000
2250 2295 0.5295 700.0000
2250 2296 0.6650 700.0000
2250 2297 0.5311 700.0000
2250 2300 0.6691 700.0000
2251 2253 0.6583 700.0000
2251 2285 0.8955 700.0000
2251 2292 0.5739 700.0000
2251 2293 0.7002 700.0000
2251 2294 0.5771 700.0000
2251 2295 0.8319 700.0000
2252 2254 0.6071 700.0000
2252 2291 0.8461 700.0000
2252 2292 0.7140 700.0000
2252 2293 0.5261 700.0000
2252 2294 0.7803 700.0000
2252 2295 0.8292 700.0000
2252 2300 0.6122 700.0000
2252 2301 0.8639 700.0000
2252 2304 0.6595 700.0000
2253 2255 0.6282 700.0000
2253 2290 0.6476 700.0000
2253 2291 0.6910 700.0000
2253 2292 0.5365 700.0000
2253 2293 0.6825 700.0000
2254 2256 0.6235 700.0000
2254 2290 0.6391 700.0000
2254 2291 0.4769 700.0000
2254 2292 0.6827 700.0000
2254 2293 0.6620 700.0000
2254 2304 0.6447 700.0000
2254 2307 0.7661 700.0000
2254 2308 0.8148 700.0000
2255 2257 0.5711 700.0000
2255 2258 0.7232 700.0000
2255 2289 0.6869 700.0000
2255 2290 0.6078 700.0000
2255 2291 0.8210 700.0000
2256 2258 0.6118 700.0000
2256 2259 0.5466 700.0000
2256 2260 0.7188 700.0000
2256 2263 0.4906 700.0000
2256 2266 0.7651 700.0000
2256 2286 0.8678 700.0000
2256 2287 0.8874 700.0000
2256 2289 0.6238 700.0000
2256 2290 0.5945 700.0000
2256 2291 0.6816 700.0000
2256 2307 0.8650 700.0000
2257 2259 0.7882 700.0000
2257 2260 0.7490 700.0000
2257 2263 0.7705 700.0000
2257 2289 0.6272 700.0000
2258 2260 0.6047 700.0000
2258 2262 0.8727 700.0000
2258 2263 0.8593 700.0000
2258 2308 0.7932 700.0000
2259 2261 0.8072 700.0000
2259 2262 0.4894 700.0000
2259 2263 0.6507 700.0000
2259 2266 0.8264 700.0000
2259 2307 0.7932 700.0000
2259 2308 0.7006 700.0000
2260 2262 0.5665 700.0000
2260 2263 0.5412 700.0000
2260 2264 0.8022 700.0000
2261 2263 0.8519 700.0000
2261 2264 0.7196 700.0000
2262 2264 0.7733 700.0000
2262 2265 0.6003 700.0000
2262 2266 0.7443 700.0000
2263 2266 0.6711 700.0000
2263 2267 0.6692 700.0000
2263 2288 0.7340 700.0000
2263 2289 0.7015 700.0000
2263 2290 0.8699 700.0000
2264 2266 0.7672 700.0000
2264 2267 0.6611 700.0000
2264 2268 0.7463 700.0000
2265 2267 0.7727 700.0000
2265 2268 0.4933 700.0000
2265 2270 0.8780 700.0000
2265 2271 0.7418 700.0000
2266 2268 0.6589 700.0000
2266 2271 0.5029 700.0000
2266 2272 0.8309 700.0000
2266 2286 0.7017 700.0000
2266 2291 0.7740 700.0000
2266 2307 0.7417 700.0000
2267 2269 0.8434 700.0000
2267 2271 0.8228 700.0000
2267 2286 0.6197 700.0000
2267 2287 0.8721 700.0000
2267 2288 0.7687 700.0000
2268 2270 0.5742 700.0000
2268 2271 0.6586 700.0000
2268 2272 0.8214 700.0000
2269 2271 0.7293 700.0000
2269 2272 0.5714 700.0000
2269 2273 0.6052 700.0000
2270 2272 0.7216 700.0000
2270 2273 0.6334 700.0000
2270 2274 0.6681 700.0000
2271 2273 0.7214 700.0000
2271 2274 0.5986 700.0000
2271 2275 0.5909 700.0000
2271 2276 0.8880 700.0000
2271 2284 0.8356 700.0000
2271 2306 0.7453 700.0000
2271 2307 0.7880 700.0000
2272 2274 0.5983 700.0000
2272 2275 0.5727 700.0000
2272 2276 0.5106 700.0000
2272 2277 0.8693 700.0000
2272 2284 0.6775 700.0000
2273 2275 0.7884 700.0000
2273 2276 0.5382 700.0000
2273 2277 0.6562 700.0000
2274 2276 0.7984 700.0000
2274 2277 0.5527 700.0000
2274 2278 0.5440 700.0000
2274 2279 0.8726 700.0000
2274 2306 0.8148 700.0000
2275 2277 0.8138 700.0000
2275 2278 0.6620 700.0000
2275 2279 0.4607 700.0000
2275 2280 0.7701 700.0000
2275 2282 0.6621 700.0000
2275 2284 0.6054 700.0000
2275 2303 0.6678 700.0000
2275 2306 0.6439 700.0000
2275 2307 0.7988 700.0000
2276 2279 0.8414 700.0000
2276 2280 0.7134 700.0000
2276 2282 0.8180 700.0000
2276 2283 0.8178 700.0000
2276 2284 0.6531 700.0000
2277 2279 0.8253 700.0000
2277 2280 0.7635 700.0000
2278 2280 0.8891 700.0000
2278 2306 0.6259 700.0000
2279 2281 0.6879 700.0000
2279 2282 0.5613 700.0000
2279 2299 0.7225 700.0000
2279 2300 0.8801 700.0000
2279 2302 0.6806 700.0000
2279 2303 0.5512 700.0000
2279 2306 0.7056 700.0000
2280 2282 0.5749 700.0000
2280 2299 0.8093 700.0000
2281 2295 0.7838 700.0000
2281 2296 0.7379 700.0000
2281 2299 0.5464 700.0000
2282 2284 0.6830 700.0000
2282 2293 0.6454 700.0000
2282 2294 0.5955 700.0000
2282 2295 0.6218 700.0000
2282 2296 0.8149 700.0000
2282 2299 0.6573 700.0000
2282 2300 0.6680 700.0000
2282 2303 0.7091 700.0000
2283 2285 0.6249 700.0000
2283 2292 0.7430 700.0000
2283 2293 0.6932 700.0000
2283 2294 0.4963 700.0000
2283 2295 0.8191 700.0000
2284 2286 0.6135 700.0000
2284 2291 0.6334 700.0000
2284 2292 0.7034 700.0000
2284 2293 0.6740 700.0000
2284 2294 0.8223 700.0000
2285 2287 0.5868 700.0000
2285 2290 0.7338 700.0000
2285 2291 0.5948 700.0000
2285 2292 0.4228 700.0000
2285 2293 0.7147 700.0000
2285 2294 0.8202 700.0000
2286 2288 0.7869 700.0000
2286 2290 0.6181 700.0000
2286 2291 0.5236 700.0000
2286 2292 0.7253 700.0000
2287 2289 0.6946 700.0000
2287 2290 0.4093 700.0000
2287 2291 0.7107 700.0000
2287 2292 0.7257 700.0000
2288 2290 0.7212 700.0000
2290 2292 0.6307 700.0000
2291 2293 0.5455 700.0000
2291 2304 0.8717 700.0000
2291 2307 0.7347 700.0000
2292 2294 0.6492 700.0000
2293 2295 0.6976 700.0000
2293 2300 0.5711 700.0000
2293 2303 0.7157 700.0000
2293 2304 0.7400 700.0000
2294 2296 0.8092 700.0000
2294 2300 0.7003 700.0000
2295 2297 0.5896 700.0000
2295 2298 0.8615 700.0000
2295 2299 0.6571 700.0000
2295 2300 0.5118 700.0000
2296 2298 0.5953 700.0000
2296 2299 0.4870 700.0000
2296 2300 0.6470 700.0000
2297 2299 0.6210 700.0000
2297 2300 0.5314 700.0000
2297 2301 0.6885 700.0000
2298 2300 0.6903 700.0000
2298 2301 0.6234 700.0000
2298 2302 0.6647 700.0000
2299 2301 0.6983 700.0000
2299 2302 0.5919 700.0000
2299 2303 0.7775 700.0000
2300 2302 0.7219 700.0000
2300 2303 0.5671 700.0000
2300 2304 0.6305 700.0000
2301 2303 0.5175 700.0000
2301 2304 0.5111 700.0000
2301 2305 0.5940 700.0000
2302 2304 0.8344 700.0000
2302 2305 0.6351 700.0000
2302 2306 0.8663 700.0000
2303 2305 0.6206 700.0000
2303 2306 0.5911 700.0000
2303 2307 0.6097 700.0000
2303 2308 0.8360 700.0000
2304 2306 0.8972 700.0000
2304 2307 0.6268 700.0000
2304 2308 0.5911 700.0000
2305 2307 0.7359 700.0000
2305 2308 0.6197 700.0000
2306 2308 0.7864 700.0000
2357 2359 0.8107 700.0000
2357 2360 0.8603 700.0000
2358 2360 0.6462 700.0000
2358 2361 0.8863 700.0000
2359 2361 0.7869 700.0000
2359 2368 0.6070 700.0000
2359 2369 0.6643 700.0000
2360 2362 0.6949 700.0000
2360 2367 0.8152 700.0000
2360 2368 0.5734 700.0000
2360 2369 0.4546 700.0000
2360 2370 0.8893 700.0000
2360 2372 0.8199 700.0000
2360 2381 0.7140 700.0000
2361 2363 0.6468 700.0000
2361 2365 0.7582 700.0000
2361 2366 0.6406 700.0000
2361 2367 0.6228 700.0000
2361 2368 0.5929 700.0000
2361 2369 0.6361 700.0000
2361 2381 0.8870 700.0000
2362 2364 0.4834 700.0000
2362 2365 0.4322 700.0000
2362 2366 0.6293 700.0000
2362 2367 0.6099 700.0000
2362 2368 0.6962 700.0000
2362 2369 0.5747 700.0000
2362 2370 0.7956 700.0000
2362 2381 0.8131 700.0000
2362 2382 0.5557 700.0000
2362 2383 0.5140 700.0000
2362 2386 0.6809 700.0000
2362 2387 0.8849 700.0000
2363 2365 0.6445 700.0000
2363 2366 0.5858 700.0000
2363 2382 0.6779 700.0000
2363 2383 0.8827 700.0000
2363 2386 0.8988 700.0000
2363 2398 0.7010 700.0000
2363 2399 0.6953 700.0000
2364 2366 0.7071 700.0000
2364 2367 0.8954 700.0000
2364 2382 0.6810 700.0000
2364 2383 0.7133 700.0000
2364 2386 0.5217 700.0000
2364 2387 0.7306 700.0000
2364 2389 0.8953 700.0000
2364 2390 0.7792 700.0000
2364 2398 0.7001 700.0000
2365 2367 0.4615 700.0000
2365 2368 0.7519 700.0000
2365 2369 0.8391 700.0000
2365 2370 0.8771 700.0000
2365 2383 0.6669 700.0000
2365 2386 0.6292 700.0000
2366 2368 0.8917 700.0000
2367 2369 0.7179 700.0000
2367 2370 0.7984 700.0000
2367 2383 0.8206 700.0000
2368 2370 0.6243 700.0000
2368 2383 0.7924 700.0000
2369 2371 0.7309 700.0000
2369 2372 0.5649 700.0000
2369 2381 0.7051 700.0000
2369 2382 0.7498 700.0000
2369 2383 0.5138 700.0000
2369 2384 0.8849 700.0000
2370 2372 0.7102 700.0000
2370 2383 0.4463 700.0000
2370 2384 0.6756 700.0000
2370 2385 0.7316 700.0000
2370 2386 0.8224 700.0000
2371 2373 0.7615 700.0000
2371 2383 0.6334 700.0000
2371 2384 0.5638 700.0000
2371 2385 0.7325 700.0000
2372 2374 0.6094 700.0000
2372 2381 0.5415 700.0000
2372 2382 0.7537 700.0000
2372 2383 0.7180 700.0000
2372 2384 0.8143 700.0000
2373 2375 0.6127 700.0000
2373 2376 0.8858 700.0000
2373 2381 0.7843 700.0000
2373 2382 0.6163 700.0000
2373 2383 0.7036 700.0000
2373 2384 0.4892 700.0000
2373 2385 0.8131 700.0000
2373 2386 0.8911 700.0000
2373 2387 0.6051 700.0000
2373 2388 0.7265 700.0000
2374 2376 0.6174 700.0000
2374 2378 0.7817 700.0000
2374 2379 0.6413 700.0000
2374 2380 0.7297 700.0000
2374 2381 0.5586 700.0000
2374 2382 0.7057 700.0000
2375 2377 0.6867 700.0000
2375 2378 0.4932 700.0000
2375 2379 0.6584 700.0000
2375 2380 0.5696 700.0000
2375 2381 0.7568 700.0000
2375 2382 0.6673 700.0000
2375 2387 0.7770 700.0000
2375 2391 0.8909 700.0000
2375 2397 0.6992 700.0000
2375 2402 0.8319 700.0000
2375 2404 0.6209 700.0000
2376 2378 0.6061 700.0000
2376 2379 0.6295 700.0000
2376 2380 0.8718 700.0000
2376 2404 0.6493 700.0000
2377 2379 0.7942 700.0000
2377 2402 0.6344 700.0000
2377 2403 0.7304 700.0000
2377 2404 0.5220 700.0000
2378 2380 0.4040 700.0000
2378 2381 0.8852 700.0000
2378 2397 0.6486 700.0000
2378 2399 0.8006 700.0000
2378 2400 0.6139 700.0000
2378 2402 0.6175 700.0000
2378 2404 0.7393 700.0000
2379 2381 0.7700 700.0000
2380 2382 0.6410 700.0000
2380 2397 0.6365 700.0000
2380 2398 0.8008 700.0000
2380 2399 0.5873 700.0000
2380 2400 0.6580 700.0000
2380 2402 0.8565 700.0000
2381 2383 0.8462 700.0000
2382 2384 0.7240 700.0000
2382 2385 0.8987 700.0000
2382 2386 0.7031 700.0000
2382 2387 0.5371 700.0000
2382 2397 0.7791 700.0000
2382 2398 0.7407 700.0000
2382 2399 0.8158 700.0000
2383 2385 0.5261 700.0000
2383 2386 0.4574 700.0000
2383 2387 0.6630 700.0000
2383 2388 0.8708 700.0000
2384 2386 0.5422 700.0000
2384 2387 0.5404 700.0000
2384 2388 0.5282 700.0000
2385 2387 0.6294 700.0000
2385 2388 0.5422 700.0000
2385 2389 0.6916 700.0000
2386 2388 0.6532 700.0000
2386 2389 0.6060 700.0000
2386 2390 0.6978 700.0000
2387 2389 0.7359 700.0000
2387 2390 0.5270 700.0000
2387 2391 0.5244 700.0000
2387 2392 0.8762 700.0000
2387 2397 0.8214 700.0000
2387 2398 0.7832 700.0000
2388 2390 0.6402 700.0000
2388 2391 0.5681 700.0000
2388 2392 0.7114 700.0000
2389 2391 0.8218 700.0000
2389 2392 0.5849 700.0000
2389 2393 0.5969 700.0000
2390 2392 0.5080 700.0000
2390 2393 0.5450 700.0000
2390 2394 0.6591 700.0000
2390 2395 0.7521 700.0000
2390 2396 0.7256 700.0000
2390 2397 0.8840 700.0000
2390 2398 0.7492 700.0000
2391 2393 0.8352 700.0000
2391 2394 0.7353 700.0000
2391 2395 0.4876 700.0000
2391 2396 0.6176 700.0000
2391 2397 0.7951 700.0000
2391 2398 0.8613 700.0000
2391 2403 0.8971 700.0000
2391 2404 0.7051 700.0000
2391 2405 0.8475 700.0000
2392 2394 0.7329 700.0000
2392 2395 0.7394 700.0000
2394 2396 0.4936 700.0000
2394 2398 0.8732 700.0000
2394 2401 0.8800 700.0000
2394 2407 0.7230 700.0000
2395 2397 0.8363 700.0000
2395 2402 0.8415 700.0000
2395 2403 0.5797 700.0000
2395 2404 0.6590 700.0000
2395 2405 0.4909 700.0000
2395 2406 0.7904 700.0000
2395 2407 0.6198 700.0000
2396 2398 0.5907 700.0000
2396 2399 0.8809 700.0000
2396 2400 0.7595 700.0000
2396 2401 0.5685 700.0000
2396 2402 0.5893 700.0000
2396 2403 0.5717 700.0000
2396 2404 0.6808 700.0000
2396 2405 0.7906 700.0000
2396 2407 0.8687 700.0000
2397 2399 0.4802 700.0000
2397 2400 0.4268 700.0000
2397 2401 0.5841 700.0000
2397 2402 0.4817 700.0000
2397 2403 0.7643 700.0000
2397 2404 0.6891 700.0000
2398 2400 0.6391 700.0000
2398 2401 0.6623 700.0000
2398 2402 0.8171 700.0000
2399 2401 0.6973 700.0000
2399 2402 0.8211 700.0000
2400 2402 0.4494 700.0000
2400 2403 0.8678 700.0000
2401 2403 0.7968 700.0000
2402 2404 0.5424 700.0000
2402 2405 0.8890 700.0000
2403 2405 0.4693 700.0000
2403 2406 0.8202 700.0000
2403 2407 0.8243 700.0000
2405 2407 0.6286 700.0000
2406 2408 0.5961 700.0000
2409 2411 0.6058 700.0000
2409 2412 0.8714 700.0000
2409 2448 0.6925 700.0000
2409 2481 0.8858 700.0000
2409 2484 0.6808 700.0000
2409 2485 0.4125 700.0000
2409 2486 0.5406 700.0000
2409 2489 0.8202 700.0000
2409 2505 0.8521 700.0000
2410 2412 0.6656 700.0000
2410 2446 0.7875 700.0000
2410 2448 0.5289 700.0000
2410 2449 0.5307 700.0000
2410 2450 0.8906 700.0000
2410 2485 0.6220 700.0000
2410 2486 0.7757 700.0000
2410 2488 0.8563 700.0000
2410 2489 0.5123 700.0000
2410 2490 0.6087 700.0000
2410 2505 0.8078 700.0000
2411 2413 0.7549 700.0000
2411 2414 0.7333 700.0000
2411 2440 0.7276 700.0000
2411 2481 0.8243 700.0000
2411 2482 0.6018 700.0000
2411 2483 0.8840 700.0000
2411 2484 0.8871 700.0000
2411 2485 0.3610 700.0000
2411 2486 0.6566 700.0000
2411 2487 0.6321 700.0000
2411 2488 0.5298 700.0000
2411 2489 0.6754 700.0000
2411 2490 0.8705 700.0000
2411 2502 0.8831 700.0000
2411 2505 0.8619 700.0000
2412 2414 0.6557 700.0000
2412 2440 0.5580 700.0000
2412 2441 0.7277 700.0000
2412 2442 0.7982 700.0000
2412 2443 0.8226 700.0000
2412 2449 0.8659 700.0000
2412 2456 0.7091 700.0000
2412 2459 0.8934 700.0000
2412 2482 0.8677 700.0000
2412 2485 0.6605 700.0000
2412 2488 0.6453 700.0000
2412 2489 0.7139 700.0000
2412 2490 0.7353 700.0000
2412 2502 0.6953 700.0000
2413 2415 0.8553 700.0000
2413 2440 0.7122 700.0000
2413 2441 0.4887 700.0000
2413 2442 0.7437 700.0000
2413 2443 0.8414 700.0000
2413 2485 0.8747 700.0000
2414 2416 0.7978 700.0000
2414 2438 0.8591 700.0000
2414 2439 0.5780 700.0000
2414 2440 0.4931 700.0000
2414 2441 0.5533 700.0000
2414 2482 0.6921 700.0000
2415 2417 0.6209 700.0000
2415 2437 0.7131 700.0000
2415 2438 0.6517 700.0000
2415 2439 0.3944 700.0000
2415 2440 0.5944 700.0000
2415 2441 0.7798 700.0000
2415 2482 0.7205 700.0000
2416 2418 0.7402 700.0000
2416 2436 0.6507 700.0000
2416 2437 0.6570 700.0000
2416 2438 0.5130 700.0000
2416 2439 0.7951 700.0000
2416 2475 0.8258 700.0000
2416 2478 0.7537 700.0000
2416 2479 0.4658 700.0000
2416 2482 0.5285 700.0000
2416 2483 0.8513 700.0000
2416 2487 0.8795 700.0000
2417 2419 0.6956 700.0000
2417 2435 0.7916 700.0000
2417 2436 0.6219 700.0000
2417 2437 0.4481 700.0000
2417 2438 0.6979 700.0000
2417 2439 0.7780 700.0000
2417 2479 0.7979 700.0000
2418 2420 0.6900 700.0000
2418 2434 0.6695 700.0000
2418 2435 0.6645 700.0000
2418 2436 0.6492 700.0000
2418 2437 0.8051 700.0000
2418 2475 0.7110 700.0000
2418 2479 0.7680 700.0000
2419 2421 0.6861 700.0000
2419 2433 0.7851 700.0000
2419 2434 0.6232 700.0000
2419 2435 0.4057 700.0000
2419 2436 0.6969 700.0000
2419 2437 0.7661 700.0000
2420 2422 0.7737 700.0000
2420 2423 0.8565 700.0000
2420 2432 0.7005 700.0000
2420 2433 0.5839 700.0000
2420 2434 0.5615 700.0000
2420 2435 0.6342 700.0000
2420 2467 0.6774 700.0000
2421 2423 0.4400 700.0000
2421 2424 0.7775 700.0000
2421 2432 0.5588 700.0000
2421 2433 0.3983 700.0000
2421 2434 0.6924 700.0000
2421 2435 0.6970 700.0000
2421 2467 0.7905 700.0000
2421 2513 0.8538 700.0000
2422 2432 0.7736 700.0000
2422 2433 0.8826 700.0000
2423 2425 0.7446 700.0000
2423 2432 0.6462 700.0000
2423 2433 0.5574 700.0000
2423 2513 0.7128 700.0000
2424 2426 0.6316 700.0000
2424 2427 0.7970 700.0000
2424 2428 0.7839 700.0000
2424 2429 0.5636 700.0000
2424 2430 0.7505 700.0000
2424 2431 0.7602 700.0000
2424 2432 0.5706 700.0000
2424 2433 0.6419 700.0000
2424 2466 0.8866 700.0000
2424 2513 0.7763 700.0000
2424 2514 0.8772 700.0000
2425 2427 0.6168 700.0000
2425 2428 0.5442 700.0000
2425 2429 0.6765 700.0000
2425 2431 0.8084 700.0000
2425 2432 0.6461 700.0000
2425 2433 0.5926 700.0000
2425 2464 0.8007 700.0000
2425 2465 0.8002 700.0000
2425 2466 0.6274 700.0000
2425 2513 0.6281 700.0000
2425 2514 0.7160 700.0000
2425 2521 0.8742 700.0000
2425 2522 0.5258 700.0000
2425 2523 0.8034 700.0000
2426 2428 0.6174 700.0000
2426 2429 0.6256 700.0000
2426 2513 0.8330 700.0000
2426 2514 0.6395 700.0000
2426 2515 0.8493 700.0000
2426 2516 0.8396 700.0000
2426 2521 0.7918 700.0000
2426 2522 0.5225 700.0000
2426 2523 0.4896 700.0000
2426 2524 0.8747 700.0000
2427 2429 0.4673 700.0000
2427 2430 0.8104 700.0000
2427 2431 0.8284 700.0000
2427 2466 0.8712 700.0000
2427 2522 0.7412 700.0000
2427 2523 0.6507 700.0000
2427 2524 0.8657 700.0000
2427 2525 0.7401 700.0000
2428 2430 0.7285 700.0000
2428 2431 0.6103 700.0000
2428 2432 0.7873 700.0000
2428 2465 0.8750 700.0000
2428 2466 0.5434 700.0000
2428 2468 0.7003 700.0000
2428 2522 0.6990 700.0000
2428 2523 0.8318 700.0000
2428 2524 0.8754 700.0000
2428 2525 0.7782 700.0000
2428 2528 0.8544 700.0000
2429 2431 0.6837 700.0000
2429 2432 0.8646 700.0000
2430 2432 0.6911 700.0000
2430 2467 0.8836 700.0000
2430 2468 0.8580 700.0000
2431 2433 0.8417 700.0000
2431 2466 0.6584 700.0000
2431 2467 0.5775 700.0000
2431 2468 0.5512 700.0000
2432 2434 0.6654 700.0000
2432 2465 0.8272 700.0000
2432 2466 0.5807 700.0000
2432 2467 0.4277 700.0000
2432 2468 0.7347 700.0000
2433 2435 0.6154 700.0000
2433 2464 0.6826 700.0000
2433 2465 0.6519 700.0000
2433 2466 0.6074 700.0000
2433 2467 0.6244 700.0000
2433 2513 0.6766 700.0000
2434 2436 0.6333 700.0000
2434 2463 0.7375 700.0000
2434 2464 0.7040 700.0000
2434 2465 0.4196 700.0000
2434 2466 0.5707 700.0000
2434 2467 0.5675 700.0000
2434 2468 0.8545 700.0000
2434 2471 0.7118 700.0000
2434 2472 0.7580 700.0000
2434 2475 0.7194 700.0000
2435 2437 0.6513 700.0000
2435 2462 0.6803 700.0000
2435 2463 0.5545 700.0000
2435 2464 0.5516 700.0000
2435 2465 0.7290 700.0000
2435 2513 0.8268 700.0000
2436 2438 0.5496 700.0000
2436 2462 0.5937 700.0000
2436 2463 0.3864 700.0000
2436 2464 0.6661 700.0000
2436 2465 0.7036 700.0000
2436 2475 0.7538 700.0000
2436 2478 0.8359 700.0000
2436 2479 0.8682 700.0000
2436 2509 0.8111 700.0000
2437 2439 0.6289 700.0000
2437 2460 0.6810 700.0000
2437 2461 0.8491 700.0000
2437 2462 0.5482 700.0000
2437 2463 0.6763 700.0000
2438 2440 0.6872 700.0000
2438 2459 0.8520 700.0000
2438 2460 0.7790 700.0000
2438 2461 0.6935 700.0000
2438 2462 0.6754 700.0000
2438 2463 0.6868 700.0000
2438 2478 0.8593 700.0000
2438 2479 0.8963 700.0000
2438 2482 0.7224 700.0000
2438 2487 0.7146 700.0000
2438 2488 0.6918 700.0000
2438 2504 0.8383 700.0000
2438 2509 0.7890 700.0000
2439 2441 0.6841 700.0000
2439 2458 0.8486 700.0000
2439 2459 0.6696 700.0000
2439 2460 0.5315 700.0000
2439 2461 0.8649 700.0000
2440 2442 0.7627 700.0000
2440 2458 0.6577 700.0000
2440 2459 0.5017 700.0000
2440 2460 0.7453 700.0000
2440 2461 0.8533 700.0000
2440 2482 0.8602 700.0000
2440 2488 0.6488 700.0000
2440 2502 0.6984 700.0000
2441 2443 0.7588 700.0000
2441 2456 0.8529 700.0000
2441 2458 0.7144 700.0000
2441 2459 0.8465 700.0000
2442 2444 0.7645 700.0000
2442 2455 0.7480 700.0000
2442 2456 0.5047 700.0000
2442 2457 0.5836 700.0000
2442 2458 0.5340 700.0000
2442 2459 0.8370 700.0000
2442 2502 0.8865 700.0000
2443 2445 0.6945 700.0000
2443 2453 0.8398 700.0000
2443 2454 0.8929 700.0000
2443 2455 0.5009 700.0000
2443 2456 0.3290 700.0000
2443 2457 0.6599 700.0000
2443 2458 0.7939 700.0000
2444 2446 0.6636 700.0000
2444 2449 0.8562 700.0000
2444 2452 0.8306 700.0000
2444 2453 0.5156 700.0000
2444 2454 0.7453 700.0000
2444 2455 0.5311 700.0000
2444 2456 0.5823 700.0000
2445 2447 0.8802 700.0000
2445 2448 0.8786 700.0000
2445 2449 0.4536 700.0000
2445 2450 0.6308 700.0000
2445 2451 0.5211 700.0000
2445 2452 0.4935 700.0000
2445 2453 0.4831 700.0000
2445 2454 0.5056 700.0000
2445 2455 0.8047 700.0000
2445 2456 0.5863 700.0000
2445 2490 0.6426 700.0000
2445 2491 0.8653 700.0000
2445 2500 0.6672 700.0000
2446 2448 0.5022 700.0000
2446 2449 0.4119 700.0000
2446 2450 0.8233 700.0000
2446 2451 0.8739 700.0000
2446 2452 0.6051 700.0000
2446 2453 0.7229 700.0000
2446 2490 0.8828 700.0000
2447 2449 0.7252 700.0000
2447 2452 0.6343 700.0000
2448 2450 0.8618 700.0000
2449 2451 0.6930 700.0000
2449 2452 0.6530 700.0000
2449 2453 0.8686 700.0000
2449 2456 0.8289 700.0000
2449 2489 0.7618 700.0000
2449 2490 0.5296 700.0000
2449 2491 0.8420 700.0000
2450 2452 0.6153 700.0000
2450 2454 0.8305 700.0000
2450 2490 0.6563 700.0000
2450 2491 0.6918 700.0000
2450 2500 0.7639 700.0000
2451 2453 0.6800 700.0000
2451 2454 0.4847 700.0000
2451 2490 0.8144 700.0000
2451 2491 0.8064 700.0000
2451 2499 0.8055 700.0000
2451 2500 0.5901 700.0000
2452 2454 0.6159 700.0000
2453 2455 0.7022 700.0000
2453 2456 0.8866 700.0000
2454 2456 0.8056 700.0000
2454 2499 0.8338 700.0000
2454 2500 0.5331 700.0000
2455 2457 0.7755 700.0000
2456 2458 0.6791 700.0000
2456 2490 0.6620 700.0000
2456 2491 0.8964 700.0000
2456 2500 0.7314 700.0000
2456 2501 0.6920 700.0000
2456 2502 0.6411 700.0000
2457 2459 0.6667 700.0000
2457 2500 0.8103 700.0000
2457 2501 0.6063 700.0000
2457 2502 0.6159 700.0000
2458 2460 0.7819 700.0000
2458 2501 0.8317 700.0000
2458 2502 0.6381 700.0000
2459 2461 0.5539 700.0000
2459 2488 0.7916 700.0000
2459 2501 0.8595 700.0000
2459 2502 0.5361 700.0000
2459 2503 0.8785 700.0000
2460 2462 0.7055 700.0000
2461 2463 0.8204 700.0000
2461 2488 0.8465 700.0000
2461 2502 0.8604 700.0000
2461 2504 0.6920 700.0000
2461 2509 0.8822 700.0000
2461 2511 0.7118 700.0000
2462 2464 0.5720 700.0000
2462 2509 0.8637 700.0000
2462 2511 0.5787 700.0000
2462 2512 0.8372 700.0000
2463 2465 0.6511 700.0000
2463 2509 0.6204 700.0000
2463 2510 0.6949 700.0000
2463 2511 0.5770 700.0000
2463 2512 0.7842 700.0000
2463 2513 0.8495 700.0000
2464 2466 0.8855 700.0000
2464 2509 0.8741 700.0000
2464 2510 0.6522 700.0000
2464 2511 0.5865 700.0000
2464 2512 0.5522 700.0000
2464 2513 0.4824 700.0000
2464 2514 0.8699 700.0000
2464 2521 0.8308 700.0000
2464 2522 0.7499 700.0000
2465 2467 0.7533 700.0000
2465 2468 0.7806 700.0000
2465 2471 0.5532 700.0000
2465 2472 0.8810 700.0000
2465 2474 0.7103 700.0000
2465 2475 0.7134 700.0000
2465 2509 0.8705 700.0000
2465 2510 0.7679 700.0000
2465 2522 0.7864 700.0000
2465 2527 0.7924 700.0000
2465 2528 0.7919 700.0000
2466 2468 0.4684 700.0000
2466 2470 0.7564 700.0000
2466 2471 0.5145 700.0000
2466 2472 0.8027 700.0000
2466 2474 0.8645 700.0000
2466 2522 0.7780 700.0000
2466 2528 0.7630 700.0000
2467 2469 0.8803 700.0000
2467 2471 0.6696 700.0000
2467 2472 0.5127 700.0000
2468 2470 0.5366 700.0000
2468 2471 0.4627 700.0000
2468 2472 0.5939 700.0000
2468 2473 0.8986 700.0000
2468 2474 0.8969 700.0000
2468 2528 0.8559 700.0000
2469 2471 0.7140 700.0000
2469 2472 0.6326 700.0000
2469 2473 0.6968 700.0000
2470 2472 0.8565 700.0000
2470 2473 0.5934 700.0000
2470 2474 0.6624 700.0000
2470 2528 0.5253 700.0000
2470 2529 0.8895 700.0000
2470 2532 0.7257 700.0000
2471 2473 0.6073 700.0000
2471 2474 0.4485 700.0000
2471 2475 0.5933 700.0000
2471 2476 0.8897 700.0000
2471 2528 0.6808 700.0000
2472 2474 0.8381 700.0000
2472 2475 0.6804 700.0000
2472 2476 0.8427 700.0000
2473 2475 0.7681 700.0000
2473 2476 0.6105 700.0000
2473 2477 0.6081 700.0000
2473 2532 0.7147 700.0000
2474 2476 0.7112 700.0000
2474 2477 0.5016 700.0000
2474 2478 0.5665 700.0000
2474 2527 0.8668 700.0000
2474 2528 0.6690 700.0000
2474 2531 0.6578 700.0000
2474 2532 0.6284 700.0000
2474 2535 0.7904 700.0000
2475 2477 0.6648 700.0000
2475 2478 0.5286 700.0000
2475 2479 0.5625 700.0000
2476 2478 0.7647 700.0000
2476 2479 0.6658 700.0000
2476 2480 0.6658 700.0000
2477 2479 0.7947 700.0000
2477 2480 0.5637 700.0000
2477 2481 0.7023 700.0000
2477 2531 0.8419 700.0000
2477 2532 0.7406 700.0000
2477 2535 0.5824 700.0000
2478 2480 0.8161 700.0000
2478 2481 0.5526 700.0000
2478 2482 0.7463 700.0000
2478 2487 0.6813 700.0000
2478 2507 0.7655 700.0000
2478 2509 0.7859 700.0000
2478 2531 0.8222 700.0000
2478 2535 0.7121 700.0000
2479 2481 0.7429 700.0000
2479 2482 0.6298 700.0000
2479 2483 0.6843 700.0000
2480 2483 0.6657 700.0000
2480 2484 0.6326 700.0000
2480 2535 0.8921 700.0000
2481 2483 0.5605 700.0000
2481 2484 0.4656 700.0000
2481 2485 0.7428 700.0000
2481 2486 0.4689 700.0000
2481 2487 0.5591 700.0000
2481 2507 0.8311 700.0000
2481 2535 0.7385 700.0000
2481 2538 0.7953 700.0000
2482 2484 0.7759 700.0000
2482 2485 0.6444 700.0000
2482 2486 0.7619 700.0000
2482 2487 0.5945 700.0000
2482 2488 0.7510 700.0000
2483 2485 0.6967 700.0000
2483 2486 0.8714 700.0000
2484 2486 0.5485 700.0000
2484 2538 0.8323 700.0000
2485 2487 0.8048 700.0000
2485 2488 0.8474 700.0000
2486 2488 0.7618 700.0000
2486 2489 0.8351 700.0000
2486 2505 0.5618 700.0000
2486 2506 0.8670 700.0000
2486 2507 0.7423 700.0000
2486 2535 0.8406 700.0000
2486 2538 0.5654 700.0000
2487 2489 0.8004 700.0000
2487 2503 0.8900 700.0000
2487 2504 0.6372 700.0000
2487 2505 0.5956 700.0000
2487 2506 0.8789 700.0000
2487 2507 0.5537 700.0000
2487 2509 0.7445 700.0000
2488 2490 0.8481 700.0000
2488 2502 0.6235 700.0000
2488 2503 0.5945 700.0000
2488 2504 0.5218 700.0000
2488 2505 0.6619 700.0000
2488 2507 0.8216 700.0000
2488 2509 0.8902 700.0000
2489 2491 0.6059 700.0000
2489 2501 0.7919 700.0000
2489 2502 0.6089 700.0000
2489 2503 0.4332 700.0000
2489 2504 0.7922 700.0000
2489 2505 0.5480 700.0000
2490 2499 0.8673 700.0000
2490 2500 0.6797 700.0000
2490 2501 0.5792 700.0000
2490 2502 0.5627 700.0000
2490 2503 0.5880 700.0000
2491 2493 0.6419 700.0000
2491 2498 0.7438 700.0000
2491 2499 0.5500 700.0000
2491 2500 0.5389 700.0000
2491 2501 0.4375 700.0000
2491 2502 0.6724 700.0000
2491 2503 0.5442 700.0000
2492 2494 0.5855 700.0000
2492 2495 0.8363 700.0000
2492 2496 0.7951 700.0000
2492 2497 0.5157 700.0000
2492 2498 0.5512 700.0000
2492 2499 0.5619 700.0000
2492 2500 0.8407 700.0000
2492 2501 0.7721 700.0000
2492 2503 0.8595 700.0000
2493 2495 0.5085 700.0000
2493 2496 0.4837 700.0000
2493 2497 0.4974 700.0000
2493 2498 0.4936 700.0000
2493 2499 0.6958 700.0000
2493 2501 0.6270 700.0000
2493 2502 0.8767 700.0000
2493 2503 0.6610 700.0000
2494 2497 0.8148 700.0000
2495 2497 0.6644 700.0000
2495 2498 0.8202 700.0000
2496 2498 0.5055 700.0000
2496 2499 0.8853 700.0000
2496 2501 0.8408 700.0000
2497 2499 0.6571 700.0000
2497 2501 0.8928 700.0000
2498 2500 0.6895 700.0000
2498 2501 0.6031 700.0000
2499 2501 0.5483 700.0000
2500 2502 0.8669 700.0000
2501 2503 0.5872 700.0000
2502 2504 0.7945 700.0000
2503 2505 0.6929 700.0000
2504 2506 0.8035 700.0000
2504 2507 0.6520 700.0000
2504 2508 0.7072 700.0000
2504 2509 0.5837 700.0000
2505 2507 0.5691 700.0000
2505 2508 0.8919 700.0000
2505 2538 0.7151 700.0000
2506 2508 0.6549 700.0000
2506 2534 0.6422 700.0000
2506 2537 0.8850 700.0000
2506 2538 0.7333 700.0000
2507 2509 0.5724 700.0000
2507 2531 0.6612 700.0000
2507 2534 0.5194 700.0000
2507 2535 0.6500 700.0000
2507 2538 0.7511 700.0000
2508 2510 0.7722 700.0000
2508 2520 0.7824 700.0000
2508 2527 0.7299 700.0000
2508 2530 0.7215 700.0000
2508 2531 0.7070 700.0000
2508 2534 0.6112 700.0000
2509 2511 0.6922 700.0000
2509 2520 0.8643 700.0000
2509 2527 0.7622 700.0000
2509 2531 0.7915 700.0000
2510 2512 0.5694 700.0000
2510 2516 0.7554 700.0000
2510 2517 0.7783 700.0000
2510 2520 0.5964 700.0000
2510 2521 0.4445 700.0000
2510 2522 0.5306 700.0000
2510 2524 0.7374 700.0000
2510 2527 0.5623 700.0000
2511 2513 0.8578 700.0000
2511 2519 0.8265 700.0000
2511 2520 0.5904 700.0000
2511 2521 0.7107 700.0000
2512 2514 0.5695 700.0000
2512 2515 0.6833 700.0000
2512 2516 0.6986 700.0000
2512 2519 0.6394 700.0000
2512 2520 0.7053 700.0000
2512 2521 0.4667 700.0000
2512 2522 0.6518 700.0000
2513 2521 0.8524 700.0000
2513 2522 0.7572 700.0000
2514 2516 0.7486 700.0000
2514 2519 0.8451 700.0000
2514 2521 0.6914 700.0000
2514 2522 0.7071 700.0000
2514 2523 0.8147 700.0000
2515 2517 0.6127 700.0000
2515 2518 0.6280 700.0000
2515 2519 0.4649 700.0000
2515 2520 0.8647 700.0000
2515 2521 0.5041 700.0000
2515 2522 0.7663 700.0000
2515 2523 0.6373 700.0000
2516 2518 0.5526 700.0000
2516 2519 0.5448 700.0000
2516 2520 0.7183 700.0000
2516 2521 0.3318 700.0000
2516 2522 0.6264 700.0000
2516 2523 0.5088 700.0000
2516 2524 0.6842 700.0000
2517 2519 0.6951 700.0000
2517 2520 0.6405 700.0000
2517 2521 0.5048 700.0000
2517 2522 0.7936 700.0000
2517 2523 0.6745 700.0000
2517 2524 0.5960 700.0000
2518 2520 0.7390 700.0000
2518 2521 0.7984 700.0000
2519 2521 0.6289 700.0000
2521 2523 0.5962 700.0000
2521 2524 0.6390 700.0000
2521 2527 0.8187 700.0000
2522 2524 0.5712 700.0000
2522 2525 0.8285 700.0000
2522 2527 0.7212 700.0000
2523 2525 0.6779 700.0000
2524 2526 0.4723 700.0000
2524 2527 0.5598 700.0000
2524 2528 0.7784 700.0000
2524 2530 0.7220 700.0000
2525 2527 0.7843 700.0000
2525 2528 0.7682 700.0000
2525 2529 0.8806 700.0000
2525 2530 0.8595 700.0000
2526 2528 0.6403 700.0000
2526 2529 0.5684 700.0000
2526 2530 0.4694 700.0000
2526 2531 0.8783 700.0000
2527 2529 0.8221 700.0000
2527 2530 0.5208 700.0000
2527 2531 0.5277 700.0000
2527 2532 0.8461 700.0000
2527 2534 0.8702 700.0000
2528 2530 0.7201 700.0000
2528 2531 0.5810 700.0000
2528 2532 0.6008 700.0000
2529 2531 0.7328 700.0000
2529 2532 0.5817 700.0000
2529 2533 0.5590 700.0000
2530 2532 0.8402 700.0000
2530 2533 0.6728 700.0000
2530 2534 0.6715 700.0000
2531 2533 0.6517 700.0000
2531 2534 0.4682 700.0000
2531 2535 0.5651 700.0000
2532 2534 0.7646 700.0000
2532 2535 0.6219 700.0000
2532 2536 0.7436 700.0000
2533 2535 0.7527 700.0000
2533 2536 0.6124 700.0000
2533 2537 0.7591 700.0000
2534 2536 0.8234 700.0000
2534 2537 0.6626 700.0000
2534 2538 0.7306 700.0000
2535 2537 0.6256 700.0000
2535 2538 0.5877 700.0000
2536 2538 0.7988 700.0000
