parp14 1 739 | parp14 1 1431 | 0.827 350.0
parp14 1 739 | parp14 1 1432 | 0.581 350.0
parp14 1 739 | parp14 1 1433 | 0.545 350.0
parp14 1 739 | parp14 1 1434 | 0.587 350.0
parp14 1 739 | parp14 1 1435 | 0.571 350.0
parp14 1 739 | parp14 1 1436 | 0.566 350.0
parp14 1 739 | parp14 1 1438 | 0.891 350.0
parp14 1 739 | parp14 1 1439 | 0.710 350.0
parp14 1 740 | parp14 1 1430 | 0.699 350.0
parp14 1 740 | parp14 1 1431 | 0.573 350.0
parp14 1 740 | parp14 1 1432 | 0.446 350.0
parp14 1 740 | parp14 1 1433 | 0.658 350.0
parp14 1 740 | parp14 1 1434 | 0.872 350.0
parp14 1 740 | parp14 1 1435 | 0.890 350.0
parp14 1 740 | parp14 1 1436 | 0.794 350.0
parp14 1 740 | parp14 1 1439 | 0.736 350.0
parp14 1 741 | parp14 1 1429 | 0.836 350.0
parp14 1 741 | parp14 1 1430 | 0.586 350.0
parp14 1 741 | parp14 1 1431 | 0.541 350.0
parp14 1 741 | parp14 1 1432 | 0.658 350.0
parp14 1 741 | parp14 1 1433 | 0.877 350.0
parp14 1 741 | parp14 1 1436 | 0.827 350.0
parp14 1 741 | parp14 1 1439 | 0.694 350.0
parp14 1 741 | parp14 1 1440 | 0.807 350.0
parp14 1 741 | parp14 1 1443 | 0.840 350.0
parp14 1 742 | parp14 1 1428 | 0.651 350.0
parp14 1 742 | parp14 1 1429 | 0.557 350.0
parp14 1 742 | parp14 1 1430 | 0.428 350.0
parp14 1 742 | parp14 1 1431 | 0.616 350.0
parp14 1 742 | parp14 1 1432 | 0.869 350.0
parp14 1 742 | parp14 1 1443 | 0.870 350.0
parp14 1 743 | parp14 1 1427 | 0.822 350.0
parp14 1 743 | parp14 1 1428 | 0.558 350.0
parp14 1 743 | parp14 1 1429 | 0.514 350.0
parp14 1 743 | parp14 1 1430 | 0.631 350.0
parp14 1 743 | parp14 1 1431 | 0.785 350.0
parp14 1 743 | parp14 1 1443 | 0.717 350.0
parp14 1 743 | parp14 1 1447 | 0.886 350.0
parp14 1 744 | parp14 1 1427 | 0.595 350.0
parp14 1 744 | parp14 1 1428 | 0.448 350.0
parp14 1 744 | parp14 1 1429 | 0.644 350.0
parp14 1 744 | parp14 1 1430 | 0.872 350.0
parp14 1 745 | parp14 1 1427 | 0.535 350.0
parp14 1 745 | parp14 1 1428 | 0.625 350.0
parp14 1 745 | parp14 1 1429 | 0.790 350.0
parp14 1 745 | parp14 1 1447 | 0.820 350.0
parp14 1 746 | parp14 1 1427 | 0.667 350.0
parp14 1 746 | parp14 1 1428 | 0.884 350.0
parp14 1 747 | parp14 1 1427 | 0.780 350.0
parp14 1 747 | parp14 1 1450 | 0.773 350.0
parp14 1 747 | parp14 1 1451 | 0.800 350.0
parp14 1 748 | parp14 1 1427 | 0.839 350.0
parp14 1 749 | parp14 1 1427 | 0.853 350.0
parp14 1 749 | parp14 1 1450 | 0.883 350.0
parp14 1 750 | parp14 1 1427 | 0.644 350.0
parp14 1 750 | parp14 1 1450 | 0.619 350.0
parp14 1 750 | parp14 1 1451 | 0.896 350.0
parp14 1 750 | parp14 1 1453 | 0.877 350.0
parp14 1 751 | parp14 1 1427 | 0.535 350.0
parp14 1 751 | parp14 1 1428 | 0.814 350.0
parp14 1 751 | parp14 1 1429 | 0.875 350.0
parp14 1 753 | parp14 1 1450 | 0.769 350.0
parp14 1 753 | parp14 1 1453 | 0.841 350.0
parp14 1 754 | parp14 1 1450 | 0.849 350.0
parp14 1 761 | parp14 1 1446 | 0.843 350.0
parp14 1 765 | parp14 1 1442 | 0.619 350.0
parp14 1 765 | parp14 1 1445 | 0.840 350.0
parp14 1 765 | parp14 1 1446 | 0.841 350.0
parp14 1 766 | parp14 1 1433 | 0.892 350.0
parp14 1 766 | parp14 1 1442 | 0.885 350.0
parp14 1 768 | parp14 1 1442 | 0.806 350.0
parp14 1 769 | parp14 1 1433 | 0.793 350.0
parp14 1 769 | parp14 1 1438 | 0.559 350.0
parp14 1 769 | parp14 1 1439 | 0.747 350.0
parp14 1 769 | parp14 1 1441 | 0.718 350.0
parp14 1 769 | parp14 1 1442 | 0.608 350.0
parp14 1 770 | parp14 1 1432 | 0.889 350.0
parp14 1 770 | parp14 1 1433 | 0.640 350.0
parp14 1 770 | parp14 1 1434 | 0.758 350.0
parp14 1 770 | parp14 1 1438 | 0.728 350.0
parp14 1 770 | parp14 1 1439 | 0.866 350.0
parp14 1 770 | parp14 1 1442 | 0.871 350.0
parp14 1 771 | parp14 1 1431 | 0.659 350.0
parp14 1 771 | parp14 1 1432 | 0.548 350.0
parp14 1 771 | parp14 1 1433 | 0.433 350.0
parp14 1 771 | parp14 1 1434 | 0.732 350.0
parp14 1 771 | parp14 1 1438 | 0.697 350.0
parp14 1 771 | parp14 1 1439 | 0.647 350.0
parp14 1 771 | parp14 1 1442 | 0.692 350.0
parp14 1 772 | parp14 1 1430 | 0.822 350.0
parp14 1 772 | parp14 1 1431 | 0.567 350.0
parp14 1 772 | parp14 1 1432 | 0.507 350.0
parp14 1 772 | parp14 1 1433 | 0.635 350.0
parp14 1 772 | parp14 1 1439 | 0.882 350.0
parp14 1 772 | parp14 1 1442 | 0.893 350.0
parp14 1 773 | parp14 1 1429 | 0.687 350.0
parp14 1 773 | parp14 1 1430 | 0.572 350.0
parp14 1 773 | parp14 1 1431 | 0.454 350.0
parp14 1 773 | parp14 1 1432 | 0.640 350.0
parp14 1 773 | parp14 1 1433 | 0.888 350.0
parp14 1 773 | parp14 1 1442 | 0.860 350.0
parp14 1 774 | parp14 1 1428 | 0.870 350.0
parp14 1 774 | parp14 1 1429 | 0.593 350.0
parp14 1 774 | parp14 1 1430 | 0.522 350.0
parp14 1 774 | parp14 1 1431 | 0.651 350.0
parp14 1 774 | parp14 1 1432 | 0.844 350.0
parp14 1 775 | parp14 1 1427 | 0.739 350.0
parp14 1 775 | parp14 1 1428 | 0.618 350.0
parp14 1 775 | parp14 1 1429 | 0.471 350.0
parp14 1 775 | parp14 1 1430 | 0.621 350.0
parp14 1 775 | parp14 1 1431 | 0.876 350.0
parp14 1 776 | parp14 1 1427 | 0.726 350.0
parp14 1 776 | parp14 1 1428 | 0.529 350.0
parp14 1 776 | parp14 1 1429 | 0.570 350.0
parp14 1 776 | parp14 1 1430 | 0.642 350.0
