parp14 1 739 | parp14 1 1431 | 0.836 350.0
parp14 1 739 | parp14 1 1432 | 0.586 350.0
parp14 1 739 | parp14 1 1433 | 0.559 350.0
parp14 1 739 | parp14 1 1434 | 0.589 350.0
parp14 1 739 | parp14 1 1435 | 0.607 350.0
parp14 1 739 | parp14 1 1436 | 0.605 350.0
parp14 1 739 | parp14 1 1439 | 0.762 350.0
parp14 1 740 | parp14 1 1430 | 0.683 350.0
parp14 1 740 | parp14 1 1431 | 0.582 350.0
parp14 1 740 | parp14 1 1432 | 0.452 350.0
parp14 1 740 | parp14 1 1433 | 0.665 350.0
parp14 1 740 | parp14 1 1434 | 0.870 350.0
parp14 1 740 | parp14 1 1436 | 0.804 350.0
parp14 1 740 | parp14 1 1439 | 0.763 350.0
parp14 1 741 | parp14 1 1429 | 0.822 350.0
parp14 1 741 | parp14 1 1430 | 0.578 350.0
parp14 1 741 | parp14 1 1431 | 0.545 350.0
parp14 1 741 | parp14 1 1432 | 0.655 350.0
parp14 1 741 | parp14 1 1433 | 0.869 350.0
parp14 1 741 | parp14 1 1436 | 0.811 350.0
parp14 1 741 | parp14 1 1439 | 0.697 350.0
parp14 1 741 | parp14 1 1440 | 0.815 350.0
parp14 1 741 | parp14 1 1443 | 0.878 350.0
parp14 1 742 | parp14 1 1428 | 0.628 350.0
parp14 1 742 | parp14 1 1429 | 0.550 350.0
parp14 1 742 | parp14 1 1430 | 0.432 350.0
parp14 1 742 | parp14 1 1431 | 0.625 350.0
parp14 1 742 | parp14 1 1432 | 0.869 350.0
parp14 1 742 | parp14 1 1443 | 0.892 350.0
parp14 1 743 | parp14 1 1427 | 0.805 350.0
parp14 1 743 | parp14 1 1428 | 0.545 350.0
parp14 1 743 | parp14 1 1429 | 0.520 350.0
parp14 1 743 | parp14 1 1430 | 0.646 350.0
parp14 1 743 | parp14 1 1431 | 0.798 350.0
parp14 1 743 | parp14 1 1443 | 0.730 350.0
parp14 1 744 | parp14 1 1427 | 0.577 350.0
parp14 1 744 | parp14 1 1428 | 0.446 350.0
parp14 1 744 | parp14 1 1429 | 0.650 350.0
parp14 1 744 | parp14 1 1430 | 0.890 350.0
parp14 1 745 | parp14 1 1427 | 0.531 350.0
parp14 1 745 | parp14 1 1428 | 0.636 350.0
parp14 1 745 | parp14 1 1429 | 0.788 350.0
parp14 1 745 | parp14 1 1447 | 0.790 350.0
parp14 1 746 | parp14 1 1427 | 0.664 350.0
parp14 1 746 | parp14 1 1428 | 0.883 350.0
parp14 1 747 | parp14 1 1427 | 0.772 350.0
parp14 1 747 | parp14 1 1450 | 0.785 350.0
parp14 1 747 | parp14 1 1451 | 0.800 350.0
parp14 1 748 | parp14 1 1427 | 0.824 350.0
parp14 1 749 | parp14 1 1427 | 0.835 350.0
parp14 1 749 | parp14 1 1450 | 0.859 350.0
parp14 1 750 | parp14 1 1427 | 0.621 350.0
parp14 1 750 | parp14 1 1447 | 0.897 350.0
parp14 1 750 | parp14 1 1450 | 0.608 350.0
parp14 1 750 | parp14 1 1451 | 0.879 350.0
parp14 1 751 | parp14 1 1427 | 0.522 350.0
parp14 1 751 | parp14 1 1428 | 0.807 350.0
parp14 1 751 | parp14 1 1429 | 0.861 350.0
parp14 1 752 | parp14 1 1427 | 0.897 350.0
parp14 1 753 | parp14 1 1450 | 0.736 350.0
parp14 1 753 | parp14 1 1453 | 0.837 350.0
parp14 1 754 | parp14 1 1446 | 0.896 350.0
parp14 1 754 | parp14 1 1450 | 0.836 350.0
parp14 1 761 | parp14 1 1446 | 0.828 350.0
parp14 1 765 | parp14 1 1442 | 0.621 350.0
parp14 1 765 | parp14 1 1445 | 0.856 350.0
parp14 1 765 | parp14 1 1446 | 0.856 350.0
parp14 1 766 | parp14 1 1442 | 0.890 350.0
parp14 1 768 | parp14 1 1442 | 0.817 350.0
parp14 1 769 | parp14 1 1433 | 0.809 350.0
parp14 1 769 | parp14 1 1438 | 0.563 350.0
parp14 1 769 | parp14 1 1439 | 0.754 350.0
parp14 1 769 | parp14 1 1441 | 0.727 350.0
parp14 1 769 | parp14 1 1442 | 0.619 350.0
parp14 1 770 | parp14 1 1432 | 0.896 350.0
parp14 1 770 | parp14 1 1433 | 0.651 350.0
parp14 1 770 | parp14 1 1434 | 0.775 350.0
parp14 1 770 | parp14 1 1438 | 0.725 350.0
parp14 1 770 | parp14 1 1439 | 0.868 350.0
parp14 1 770 | parp14 1 1442 | 0.881 350.0
parp14 1 771 | parp14 1 1431 | 0.658 350.0
parp14 1 771 | parp14 1 1432 | 0.555 350.0
parp14 1 771 | parp14 1 1433 | 0.442 350.0
parp14 1 771 | parp14 1 1434 | 0.740 350.0
parp14 1 771 | parp14 1 1438 | 0.688 350.0
parp14 1 771 | parp14 1 1439 | 0.643 350.0
parp14 1 771 | parp14 1 1442 | 0.700 350.0
parp14 1 772 | parp14 1 1430 | 0.820 350.0
parp14 1 772 | parp14 1 1431 | 0.568 350.0
parp14 1 772 | parp14 1 1432 | 0.511 350.0
parp14 1 772 | parp14 1 1433 | 0.638 350.0
parp14 1 772 | parp14 1 1439 | 0.872 350.0
parp14 1 772 | parp14 1 1442 | 0.891 350.0
parp14 1 773 | parp14 1 1429 | 0.681 350.0
parp14 1 773 | parp14 1 1430 | 0.578 350.0
parp14 1 773 | parp14 1 1431 | 0.454 350.0
parp14 1 773 | parp14 1 1432 | 0.642 350.0
parp14 1 773 | parp14 1 1433 | 0.885 350.0
parp14 1 773 | parp14 1 1442 | 0.840 350.0
parp14 1 773 | parp14 1 1443 | 0.891 350.0
parp14 1 774 | parp14 1 1428 | 0.871 350.0
parp14 1 774 | parp14 1 1429 | 0.595 350.0
parp14 1 774 | parp14 1 1430 | 0.523 350.0
parp14 1 774 | parp14 1 1431 | 0.643 350.0
parp14 1 774 | parp14 1 1432 | 0.830 350.0
parp14 1 775 | parp14 1 1427 | 0.720 350.0
parp14 1 775 | parp14 1 1428 | 0.617 350.0
parp14 1 775 | parp14 1 1429 | 0.469 350.0
parp14 1 775 | parp14 1 1430 | 0.613 350.0
parp14 1 775 | parp14 1 1431 | 0.861 350.0
parp14 1 776 | parp14 1 1427 | 0.717 350.0
parp14 1 776 | parp14 1 1428 | 0.515 350.0
parp14 1 776 | parp14 1 1429 | 0.549 350.0
parp14 1 776 | parp14 1 1430 | 0.603 350.0
parp9 1 60 | parp9 1 519 | 0.800 350.0
parp9 1 60 | parp9 1 520 | 0.567 350.0
parp9 1 60 | parp9 1 521 | 0.559 350.0
parp9 1 60 | parp9 1 522 | 0.643 350.0
parp9 1 60 | parp9 1 523 | 0.734 350.0
parp9 1 60 | parp9 1 524 | 0.689 350.0
parp9 1 60 | parp9 1 527 | 0.765 350.0
parp9 1 61 | parp9 1 518 | 0.678 350.0
parp9 1 61 | parp9 1 519 | 0.554 350.0
parp9 1 61 | parp9 1 520 | 0.446 350.0
parp9 1 61 | parp9 1 521 | 0.678 350.0
parp9 1 61 | parp9 1 527 | 0.853 350.0
parp9 1 62 | parp9 1 517 | 0.800 350.0
parp9 1 62 | parp9 1 518 | 0.576 350.0
parp9 1 62 | parp9 1 519 | 0.514 350.0
parp9 1 62 | parp9 1 520 | 0.653 350.0
parp9 1 62 | parp9 1 521 | 0.887 350.0
parp9 1 62 | parp9 1 527 | 0.814 350.0
parp9 1 63 | parp9 1 516 | 0.598 350.0
parp9 1 63 | parp9 1 517 | 0.563 350.0
parp9 1 63 | parp9 1 518 | 0.461 350.0
parp9 1 63 | parp9 1 519 | 0.630 350.0
parp9 1 63 | parp9 1 520 | 0.894 350.0
parp9 1 64 | parp9 1 516 | 0.529 350.0
parp9 1 64 | parp9 1 517 | 0.503 350.0
parp9 1 64 | parp9 1 518 | 0.640 350.0
parp9 1 64 | parp9 1 519 | 0.747 350.0
parp9 1 64 | parp9 1 531 | 0.797 350.0
parp9 1 65 | parp9 1 516 | 0.423 350.0
parp9 1 65 | parp9 1 517 | 0.645 350.0
parp9 1 65 | parp9 1 518 | 0.874 350.0
parp9 1 66 | parp9 1 516 | 0.520 350.0
parp9 1 66 | parp9 1 517 | 0.706 350.0
parp9 1 66 | parp9 1 538 | 0.855 350.0
parp9 1 67 | parp9 1 516 | 0.812 350.0
parp9 1 70 | parp9 1 538 | 0.717 350.0
parp9 1 71 | parp9 1 516 | 0.764 350.0
parp9 1 71 | parp9 1 517 | 0.858 350.0
parp9 1 85 | parp9 1 519 | 0.889 350.0
parp9 1 85 | parp9 1 530 | 0.655 350.0
parp9 1 85 | parp9 1 533 | 0.895 350.0
parp9 1 85 | parp9 1 534 | 0.885 350.0
parp9 1 88 | parp9 1 530 | 0.815 350.0
parp9 1 89 | parp9 1 521 | 0.833 350.0
parp9 1 89 | parp9 1 526 | 0.540 350.0
parp9 1 89 | parp9 1 527 | 0.749 350.0
parp9 1 89 | parp9 1 529 | 0.701 350.0
parp9 1 89 | parp9 1 530 | 0.590 350.0
parp9 1 90 | parp9 1 520 | 0.886 350.0
parp9 1 90 | parp9 1 521 | 0.662 350.0
parp9 1 90 | parp9 1 522 | 0.792 350.0
parp9 1 90 | parp9 1 523 | 0.873 350.0
parp9 1 90 | parp9 1 526 | 0.679 350.0
parp9 1 90 | parp9 1 527 | 0.862 350.0
parp9 1 90 | parp9 1 530 | 0.872 350.0
parp9 1 91 | parp9 1 519 | 0.653 350.0
parp9 1 91 | parp9 1 520 | 0.547 350.0
parp9 1 91 | parp9 1 521 | 0.458 350.0
parp9 1 91 | parp9 1 522 | 0.758 350.0
parp9 1 91 | parp9 1 523 | 0.877 350.0
parp9 1 91 | parp9 1 526 | 0.686 350.0
parp9 1 91 | parp9 1 527 | 0.679 350.0
parp9 1 91 | parp9 1 530 | 0.720 350.0
parp9 1 92 | parp9 1 518 | 0.812 350.0
parp9 1 92 | parp9 1 519 | 0.587 350.0
parp9 1 92 | parp9 1 520 | 0.500 350.0
parp9 1 92 | parp9 1 521 | 0.634 350.0
parp9 1 93 | parp9 1 517 | 0.661 350.0
parp9 1 93 | parp9 1 518 | 0.550 350.0
parp9 1 93 | parp9 1 519 | 0.458 350.0
parp9 1 93 | parp9 1 520 | 0.622 350.0
parp9 1 93 | parp9 1 521 | 0.879 350.0
parp9 1 94 | parp9 1 516 | 0.842 350.0
parp9 1 94 | parp9 1 517 | 0.571 350.0
parp9 1 94 | parp9 1 518 | 0.505 350.0
parp9 1 94 | parp9 1 519 | 0.668 350.0
parp9 1 94 | parp9 1 520 | 0.864 350.0
parp9 1 95 | parp9 1 516 | 0.612 350.0
parp9 1 95 | parp9 1 517 | 0.474 350.0
parp9 1 95 | parp9 1 518 | 0.625 350.0
parp9 1 95 | parp9 1 519 | 0.890 350.0
parp9 1 96 | parp9 1 516 | 0.511 350.0
parp9 1 96 | parp9 1 517 | 0.595 350.0
parp9 1 96 | parp9 1 518 | 0.679 350.0
