FOXP4 1 128 | FOXP1 1 197 | 0.8856 700.0
FOXP4 1 132 | FOXP1 1 197 | 0.7500 700.0
FOXP4 1 133 | FOXP1 1 131 | 0.8297 700.0
FOXP4 1 135 | FOXP1 1 193 | 0.8783 700.0
FOXP4 1 139 | FOXP1 1 190 | 0.8727 700.0
FOXP4 1 140 | FOXP1 1 138 | 0.8585 700.0
FOXP4 1 162 | FOXP1 1 163 | 0.8680 700.0
FOXP4 1 164 | FOXP1 1 167 | 0.8006 700.0
FOXP4 1 165 | FOXP1 1 165 | 0.7037 700.0
FOXP4 1 165 | FOXP1 1 166 | 0.8926 700.0
FOXP4 1 165 | FOXP1 1 167 | 0.7115 700.0
FOXP4 1 166 | FOXP1 1 164 | 0.8897 700.0
FOXP4 1 166 | FOXP1 1 165 | 0.5631 700.0
FOXP4 1 166 | FOXP1 1 166 | 0.6531 700.0
FOXP4 1 166 | FOXP1 1 167 | 0.5657 700.0
FOXP4 1 166 | FOXP1 1 168 | 0.8776 700.0
FOXP4 1 167 | FOXP1 1 165 | 0.6235 700.0
FOXP4 1 167 | FOXP1 1 166 | 0.4715 700.0
FOXP4 1 167 | FOXP1 1 167 | 0.4366 700.0
FOXP4 1 167 | FOXP1 1 168 | 0.6469 700.0
FOXP4 1 168 | FOXP1 1 165 | 0.7568 700.0
FOXP4 1 168 | FOXP1 1 166 | 0.4125 700.0
FOXP4 1 168 | FOXP1 1 167 | 0.4009 700.0
FOXP4 1 168 | FOXP1 1 168 | 0.4029 700.0
FOXP4 1 168 | FOXP1 1 169 | 0.6839 700.0
FOXP4 1 169 | FOXP1 1 165 | 0.8957 700.0
FOXP4 1 169 | FOXP1 1 166 | 0.5134 700.0
FOXP4 1 169 | FOXP1 1 167 | 0.6519 700.0
FOXP4 1 169 | FOXP1 1 168 | 0.5887 700.0
FOXP4 1 169 | FOXP1 1 169 | 0.6176 700.0
FOXP4 1 170 | FOXP1 1 166 | 0.7913 700.0
FOXP4 1 170 | FOXP1 1 167 | 0.8228 700.0
FOXP4 1 170 | FOXP1 1 168 | 0.6405 700.0
FOXP4 1 170 | FOXP1 1 169 | 0.4294 700.0
FOXP4 1 170 | FOXP1 1 170 | 0.7700 700.0
FOXP4 1 171 | FOXP1 1 166 | 0.8485 700.0
FOXP4 1 171 | FOXP1 1 167 | 0.8197 700.0
FOXP4 1 171 | FOXP1 1 168 | 0.7055 700.0
FOXP4 1 171 | FOXP1 1 169 | 0.4173 700.0
FOXP4 1 171 | FOXP1 1 170 | 0.7214 700.0
FOXP4 1 171 | FOXP1 1 172 | 0.8472 700.0
FOXP4 1 172 | FOXP1 1 169 | 0.7831 700.0
FOXP4 1 174 | FOXP1 1 172 | 0.8349 700.0
FOXP4 1 175 | FOXP1 1 157 | 0.8802 700.0
FOXP4 1 182 | FOXP1 1 146 | 0.8885 700.0
FOXP4 1 300 | FOXP1 1 362 | 0.8948 700.0
FOXP4 1 300 | FOXP1 1 365 | 0.7815 700.0
FOXP4 1 301 | FOXP1 1 358 | 0.8188 700.0
FOXP4 1 301 | FOXP1 1 361 | 0.6373 700.0
FOXP4 1 301 | FOXP1 1 362 | 0.5492 700.0
FOXP4 1 301 | FOXP1 1 363 | 0.8862 700.0
FOXP4 1 301 | FOXP1 1 364 | 0.8645 700.0
FOXP4 1 301 | FOXP1 1 365 | 0.6253 700.0
FOXP4 1 301 | FOXP1 1 366 | 0.8772 700.0
FOXP4 1 302 | FOXP1 1 361 | 0.8679 700.0
FOXP4 1 302 | FOXP1 1 362 | 0.6122 700.0
FOXP4 1 302 | FOXP1 1 365 | 0.6550 700.0
FOXP4 1 302 | FOXP1 1 366 | 0.7511 700.0
FOXP4 1 309 | FOXP1 1 362 | 0.7840 700.0
FOXP4 1 310 | FOXP1 1 362 | 0.7631 700.0
FOXP4 1 310 | FOXP1 1 366 | 0.7497 700.0
FOXP4 1 311 | FOXP1 1 362 | 0.8484 700.0
FOXP4 1 327 | FOXP1 1 369 | 0.8276 700.0
FOXP4 1 328 | FOXP1 1 369 | 0.8413 700.0
FOXP4 1 331 | FOXP1 1 366 | 0.8894 700.0
FOXP4 1 331 | FOXP1 1 369 | 0.8298 700.0
FOXP4 1 331 | FOXP1 1 370 | 0.7960 700.0
FOXP4 1 332 | FOXP1 1 369 | 0.8056 700.0
FOXP4 1 332 | FOXP1 1 370 | 0.6675 700.0
FOXP4 1 333 | FOXP1 1 369 | 0.8215 700.0
FOXP4 1 333 | FOXP1 1 370 | 0.5198 700.0
FOXP4 1 333 | FOXP1 1 371 | 0.7956 700.0
FOXP4 1 333 | FOXP1 1 372 | 0.8567 700.0
FOXP4 1 334 | FOXP1 1 370 | 0.8702 700.0
FOXP4 1 337 | FOXP1 1 366 | 0.8745 700.0
FOXP4 1 337 | FOXP1 1 370 | 0.7871 700.0
FOXP4 1 338 | FOXP1 1 367 | 0.8914 700.0
FOXP4 1 338 | FOXP1 1 370 | 0.7668 700.0
FOXP4 1 338 | FOXP1 1 372 | 0.8597 700.0
FOXP4 1 341 | FOXP1 1 363 | 0.6909 700.0
FOXP4 1 341 | FOXP1 1 366 | 0.6721 700.0
FOXP4 1 341 | FOXP1 1 367 | 0.7256 700.0
FOXP4 1 341 | FOXP1 1 370 | 0.8860 700.0
FOXP4 1 344 | FOXP1 1 359 | 0.7719 700.0
FOXP4 1 344 | FOXP1 1 360 | 0.8419 700.0
FOXP4 1 344 | FOXP1 1 362 | 0.8276 700.0
FOXP4 1 344 | FOXP1 1 363 | 0.6149 700.0
FOXP4 1 344 | FOXP1 1 366 | 0.8909 700.0
FOXP4 1 345 | FOXP1 1 359 | 0.8961 700.0
FOXP4 1 345 | FOXP1 1 360 | 0.8207 700.0
FOXP4 1 345 | FOXP1 1 363 | 0.6784 700.0
FOXP4 1 347 | FOXP1 1 356 | 0.8867 700.0
FOXP4 1 347 | FOXP1 1 359 | 0.7831 700.0
FOXP4 1 347 | FOXP1 1 360 | 0.8946 700.0
FOXP4 1 348 | FOXP1 1 356 | 0.6379 700.0
FOXP4 1 348 | FOXP1 1 357 | 0.8824 700.0
FOXP4 1 348 | FOXP1 1 359 | 0.6336 700.0
FOXP4 1 348 | FOXP1 1 360 | 0.6088 700.0
FOXP4 1 348 | FOXP1 1 363 | 0.7970 700.0
FOXP4 1 351 | FOXP1 1 352 | 0.7078 700.0
FOXP4 1 351 | FOXP1 1 353 | 0.8481 700.0
FOXP4 1 351 | FOXP1 1 355 | 0.8018 700.0
FOXP4 1 351 | FOXP1 1 356 | 0.6069 700.0
FOXP4 1 351 | FOXP1 1 359 | 0.8967 700.0
FOXP4 1 352 | FOXP1 1 352 | 0.8508 700.0
FOXP4 1 352 | FOXP1 1 353 | 0.8537 700.0
FOXP4 1 352 | FOXP1 1 356 | 0.6968 700.0
FOXP4 1 354 | FOXP1 1 352 | 0.8013 700.0
FOXP4 1 355 | FOXP1 1 348 | 0.8783 700.0
FOXP4 1 355 | FOXP1 1 349 | 0.6336 700.0
FOXP4 1 355 | FOXP1 1 350 | 0.8982 700.0
FOXP4 1 355 | FOXP1 1 352 | 0.6129 700.0
FOXP4 1 355 | FOXP1 1 353 | 0.6995 700.0
FOXP4 1 355 | FOXP1 1 356 | 0.8303 700.0
FOXP4 1 356 | FOXP1 1 349 | 0.8857 700.0
FOXP4 1 357 | FOXP1 1 302 | 0.8299 700.0
FOXP4 1 358 | FOXP1 1 345 | 0.7605 700.0
FOXP4 1 358 | FOXP1 1 346 | 0.8825 700.0
FOXP4 1 358 | FOXP1 1 348 | 0.7804 700.0
FOXP4 1 358 | FOXP1 1 349 | 0.6321 700.0
FOXP4 1 358 | FOXP1 1 352 | 0.8967 700.0
FOXP4 1 359 | FOXP1 1 345 | 0.8559 700.0
FOXP4 1 359 | FOXP1 1 346 | 0.8305 700.0
FOXP4 1 359 | FOXP1 1 349 | 0.6343 700.0
FOXP4 1 360 | FOXP1 1 302 | 0.6450 700.0
FOXP4 1 360 | FOXP1 1 303 | 0.8671 700.0
FOXP4 1 361 | FOXP1 1 302 | 0.5637 700.0
FOXP4 1 361 | FOXP1 1 303 | 0.6155 700.0
FOXP4 1 361 | FOXP1 1 310 | 0.8016 700.0
FOXP4 1 361 | FOXP1 1 311 | 0.7772 700.0
FOXP4 1 361 | FOXP1 1 312 | 0.8722 700.0
FOXP4 1 361 | FOXP1 1 345 | 0.8315 700.0
FOXP4 1 362 | FOXP1 1 342 | 0.6862 700.0
FOXP4 1 362 | FOXP1 1 345 | 0.6261 700.0
FOXP4 1 362 | FOXP1 1 346 | 0.6794 700.0
FOXP4 1 362 | FOXP1 1 349 | 0.8123 700.0
FOXP4 1 363 | FOXP1 1 302 | 0.8788 700.0
FOXP4 1 364 | FOXP1 1 301 | 0.7904 700.0
FOXP4 1 364 | FOXP1 1 302 | 0.6288 700.0
FOXP4 1 364 | FOXP1 1 303 | 0.6607 700.0
FOXP4 1 365 | FOXP1 1 302 | 0.8849 700.0
FOXP4 1 365 | FOXP1 1 303 | 0.7593 700.0
FOXP4 1 365 | FOXP1 1 311 | 0.7618 700.0
FOXP4 1 365 | FOXP1 1 338 | 0.8784 700.0
FOXP4 1 365 | FOXP1 1 342 | 0.6706 700.0
FOXP4 1 366 | FOXP1 1 339 | 0.8837 700.0
FOXP4 1 366 | FOXP1 1 342 | 0.7178 700.0
FOXP4 1 368 | FOXP1 1 328 | 0.8143 700.0
FOXP4 1 368 | FOXP1 1 329 | 0.8284 700.0
FOXP4 1 368 | FOXP1 1 332 | 0.8471 700.0
FOXP4 1 368 | FOXP1 1 333 | 0.8109 700.0
FOXP4 1 368 | FOXP1 1 334 | 0.8219 700.0
FOXP4 1 369 | FOXP1 1 332 | 0.7958 700.0
FOXP4 1 369 | FOXP1 1 333 | 0.6581 700.0
FOXP4 1 369 | FOXP1 1 334 | 0.5080 700.0
FOXP4 1 369 | FOXP1 1 335 | 0.8585 700.0
FOXP4 1 369 | FOXP1 1 338 | 0.7845 700.0
FOXP4 1 369 | FOXP1 1 339 | 0.7723 700.0
FOXP4 1 369 | FOXP1 1 342 | 0.8863 700.0
FOXP4 1 370 | FOXP1 1 334 | 0.7735 700.0
FOXP4 1 371 | FOXP1 1 334 | 0.7985 700.0
FOXP4 1 371 | FOXP1 1 339 | 0.8203 700.0
