FOXP4 1 124 | FOX 1 202 | 0.8251 0.0
FOXP4 1 125 | FOX 1 202 | 0.6474 0.0
FOXP4 1 125 | FOX 1 203 | 0.7775 0.0
FOXP4 1 125 | FOX 1 204 | 0.8035 0.0
FOXP4 1 126 | FOX 1 202 | 0.8743 0.0
FOXP4 1 127 | FOX 1 202 | 0.8246 0.0
FOXP4 1 128 | FOX 1 197 | 0.8856 0.0
FOXP4 1 128 | FOX 1 200 | 0.8806 0.0
FOXP4 1 128 | FOX 1 201 | 0.8055 0.0
FOXP4 1 128 | FOX 1 202 | 0.5210 0.0
FOXP4 1 128 | FOX 1 203 | 0.8071 0.0
FOXP4 1 129 | FOX 1 202 | 0.7643 0.0
FOXP4 1 132 | FOX 1 197 | 0.7500 0.0
FOXP4 1 133 | FOX 1 131 | 0.8297 0.0
FOXP4 1 135 | FOX 1 193 | 0.8783 0.0
FOXP4 1 139 | FOX 1 190 | 0.8727 0.0
FOXP4 1 140 | FOX 1 138 | 0.8585 0.0
FOXP4 1 162 | FOX 1 163 | 0.8680 0.0
FOXP4 1 164 | FOX 1 167 | 0.8006 0.0
FOXP4 1 165 | FOX 1 165 | 0.7037 0.0
FOXP4 1 165 | FOX 1 166 | 0.8926 0.0
FOXP4 1 165 | FOX 1 167 | 0.7115 0.0
FOXP4 1 166 | FOX 1 164 | 0.8897 0.0
FOXP4 1 166 | FOX 1 165 | 0.5631 0.0
FOXP4 1 166 | FOX 1 166 | 0.6531 0.0
FOXP4 1 166 | FOX 1 167 | 0.5657 0.0
FOXP4 1 166 | FOX 1 168 | 0.8776 0.0
FOXP4 1 167 | FOX 1 165 | 0.6235 0.0
FOXP4 1 167 | FOX 1 166 | 0.4715 0.0
FOXP4 1 167 | FOX 1 167 | 0.4366 0.0
FOXP4 1 167 | FOX 1 168 | 0.6469 0.0
FOXP4 1 168 | FOX 1 165 | 0.7568 0.0
FOXP4 1 168 | FOX 1 166 | 0.4125 0.0
FOXP4 1 168 | FOX 1 167 | 0.4009 0.0
FOXP4 1 168 | FOX 1 168 | 0.4029 0.0
FOXP4 1 168 | FOX 1 169 | 0.6839 0.0
FOXP4 1 169 | FOX 1 165 | 0.8957 0.0
FOXP4 1 169 | FOX 1 166 | 0.5134 0.0
FOXP4 1 169 | FOX 1 167 | 0.6519 0.0
FOXP4 1 169 | FOX 1 168 | 0.5887 0.0
FOXP4 1 169 | FOX 1 169 | 0.6176 0.0
FOXP4 1 170 | FOX 1 166 | 0.7913 0.0
FOXP4 1 170 | FOX 1 167 | 0.8228 0.0
FOXP4 1 170 | FOX 1 168 | 0.6405 0.0
FOXP4 1 170 | FOX 1 169 | 0.4294 0.0
FOXP4 1 170 | FOX 1 170 | 0.7700 0.0
FOXP4 1 171 | FOX 1 166 | 0.8485 0.0
FOXP4 1 171 | FOX 1 167 | 0.8197 0.0
FOXP4 1 171 | FOX 1 168 | 0.7055 0.0
FOXP4 1 171 | FOX 1 169 | 0.4173 0.0
FOXP4 1 171 | FOX 1 170 | 0.7214 0.0
FOXP4 1 171 | FOX 1 172 | 0.8472 0.0
FOXP4 1 172 | FOX 1 169 | 0.7831 0.0
FOXP4 1 174 | FOX 1 172 | 0.8349 0.0
FOXP4 1 175 | FOX 1 157 | 0.8802 0.0
FOXP4 1 182 | FOX 1 146 | 0.8885 0.0
FOXP4 1 300 | FOX 1 362 | 0.8948 0.0
FOXP4 1 300 | FOX 1 365 | 0.7815 0.0
FOXP4 1 301 | FOX 1 358 | 0.8188 0.0
FOXP4 1 301 | FOX 1 361 | 0.6373 0.0
FOXP4 1 301 | FOX 1 362 | 0.5492 0.0
FOXP4 1 301 | FOX 1 363 | 0.8862 0.0
FOXP4 1 301 | FOX 1 364 | 0.8645 0.0
FOXP4 1 301 | FOX 1 365 | 0.6253 0.0
FOXP4 1 301 | FOX 1 366 | 0.8772 0.0
FOXP4 1 302 | FOX 1 361 | 0.8679 0.0
FOXP4 1 302 | FOX 1 362 | 0.6122 0.0
FOXP4 1 302 | FOX 1 365 | 0.6550 0.0
FOXP4 1 302 | FOX 1 366 | 0.7511 0.0
FOXP4 1 307 | FOX 1 463 | 0.8171 0.0
FOXP4 1 308 | FOX 1 460 | 0.8898 0.0
FOXP4 1 308 | FOX 1 463 | 0.8301 0.0
FOXP4 1 308 | FOX 1 464 | 0.8667 0.0
FOXP4 1 309 | FOX 1 362 | 0.7840 0.0
FOXP4 1 309 | FOX 1 463 | 0.8470 0.0
FOXP4 1 309 | FOX 1 464 | 0.7117 0.0
FOXP4 1 310 | FOX 1 362 | 0.7631 0.0
FOXP4 1 310 | FOX 1 366 | 0.7497 0.0
FOXP4 1 310 | FOX 1 460 | 0.7656 0.0
FOXP4 1 310 | FOX 1 464 | 0.7591 0.0
FOXP4 1 311 | FOX 1 362 | 0.8484 0.0
FOXP4 1 311 | FOX 1 460 | 0.6967 0.0
FOXP4 1 311 | FOX 1 461 | 0.8396 0.0
FOXP4 1 311 | FOX 1 463 | 0.8918 0.0
FOXP4 1 311 | FOX 1 464 | 0.6017 0.0
FOXP4 1 311 | FOX 1 465 | 0.7979 0.0
FOXP4 1 311 | FOX 1 466 | 0.6972 0.0
FOXP4 1 312 | FOX 1 457 | 0.7302 0.0
FOXP4 1 312 | FOX 1 458 | 0.8298 0.0
FOXP4 1 312 | FOX 1 459 | 0.7262 0.0
FOXP4 1 312 | FOX 1 460 | 0.3624 0.0
FOXP4 1 312 | FOX 1 461 | 0.4585 0.0
FOXP4 1 312 | FOX 1 462 | 0.7222 0.0
FOXP4 1 312 | FOX 1 463 | 0.6375 0.0
FOXP4 1 312 | FOX 1 464 | 0.4231 0.0
FOXP4 1 312 | FOX 1 465 | 0.6828 0.0
FOXP4 1 312 | FOX 1 466 | 0.6040 0.0
FOXP4 1 312 | FOX 1 467 | 0.8607 0.0
FOXP4 1 312 | FOX 1 468 | 0.8382 0.0
FOXP4 1 312 | FOX 1 501 | 0.8672 0.0
FOXP4 1 312 | FOX 1 502 | 0.8517 0.0
FOXP4 1 313 | FOX 1 457 | 0.7218 0.0
FOXP4 1 313 | FOX 1 458 | 0.7727 0.0
FOXP4 1 313 | FOX 1 459 | 0.5112 0.0
FOXP4 1 313 | FOX 1 460 | 0.2723 0.0
FOXP4 1 313 | FOX 1 461 | 0.6143 0.0
FOXP4 1 313 | FOX 1 462 | 0.7076 0.0
FOXP4 1 313 | FOX 1 463 | 0.5675 0.0
FOXP4 1 313 | FOX 1 464 | 0.5745 0.0
FOXP4 1 314 | FOX 1 459 | 0.6575 0.0
FOXP4 1 314 | FOX 1 460 | 0.5570 0.0
FOXP4 1 314 | FOX 1 461 | 0.7632 0.0
FOXP4 1 314 | FOX 1 462 | 0.6693 0.0
FOXP4 1 314 | FOX 1 463 | 0.3535 0.0
FOXP4 1 314 | FOX 1 464 | 0.5059 0.0
FOXP4 1 314 | FOX 1 465 | 0.8568 0.0
FOXP4 1 314 | FOX 1 502 | 0.8700 0.0
FOXP4 1 315 | FOX 1 459 | 0.6155 0.0
FOXP4 1 315 | FOX 1 460 | 0.6942 0.0
FOXP4 1 315 | FOX 1 462 | 0.8235 0.0
FOXP4 1 315 | FOX 1 463 | 0.6268 0.0
FOXP4 1 315 | FOX 1 464 | 0.8676 0.0
FOXP4 1 316 | FOX 1 463 | 0.8365 0.0
FOXP4 1 327 | FOX 1 369 | 0.8276 0.0
FOXP4 1 328 | FOX 1 369 | 0.8413 0.0
FOXP4 1 331 | FOX 1 366 | 0.8894 0.0
FOXP4 1 331 | FOX 1 369 | 0.8298 0.0
FOXP4 1 331 | FOX 1 370 | 0.7960 0.0
FOXP4 1 332 | FOX 1 369 | 0.8056 0.0
FOXP4 1 332 | FOX 1 370 | 0.6675 0.0
FOXP4 1 333 | FOX 1 369 | 0.8215 0.0
FOXP4 1 333 | FOX 1 370 | 0.5198 0.0
FOXP4 1 333 | FOX 1 371 | 0.7956 0.0
FOXP4 1 333 | FOX 1 372 | 0.8567 0.0
FOXP4 1 334 | FOX 1 370 | 0.8702 0.0
FOXP4 1 336 | FOX 1 457 | 0.8811 0.0
FOXP4 1 337 | FOX 1 366 | 0.8745 0.0
FOXP4 1 337 | FOX 1 370 | 0.7871 0.0
FOXP4 1 338 | FOX 1 367 | 0.8914 0.0
FOXP4 1 338 | FOX 1 370 | 0.7668 0.0
FOXP4 1 338 | FOX 1 372 | 0.8597 0.0
FOXP4 1 341 | FOX 1 363 | 0.6909 0.0
FOXP4 1 341 | FOX 1 366 | 0.6721 0.0
FOXP4 1 341 | FOX 1 367 | 0.7256 0.0
FOXP4 1 341 | FOX 1 370 | 0.8860 0.0
FOXP4 1 344 | FOX 1 359 | 0.7719 0.0
FOXP4 1 344 | FOX 1 360 | 0.8419 0.0
FOXP4 1 344 | FOX 1 362 | 0.8276 0.0
FOXP4 1 344 | FOX 1 363 | 0.6149 0.0
FOXP4 1 344 | FOX 1 366 | 0.8909 0.0
FOXP4 1 345 | FOX 1 359 | 0.8961 0.0
FOXP4 1 345 | FOX 1 360 | 0.8207 0.0
FOXP4 1 345 | FOX 1 363 | 0.6784 0.0
FOXP4 1 347 | FOX 1 356 | 0.8867 0.0
FOXP4 1 347 | FOX 1 359 | 0.7831 0.0
FOXP4 1 347 | FOX 1 360 | 0.8946 0.0
FOXP4 1 348 | FOX 1 356 | 0.6379 0.0
FOXP4 1 348 | FOX 1 357 | 0.8824 0.0
FOXP4 1 348 | FOX 1 359 | 0.6336 0.0
FOXP4 1 348 | FOX 1 360 | 0.6088 0.0
FOXP4 1 348 | FOX 1 363 | 0.7970 0.0
FOXP4 1 351 | FOX 1 352 | 0.7078 0.0
FOXP4 1 351 | FOX 1 353 | 0.8481 0.0
FOXP4 1 351 | FOX 1 355 | 0.8018 0.0
FOXP4 1 351 | FOX 1 356 | 0.6069 0.0
FOXP4 1 351 | FOX 1 359 | 0.8967 0.0
FOXP4 1 352 | FOX 1 352 | 0.8508 0.0
FOXP4 1 352 | FOX 1 353 | 0.8537 0.0
FOXP4 1 352 | FOX 1 356 | 0.6968 0.0
FOXP4 1 354 | FOX 1 352 | 0.8013 0.0
FOXP4 1 355 | FOX 1 348 | 0.8783 0.0
FOXP4 1 355 | FOX 1 349 | 0.6336 0.0
FOXP4 1 355 | FOX 1 350 | 0.8982 0.0
FOXP4 1 355 | FOX 1 352 | 0.6129 0.0
FOXP4 1 355 | FOX 1 353 | 0.6995 0.0
FOXP4 1 355 | FOX 1 356 | 0.8303 0.0
FOXP4 1 356 | FOX 1 349 | 0.8857 0.0
FOXP4 1 358 | FOX 1 345 | 0.7605 0.0
FOXP4 1 358 | FOX 1 346 | 0.8825 0.0
FOXP4 1 358 | FOX 1 348 | 0.7804 0.0
FOXP4 1 358 | FOX 1 349 | 0.6321 0.0
FOXP4 1 358 | FOX 1 352 | 0.8967 0.0
FOXP4 1 359 | FOX 1 345 | 0.8559 0.0
FOXP4 1 359 | FOX 1 346 | 0.8305 0.0
FOXP4 1 359 | FOX 1 349 | 0.6343 0.0
FOXP4 1 361 | FOX 1 345 | 0.8315 0.0
FOXP4 1 362 | FOX 1 342 | 0.6862 0.0
FOXP4 1 362 | FOX 1 345 | 0.6261 0.0
FOXP4 1 362 | FOX 1 346 | 0.6794 0.0
FOXP4 1 362 | FOX 1 349 | 0.8123 0.0
FOXP4 1 365 | FOX 1 338 | 0.8784 0.0
FOXP4 1 365 | FOX 1 342 | 0.6706 0.0
FOXP4 1 366 | FOX 1 339 | 0.8837 0.0
FOXP4 1 366 | FOX 1 342 | 0.7178 0.0
FOXP4 1 368 | FOX 1 328 | 0.8143 0.0
FOXP4 1 368 | FOX 1 329 | 0.8284 0.0
FOXP4 1 368 | FOX 1 332 | 0.8471 0.0
FOXP4 1 368 | FOX 1 333 | 0.8109 0.0
FOXP4 1 368 | FOX 1 334 | 0.8219 0.0
FOXP4 1 369 | FOX 1 332 | 0.7958 0.0
FOXP4 1 369 | FOX 1 333 | 0.6581 0.0
FOXP4 1 369 | FOX 1 334 | 0.5080 0.0
FOXP4 1 369 | FOX 1 335 | 0.8585 0.0
FOXP4 1 369 | FOX 1 338 | 0.7845 0.0
FOXP4 1 369 | FOX 1 339 | 0.7723 0.0
FOXP4 1 369 | FOX 1 342 | 0.8863 0.0
FOXP4 1 370 | FOX 1 334 | 0.7735 0.0
FOXP4 1 371 | FOX 1 334 | 0.7985 0.0
FOXP4 1 371 | FOX 1 339 | 0.8203 0.0
FOXP4 1 505 | FOX 1 514 | 0.8776 0.0
FOXP4 1 507 | FOX 1 513 | 0.7926 0.0
FOXP4 1 507 | FOX 1 514 | 0.6773 0.0
FOXP4 1 507 | FOX 1 516 | 0.8683 0.0
FOXP4 1 507 | FOX 1 517 | 0.5361 0.0
FOXP4 1 507 | FOX 1 518 | 0.7636 0.0
FOXP4 1 507 | FOX 1 521 | 0.7988 0.0
FOXP4 1 508 | FOX 1 510 | 0.6875 0.0
FOXP4 1 508 | FOX 1 511 | 0.7788 0.0
FOXP4 1 508 | FOX 1 512 | 0.8438 0.0
FOXP4 1 508 | FOX 1 513 | 0.5117 0.0
FOXP4 1 508 | FOX 1 514 | 0.4600 0.0
FOXP4 1 508 | FOX 1 515 | 0.8061 0.0
FOXP4 1 508 | FOX 1 516 | 0.8057 0.0
FOXP4 1 508 | FOX 1 517 | 0.6107 0.0
FOXP4 1 508 | FOX 1 518 | 0.8556 0.0
FOXP4 1 509 | FOX 1 510 | 0.7773 0.0
FOXP4 1 509 | FOX 1 513 | 0.7035 0.0
FOXP4 1 509 | FOX 1 514 | 0.8007 0.0
FOXP4 1 510 | FOX 1 513 | 0.8258 0.0
FOXP4 1 510 | FOX 1 517 | 0.8320 0.0
FOXP4 1 511 | FOX 1 513 | 0.5478 0.0
FOXP4 1 511 | FOX 1 514 | 0.7505 0.0
FOXP4 1 511 | FOX 1 516 | 0.6951 0.0
FOXP4 1 511 | FOX 1 517 | 0.6140 0.0
FOXP4 1 512 | FOX 1 509 | 0.7289 0.0
FOXP4 1 512 | FOX 1 510 | 0.7504 0.0
FOXP4 1 512 | FOX 1 512 | 0.8430 0.0
FOXP4 1 512 | FOX 1 513 | 0.5443 0.0
FOXP4 1 512 | FOX 1 514 | 0.8489 0.0
FOXP4 1 515 | FOX 1 513 | 0.8188 0.0
FOX 1 484 | chain_C 1 235 | 0.8309 0.0
FOX 1 489 | chain_C 1 240 | 0.8903 0.0
FOX 1 491 | chain_C 1 240 | 0.8399 0.0
FOX 1 491 | chain_C 1 241 | 0.8818 0.0
FOX 1 491 | chain_C 1 284 | 0.8482 0.0
FOX 1 492 | chain_C 1 281 | 0.8796 0.0
FOX 1 494 | chain_C 1 284 | 0.8940 0.0
FOX 1 495 | chain_C 1 277 | 0.8339 0.0
FOX 1 495 | chain_C 1 278 | 0.7395 0.0
FOX 1 495 | chain_C 1 279 | 0.8742 0.0
FOX 1 495 | chain_C 1 280 | 0.6045 0.0
FOX 1 495 | chain_C 1 281 | 0.6203 0.0
FOX 1 495 | chain_C 1 283 | 0.8776 0.0
FOX 1 495 | chain_C 1 284 | 0.7331 0.0
FOX 1 496 | chain_C 1 277 | 0.8381 0.0
FOX 1 496 | chain_C 1 278 | 0.7185 0.0
FOX 1 496 | chain_C 1 280 | 0.8193 0.0
FOX 1 496 | chain_C 1 281 | 0.8951 0.0
FOX 1 498 | chain_C 1 278 | 0.8140 0.0
FOX 1 498 | chain_C 1 279 | 0.8566 0.0
FOX 1 498 | chain_C 1 280 | 0.6088 0.0
FOX 1 498 | chain_C 1 281 | 0.8790 0.0
FOX 1 499 | chain_C 1 277 | 0.7940 0.0
FOX 1 499 | chain_C 1 278 | 0.4723 0.0
FOX 1 499 | chain_C 1 279 | 0.6047 0.0
FOX 1 499 | chain_C 1 280 | 0.5269 0.0
FOX 1 499 | chain_C 1 281 | 0.7832 0.0
FOX 1 500 | chain_C 1 278 | 0.7324 0.0
FOX 1 505 | chain_C 1 280 | 0.8562 0.0
FOX 1 531 | chain_C 1 238 | 0.8388 0.0
FOX 1 532 | chain_C 1 238 | 0.5402 0.0
FOX 1 532 | chain_C 1 239 | 0.6213 0.0
FOX 1 532 | chain_C 1 240 | 0.7759 0.0
FOX 1 533 | chain_C 1 238 | 0.7976 0.0
FOX 1 533 | chain_C 1 239 | 0.8263 0.0
FOX 1 533 | chain_C 1 240 | 0.8148 0.0
