FOXP4 1 300 | FOXP1 1 362 | 0.8948 0.0
FOXP4 1 300 | FOXP1 1 365 | 0.7815 0.0
FOXP4 1 301 | FOXP1 1 358 | 0.8188 0.0
FOXP4 1 301 | FOXP1 1 361 | 0.6373 0.0
FOXP4 1 301 | FOXP1 1 362 | 0.5492 0.0
FOXP4 1 301 | FOXP1 1 363 | 0.8862 0.0
FOXP4 1 301 | FOXP1 1 364 | 0.8645 0.0
FOXP4 1 301 | FOXP1 1 365 | 0.6253 0.0
FOXP4 1 301 | FOXP1 1 366 | 0.8772 0.0
FOXP4 1 302 | FOXP1 1 361 | 0.8679 0.0
FOXP4 1 302 | FOXP1 1 362 | 0.6122 0.0
FOXP4 1 302 | FOXP1 1 365 | 0.6550 0.0
FOXP4 1 302 | FOXP1 1 366 | 0.7511 0.0
FOXP4 1 309 | FOXP1 1 362 | 0.7840 0.0
FOXP4 1 310 | FOXP1 1 362 | 0.7631 0.0
FOXP4 1 310 | FOXP1 1 366 | 0.7497 0.0
FOXP4 1 311 | FOXP1 1 362 | 0.8484 0.0
FOXP4 1 327 | FOXP1 1 369 | 0.8276 0.0
FOXP4 1 328 | FOXP1 1 369 | 0.8413 0.0
FOXP4 1 331 | FOXP1 1 366 | 0.8894 0.0
FOXP4 1 331 | FOXP1 1 369 | 0.8298 0.0
FOXP4 1 331 | FOXP1 1 370 | 0.7960 0.0
FOXP4 1 332 | FOXP1 1 369 | 0.8056 0.0
FOXP4 1 332 | FOXP1 1 370 | 0.6675 0.0
FOXP4 1 333 | FOXP1 1 369 | 0.8215 0.0
FOXP4 1 333 | FOXP1 1 370 | 0.5198 0.0
FOXP4 1 333 | FOXP1 1 371 | 0.7956 0.0
FOXP4 1 333 | FOXP1 1 372 | 0.8567 0.0
FOXP4 1 334 | FOXP1 1 370 | 0.8702 0.0
FOXP4 1 336 | FOXP1 1 457 | 0.8811 0.0
FOXP4 1 337 | FOXP1 1 366 | 0.8745 0.0
FOXP4 1 337 | FOXP1 1 370 | 0.7871 0.0
FOXP4 1 338 | FOXP1 1 367 | 0.8914 0.0
FOXP4 1 338 | FOXP1 1 370 | 0.7668 0.0
FOXP4 1 338 | FOXP1 1 372 | 0.8597 0.0
FOXP4 1 341 | FOXP1 1 363 | 0.6909 0.0
FOXP4 1 341 | FOXP1 1 366 | 0.6721 0.0
FOXP4 1 341 | FOXP1 1 367 | 0.7256 0.0
FOXP4 1 341 | FOXP1 1 370 | 0.8860 0.0
FOXP4 1 344 | FOXP1 1 359 | 0.7719 0.0
FOXP4 1 344 | FOXP1 1 360 | 0.8419 0.0
FOXP4 1 344 | FOXP1 1 362 | 0.8276 0.0
FOXP4 1 344 | FOXP1 1 363 | 0.6149 0.0
FOXP4 1 344 | FOXP1 1 366 | 0.8909 0.0
FOXP4 1 345 | FOXP1 1 359 | 0.8961 0.0
FOXP4 1 345 | FOXP1 1 360 | 0.8207 0.0
FOXP4 1 345 | FOXP1 1 363 | 0.6784 0.0
FOXP4 1 347 | FOXP1 1 356 | 0.8867 0.0
FOXP4 1 347 | FOXP1 1 359 | 0.7831 0.0
FOXP4 1 347 | FOXP1 1 360 | 0.8946 0.0
FOXP4 1 348 | FOXP1 1 356 | 0.6379 0.0
FOXP4 1 348 | FOXP1 1 357 | 0.8824 0.0
FOXP4 1 348 | FOXP1 1 359 | 0.6336 0.0
FOXP4 1 348 | FOXP1 1 360 | 0.6088 0.0
FOXP4 1 348 | FOXP1 1 363 | 0.7970 0.0
FOXP4 1 351 | FOXP1 1 352 | 0.7078 0.0
FOXP4 1 351 | FOXP1 1 353 | 0.8481 0.0
FOXP4 1 351 | FOXP1 1 355 | 0.8018 0.0
FOXP4 1 351 | FOXP1 1 356 | 0.6069 0.0
FOXP4 1 351 | FOXP1 1 359 | 0.8967 0.0
FOXP4 1 352 | FOXP1 1 352 | 0.8508 0.0
FOXP4 1 352 | FOXP1 1 353 | 0.8537 0.0
FOXP4 1 352 | FOXP1 1 356 | 0.6968 0.0
FOXP4 1 354 | FOXP1 1 352 | 0.8013 0.0
FOXP4 1 355 | FOXP1 1 348 | 0.8783 0.0
FOXP4 1 355 | FOXP1 1 349 | 0.6336 0.0
FOXP4 1 355 | FOXP1 1 350 | 0.8982 0.0
FOXP4 1 355 | FOXP1 1 352 | 0.6129 0.0
FOXP4 1 355 | FOXP1 1 353 | 0.6995 0.0
FOXP4 1 355 | FOXP1 1 356 | 0.8303 0.0
FOXP4 1 356 | FOXP1 1 349 | 0.8857 0.0
FOXP4 1 358 | FOXP1 1 345 | 0.7605 0.0
FOXP4 1 358 | FOXP1 1 346 | 0.8825 0.0
FOXP4 1 358 | FOXP1 1 348 | 0.7804 0.0
FOXP4 1 358 | FOXP1 1 349 | 0.6321 0.0
FOXP4 1 358 | FOXP1 1 352 | 0.8967 0.0
FOXP4 1 359 | FOXP1 1 345 | 0.8559 0.0
FOXP4 1 359 | FOXP1 1 346 | 0.8305 0.0
FOXP4 1 359 | FOXP1 1 349 | 0.6343 0.0
FOXP4 1 361 | FOXP1 1 345 | 0.8315 0.0
FOXP4 1 362 | FOXP1 1 342 | 0.6862 0.0
FOXP4 1 362 | FOXP1 1 345 | 0.6261 0.0
FOXP4 1 362 | FOXP1 1 346 | 0.6794 0.0
FOXP4 1 362 | FOXP1 1 349 | 0.8123 0.0
FOXP4 1 365 | FOXP1 1 338 | 0.8784 0.0
FOXP4 1 365 | FOXP1 1 342 | 0.6706 0.0
FOXP4 1 366 | FOXP1 1 339 | 0.8837 0.0
FOXP4 1 366 | FOXP1 1 342 | 0.7178 0.0
FOXP4 1 368 | FOXP1 1 328 | 0.8143 0.0
FOXP4 1 368 | FOXP1 1 329 | 0.8284 0.0
FOXP4 1 368 | FOXP1 1 332 | 0.8471 0.0
FOXP4 1 368 | FOXP1 1 333 | 0.8109 0.0
FOXP4 1 368 | FOXP1 1 334 | 0.8219 0.0
FOXP4 1 369 | FOXP1 1 332 | 0.7958 0.0
FOXP4 1 369 | FOXP1 1 333 | 0.6581 0.0
FOXP4 1 369 | FOXP1 1 334 | 0.5080 0.0
FOXP4 1 369 | FOXP1 1 335 | 0.8585 0.0
FOXP4 1 369 | FOXP1 1 338 | 0.7845 0.0
FOXP4 1 369 | FOXP1 1 339 | 0.7723 0.0
FOXP4 1 369 | FOXP1 1 342 | 0.8863 0.0
FOXP4 1 370 | FOXP1 1 334 | 0.7735 0.0
FOXP4 1 371 | FOXP1 1 334 | 0.7985 0.0
FOXP4 1 371 | FOXP1 1 339 | 0.8203 0.0
