parp9 1 60 | parp9 1 519 | 0.800 350.0
parp9 1 60 | parp9 1 520 | 0.563 350.0
parp9 1 60 | parp9 1 521 | 0.545 350.0
parp9 1 60 | parp9 1 522 | 0.635 350.0
parp9 1 60 | parp9 1 523 | 0.685 350.0
parp9 1 60 | parp9 1 524 | 0.698 350.0
parp9 1 60 | parp9 1 527 | 0.737 350.0
parp9 1 61 | parp9 1 518 | 0.705 350.0
parp9 1 61 | parp9 1 519 | 0.559 350.0
parp9 1 61 | parp9 1 520 | 0.452 350.0
parp9 1 61 | parp9 1 521 | 0.677 350.0
parp9 1 61 | parp9 1 527 | 0.830 350.0
parp9 1 62 | parp9 1 517 | 0.809 350.0
parp9 1 62 | parp9 1 518 | 0.575 350.0
parp9 1 62 | parp9 1 519 | 0.500 350.0
parp9 1 62 | parp9 1 520 | 0.644 350.0
parp9 1 62 | parp9 1 521 | 0.871 350.0
parp9 1 62 | parp9 1 527 | 0.780 350.0
parp9 1 62 | parp9 1 531 | 0.880 350.0
parp9 1 63 | parp9 1 516 | 0.612 350.0
parp9 1 63 | parp9 1 517 | 0.568 350.0
parp9 1 63 | parp9 1 518 | 0.452 350.0
parp9 1 63 | parp9 1 519 | 0.619 350.0
parp9 1 63 | parp9 1 520 | 0.892 350.0
parp9 1 64 | parp9 1 516 | 0.534 350.0
parp9 1 64 | parp9 1 517 | 0.507 350.0
parp9 1 64 | parp9 1 518 | 0.636 350.0
parp9 1 64 | parp9 1 519 | 0.761 350.0
parp9 1 64 | parp9 1 531 | 0.778 350.0
parp9 1 64 | parp9 1 534 | 0.886 350.0
parp9 1 65 | parp9 1 516 | 0.441 350.0
parp9 1 65 | parp9 1 517 | 0.658 350.0
parp9 1 65 | parp9 1 518 | 0.876 350.0
parp9 1 66 | parp9 1 516 | 0.519 350.0
parp9 1 66 | parp9 1 517 | 0.713 350.0
parp9 1 66 | parp9 1 538 | 0.847 350.0
parp9 1 67 | parp9 1 516 | 0.804 350.0
parp9 1 70 | parp9 1 538 | 0.711 350.0
parp9 1 71 | parp9 1 516 | 0.758 350.0
parp9 1 71 | parp9 1 517 | 0.860 350.0
parp9 1 85 | parp9 1 519 | 0.887 350.0
parp9 1 85 | parp9 1 530 | 0.650 350.0
parp9 1 85 | parp9 1 533 | 0.896 350.0
parp9 1 85 | parp9 1 534 | 0.893 350.0
parp9 1 88 | parp9 1 530 | 0.820 350.0
parp9 1 89 | parp9 1 521 | 0.832 350.0
parp9 1 89 | parp9 1 525 | 0.882 350.0
parp9 1 89 | parp9 1 526 | 0.534 350.0
parp9 1 89 | parp9 1 527 | 0.768 350.0
parp9 1 89 | parp9 1 529 | 0.696 350.0
parp9 1 89 | parp9 1 530 | 0.592 350.0
parp9 1 90 | parp9 1 520 | 0.879 350.0
parp9 1 90 | parp9 1 521 | 0.658 350.0
parp9 1 90 | parp9 1 522 | 0.784 350.0
parp9 1 90 | parp9 1 526 | 0.655 350.0
parp9 1 90 | parp9 1 527 | 0.868 350.0
parp9 1 90 | parp9 1 530 | 0.865 350.0
parp9 1 91 | parp9 1 519 | 0.648 350.0
parp9 1 91 | parp9 1 520 | 0.542 350.0
parp9 1 91 | parp9 1 521 | 0.459 350.0
parp9 1 91 | parp9 1 522 | 0.755 350.0
parp9 1 91 | parp9 1 526 | 0.659 350.0
parp9 1 91 | parp9 1 527 | 0.683 350.0
parp9 1 91 | parp9 1 530 | 0.712 350.0
parp9 1 92 | parp9 1 518 | 0.824 350.0
parp9 1 92 | parp9 1 519 | 0.587 350.0
parp9 1 92 | parp9 1 520 | 0.502 350.0
parp9 1 92 | parp9 1 521 | 0.642 350.0
parp9 1 93 | parp9 1 517 | 0.672 350.0
parp9 1 93 | parp9 1 518 | 0.555 350.0
parp9 1 93 | parp9 1 519 | 0.460 350.0
parp9 1 93 | parp9 1 520 | 0.627 350.0
parp9 1 93 | parp9 1 521 | 0.884 350.0
parp9 1 94 | parp9 1 516 | 0.846 350.0
parp9 1 94 | parp9 1 517 | 0.578 350.0
parp9 1 94 | parp9 1 518 | 0.511 350.0
parp9 1 94 | parp9 1 519 | 0.670 350.0
parp9 1 94 | parp9 1 520 | 0.877 350.0
parp9 1 95 | parp9 1 516 | 0.613 350.0
parp9 1 95 | parp9 1 517 | 0.474 350.0
parp9 1 95 | parp9 1 518 | 0.626 350.0
parp9 1 95 | parp9 1 519 | 0.897 350.0
parp9 1 96 | parp9 1 516 | 0.505 350.0
parp9 1 96 | parp9 1 517 | 0.588 350.0
parp9 1 96 | parp9 1 518 | 0.666 350.0
