i j d[nm] fc
1812 1814 0.5883 700.0000
1812 1831 0.8277 700.0000
1812 1856 0.6868 700.0000
1812 1857 0.4406 700.0000
1812 1858 0.7626 700.0000
1812 1859 0.6608 700.0000
1812 1865 0.5779 700.0000
1812 1868 0.7969 700.0000
1812 1869 0.7929 700.0000
1812 1887 0.6700 700.0000
1812 1888 0.6854 700.0000
1813 1815 0.7507 700.0000
1813 1847 0.7260 700.0000
1813 1850 0.7836 700.0000
1813 1854 0.6589 700.0000
1813 1855 0.7597 700.0000
1813 1856 0.6187 700.0000
1813 1857 0.6683 700.0000
1813 1887 0.7073 700.0000
1813 1888 0.4360 700.0000
1814 1816 0.6655 700.0000
1814 1827 0.7587 700.0000
1814 1831 0.8389 700.0000
1814 1844 0.8819 700.0000
1814 1847 0.8997 700.0000
1814 1853 0.7166 700.0000
1814 1854 0.5828 700.0000
1814 1855 0.5091 700.0000
1814 1856 0.8417 700.0000
1814 1857 0.6422 700.0000
1814 1885 0.6436 700.0000
1814 1886 0.7282 700.0000
1814 1887 0.5934 700.0000
1814 1888 0.6109 700.0000
1815 1850 0.7817 700.0000
1815 1851 0.6167 700.0000
1815 1852 0.7149 700.0000
1815 1853 0.5237 700.0000
1815 1854 0.4898 700.0000
1815 1855 0.7741 700.0000
1815 1885 0.8635 700.0000
1815 1886 0.6116 700.0000
1815 1887 0.8314 700.0000
1815 1888 0.6413 700.0000
1816 1818 0.6173 700.0000
1816 1819 0.7104 700.0000
1816 1820 0.8821 700.0000
1816 1823 0.7114 700.0000
1816 1827 0.8174 700.0000
1816 1852 0.8313 700.0000
1816 1853 0.4578 700.0000
1816 1854 0.6944 700.0000
1816 1855 0.6444 700.0000
1816 1876 0.8185 700.0000
1816 1883 0.6781 700.0000
1816 1884 0.6616 700.0000
1816 1885 0.6210 700.0000
1816 1886 0.6711 700.0000
1817 1819 0.7725 700.0000
1817 1853 0.8176 700.0000
1817 1878 0.8256 700.0000
1817 1883 0.5889 700.0000
1817 1884 0.6571 700.0000
1818 1820 0.7069 700.0000
1818 1823 0.6628 700.0000
1818 1853 0.8131 700.0000
1818 1878 0.6253 700.0000
1818 1879 0.7822 700.0000
1818 1881 0.8988 700.0000
1818 1883 0.7035 700.0000
1819 1821 0.7475 700.0000
1819 1823 0.6577 700.0000
1819 1852 0.7125 700.0000
1819 1853 0.5900 700.0000
1819 1855 0.8303 700.0000
1820 1822 0.6886 700.0000
1820 1823 0.4446 700.0000
1820 1824 0.6915 700.0000
1820 1825 0.8854 700.0000
1820 1846 0.8547 700.0000
1820 1853 0.8058 700.0000
1820 1855 0.7948 700.0000
1821 1823 0.5826 700.0000
1821 1824 0.6061 700.0000
1821 1825 0.6375 700.0000
1822 1825 0.6952 700.0000
1822 1826 0.6893 700.0000
1822 1878 0.7722 700.0000
1822 1879 0.7343 700.0000
1823 1825 0.7619 700.0000
1823 1826 0.5299 700.0000
1823 1827 0.5651 700.0000
1823 1853 0.8519 700.0000
1823 1855 0.7299 700.0000
1823 1876 0.7591 700.0000
1823 1878 0.6810 700.0000
1823 1883 0.8836 700.0000
1824 1826 0.8827 700.0000
1824 1827 0.6892 700.0000
1824 1828 0.5830 700.0000
1824 1843 0.8380 700.0000
1824 1844 0.4560 700.0000
1824 1845 0.6182 700.0000
1824 1846 0.6675 700.0000
1824 1855 0.6948 700.0000
1825 1827 0.8664 700.0000
1825 1828 0.6581 700.0000
1825 1829 0.7844 700.0000
1825 1844 0.8969 700.0000
1826 1828 0.8091 700.0000
1826 1829 0.6130 700.0000
1826 1830 0.8038 700.0000
1826 1876 0.6070 700.0000
1826 1877 0.6874 700.0000
1826 1878 0.6447 700.0000
1827 1829 0.6383 700.0000
1827 1830 0.6157 700.0000
1827 1831 0.5578 700.0000
1827 1832 0.8938 700.0000
1827 1842 0.8852 700.0000
1827 1844 0.6385 700.0000
1827 1855 0.6811 700.0000
1827 1857 0.8003 700.0000
1827 1876 0.6703 700.0000
1827 1885 0.7612 700.0000
1828 1830 0.8968 700.0000
1828 1831 0.7113 700.0000
1828 1832 0.5608 700.0000
1828 1842 0.5513 700.0000
1828 1843 0.6216 700.0000
1828 1844 0.4717 700.0000
1828 1845 0.8796 700.0000
1828 1857 0.8280 700.0000
1829 1831 0.6992 700.0000
1829 1832 0.4961 700.0000
1829 1833 0.6474 700.0000
1829 1836 0.8849 700.0000
1829 1842 0.8184 700.0000
1830 1832 0.8052 700.0000
1830 1833 0.5731 700.0000
1830 1834 0.8658 700.0000
1830 1836 0.4673 700.0000
1830 1837 0.4697 700.0000
1830 1838 0.8035 700.0000
1830 1839 0.8173 700.0000
1830 1868 0.8792 700.0000
1830 1874 0.6528 700.0000
1830 1875 0.8048 700.0000
1830 1876 0.6365 700.0000
1830 1885 0.7659 700.0000
1831 1833 0.6874 700.0000
1831 1836 0.7690 700.0000
1831 1837 0.5260 700.0000
1831 1838 0.7388 700.0000
1831 1839 0.6411 700.0000
1831 1840 0.6739 700.0000
1831 1842 0.6293 700.0000
1831 1844 0.8160 700.0000
1831 1857 0.6504 700.0000
1831 1859 0.7116 700.0000
1831 1864 0.8710 700.0000
1831 1868 0.6933 700.0000
1831 1874 0.7652 700.0000
1831 1885 0.8347 700.0000
1832 1834 0.8033 700.0000
1832 1837 0.8743 700.0000
1832 1839 0.7142 700.0000
1832 1840 0.4821 700.0000
1832 1841 0.6166 700.0000
1832 1842 0.4769 700.0000
1832 1843 0.8375 700.0000
1832 1859 0.8778 700.0000
1833 1835 0.5832 700.0000
1833 1836 0.4411 700.0000
1833 1837 0.5226 700.0000
1833 1838 0.6278 700.0000
1833 1839 0.5629 700.0000
1833 1840 0.6490 700.0000
1834 1836 0.5802 700.0000
1834 1837 0.5725 700.0000
1834 1838 0.4432 700.0000
1834 1839 0.4408 700.0000
1834 1840 0.6458 700.0000
1834 1864 0.8614 700.0000
1834 1867 0.7343 700.0000
1835 1837 0.7857 700.0000
1835 1838 0.7737 700.0000
1835 1839 0.8746 700.0000
1836 1838 0.6214 700.0000
1836 1839 0.7415 700.0000
1836 1871 0.7880 700.0000
1836 1874 0.7992 700.0000
1837 1839 0.4749 700.0000
1837 1840 0.7580 700.0000
1837 1864 0.8128 700.0000
1837 1867 0.7360 700.0000
1837 1868 0.5419 700.0000
1837 1871 0.6213 700.0000
1837 1874 0.6400 700.0000
1838 1840 0.6576 700.0000
1838 1863 0.8265 700.0000
1838 1864 0.5767 700.0000
1838 1867 0.4113 700.0000
1838 1868 0.5298 700.0000
1838 1871 0.6948 700.0000
1839 1841 0.8372 700.0000
1839 1842 0.7932 700.0000
1839 1859 0.7098 700.0000
1839 1861 0.8231 700.0000
1839 1863 0.7605 700.0000
1839 1864 0.4635 700.0000
1839 1865 0.8848 700.0000
1839 1867 0.5085 700.0000
1839 1868 0.6398 700.0000
1840 1842 0.5062 700.0000
1840 1859 0.5790 700.0000
1840 1860 0.7044 700.0000
1840 1861 0.6925 700.0000
1840 1863 0.8623 700.0000
1840 1864 0.5824 700.0000
1840 1867 0.8022 700.0000
1841 1843 0.8057 700.0000
1841 1859 0.7536 700.0000
1841 1860 0.5267 700.0000
1841 1861 0.6937 700.0000
1842 1844 0.6418 700.0000
1842 1857 0.6202 700.0000
1842 1858 0.6850 700.0000
1842 1859 0.5163 700.0000
1842 1860 0.7099 700.0000
1842 1864 0.8979 700.0000
1843 1845 0.6530 700.0000
1843 1856 0.7746 700.0000
1843 1857 0.5962 700.0000
1843 1858 0.4633 700.0000
1843 1859 0.7148 700.0000
1843 1860 0.8388 700.0000
1844 1846 0.7205 700.0000
1844 1855 0.6432 700.0000
1844 1856 0.7401 700.0000
1844 1857 0.5476 700.0000
1844 1858 0.7243 700.0000
1845 1847 0.6468 700.0000
1845 1854 0.8445 700.0000
1845 1855 0.5848 700.0000
1845 1856 0.5039 700.0000
1845 1857 0.6677 700.0000
1845 1858 0.7187 700.0000
1846 1848 0.6002 700.0000
1846 1850 0.8986 700.0000
1846 1853 0.8044 700.0000
1846 1854 0.7007 700.0000
1846 1855 0.5480 700.0000
1846 1856 0.7813 700.0000
1847 1849 0.6285 700.0000
1847 1850 0.4412 700.0000
1847 1851 0.7546 700.0000
1847 1853 0.8396 700.0000
1847 1854 0.5379 700.0000
1847 1855 0.6975 700.0000
1847 1856 0.5851 700.0000
1848 1850 0.7823 700.0000
1849 1851 0.8511 700.0000
1850 1852 0.7473 700.0000
1850 1853 0.7965 700.0000
1850 1854 0.5123 700.0000
1850 1855 0.8951 700.0000
1851 1853 0.5591 700.0000
1851 1854 0.4851 700.0000
1851 1855 0.8955 700.0000
1852 1854 0.5941 700.0000
1852 1855 0.8878 700.0000
1853 1855 0.4910 700.0000
1854 1856 0.8798 700.0000
1854 1888 0.8357 700.0000
1855 1857 0.7560 700.0000
1856 1858 0.5027 700.0000
1857 1859 0.5372 700.0000
1857 1865 0.8183 700.0000
1858 1860 0.7614 700.0000
1859 1861 0.6886 700.0000
1859 1862 0.8799 700.0000
1859 1863 0.7916 700.0000
1859 1864 0.5358 700.0000
1859 1865 0.5501 700.0000
1859 1868 0.8109 700.0000
1860 1863 0.8506 700.0000
1860 1864 0.7699 700.0000
1861 1863 0.5117 700.0000
1861 1864 0.5570 700.0000
1861 1865 0.8801 700.0000
1861 1867 0.8496 700.0000
1862 1864 0.7631 700.0000
1862 1865 0.6040 700.0000
1862 1866 0.5725 700.0000
1863 1865 0.6446 700.0000
1863 1866 0.4635 700.0000
1863 1867 0.4890 700.0000
1863 1868 0.8558 700.0000
1864 1866 0.5890 700.0000
1864 1867 0.4086 700.0000
1864 1868 0.6050 700.0000
1864 1869 0.8352 700.0000
1865 1867 0.7907 700.0000
1865 1868 0.6075 700.0000
1865 1869 0.5744 700.0000
1866 1868 0.7340 700.0000
1866 1869 0.6184 700.0000
1866 1870 0.6884 700.0000
1867 1869 0.8321 700.0000
1867 1870 0.7355 700.0000
1867 1871 0.8509 700.0000
1868 1870 0.7188 700.0000
1868 1871 0.5791 700.0000
1868 1872 0.6553 700.0000
1868 1874 0.6624 700.0000
1868 1887 0.7714 700.0000
1869 1871 0.7667 700.0000
1869 1872 0.6225 700.0000
1869 1874 0.8728 700.0000
1869 1887 0.6675 700.0000
1870 1872 0.7685 700.0000
1871 1873 0.6012 700.0000
1871 1874 0.5493 700.0000
1872 1874 0.4858 700.0000
1872 1885 0.8309 700.0000
1872 1886 0.8899 700.0000
1872 1887 0.6470 700.0000
1873 1875 0.6914 700.0000
1873 1884 0.8909 700.0000
1873 1885 0.8316 700.0000
1873 1886 0.8963 700.0000
1874 1876 0.8199 700.0000
1874 1884 0.7861 700.0000
1874 1885 0.4675 700.0000
1874 1886 0.7733 700.0000
1874 1887 0.6829 700.0000
1875 1877 0.7559 700.0000
1875 1882 0.6130 700.0000
1875 1883 0.5711 700.0000
1875 1884 0.5253 700.0000
1875 1885 0.6149 700.0000
1876 1878 0.5786 700.0000
1876 1882 0.6721 700.0000
1876 1883 0.4321 700.0000
1876 1884 0.6513 700.0000
1876 1885 0.6221 700.0000
1877 1879 0.7294 700.0000
1877 1880 0.6499 700.0000
1877 1881 0.6998 700.0000
1877 1882 0.5645 700.0000
1877 1883 0.6553 700.0000
1878 1880 0.7219 700.0000
1878 1881 0.5824 700.0000
1878 1882 0.6807 700.0000
1878 1883 0.5652 700.0000
1879 1881 0.5690 700.0000
1879 1882 0.8948 700.0000
1880 1882 0.8288 700.0000
1881 1883 0.7078 700.0000
1882 1884 0.6749 700.0000
1883 1885 0.6494 700.0000
1883 1886 0.8640 700.0000
1884 1886 0.5419 700.0000
1885 1887 0.6525 700.0000
1886 1888 0.7815 700.0000
1939 1941 0.6666 700.0000
1939 1975 0.7618 700.0000
1939 1976 0.5819 700.0000
1939 1977 0.4316 700.0000
1939 1978 0.6384 700.0000
1939 1979 0.6198 700.0000
1939 1981 0.8524 700.0000
1939 1982 0.6030 700.0000
1940 1942 0.6612 700.0000
1940 1966 0.8539 700.0000
1940 1974 0.6223 700.0000
1940 1975 0.5816 700.0000
1940 1976 0.5112 700.0000
1940 1977 0.6538 700.0000
1940 1982 0.7964 700.0000
1941 1943 0.5358 700.0000
1941 1966 0.8842 700.0000
1941 1973 0.8319 700.0000
1941 1974 0.5581 700.0000
1941 1975 0.4155 700.0000
1941 1976 0.6924 700.0000
1941 1977 0.8191 700.0000
1941 1982 0.6763 700.0000
1942 1944 0.8248 700.0000
1942 1972 0.6101 700.0000
1942 1973 0.7644 700.0000
1942 1974 0.4834 700.0000
1942 1975 0.6867 700.0000
1943 1945 0.5448 700.0000
1943 1947 0.8952 700.0000
1943 1948 0.7336 700.0000
1943 1971 0.7976 700.0000
1943 1972 0.6332 700.0000
1943 1973 0.5416 700.0000
1943 1974 0.7260 700.0000
1943 1975 0.6016 700.0000
1943 1985 0.8536 700.0000
1944 1946 0.4792 700.0000
1944 1947 0.5094 700.0000
1944 1948 0.6595 700.0000
1944 1970 0.8747 700.0000
1944 1971 0.5506 700.0000
1944 1972 0.5415 700.0000
1944 1973 0.7391 700.0000
1945 1947 0.6305 700.0000
1945 1948 0.4260 700.0000
1945 1949 0.8612 700.0000
1945 1953 0.5610 700.0000
1945 1968 0.8920 700.0000
1945 1971 0.5123 700.0000
1945 1972 0.6497 700.0000
1945 1973 0.4658 700.0000
1946 1948 0.6640 700.0000
1946 1953 0.8750 700.0000
1946 1970 0.8086 700.0000
1946 1971 0.4939 700.0000
1946 1972 0.7599 700.0000
1946 1973 0.8529 700.0000
1947 1949 0.7836 700.0000
1947 1952 0.8613 700.0000
1947 1993 0.8709 700.0000
1948 1950 0.8886 700.0000
1948 1952 0.5042 700.0000
1948 1953 0.4984 700.0000
1948 1956 0.8141 700.0000
1948 1973 0.8383 700.0000
1948 1989 0.7796 700.0000
1949 1951 0.5033 700.0000
1949 1952 0.3715 700.0000
1949 1953 0.5826 700.0000
1949 1954 0.8114 700.0000
1950 1952 0.7861 700.0000
1950 1953 0.6100 700.0000
1950 1954 0.7500 700.0000
1951 1953 0.8541 700.0000
1951 1954 0.6646 700.0000
1951 1955 0.8006 700.0000
1952 1954 0.6981 700.0000
1952 1955 0.7249 700.0000
1952 1956 0.6859 700.0000
1952 1988 0.6901 700.0000
1952 1989 0.7199 700.0000
1952 1992 0.6507 700.0000
1952 1993 0.8946 700.0000
1953 1956 0.7017 700.0000
1953 1957 0.7903 700.0000
1953 1965 0.8565 700.0000
1953 1973 0.7697 700.0000
1954 1956 0.5614 700.0000
1954 1957 0.4832 700.0000
1954 1958 0.5784 700.0000
1954 1959 0.8563 700.0000
1955 1957 0.7414 700.0000
1955 1958 0.5325 700.0000
1955 1959 0.5464 700.0000
1955 1960 0.8863 700.0000
1955 1988 0.6147 700.0000
1956 1958 0.6349 700.0000
1956 1959 0.5641 700.0000
1956 1960 0.5957 700.0000
1956 1961 0.8968 700.0000
1956 1963 0.8221 700.0000
1956 1965 0.8984 700.0000
1956 1985 0.5626 700.0000
1956 1988 0.6737 700.0000
1956 1989 0.8250 700.0000
1957 1959 0.6664 700.0000
1957 1960 0.5893 700.0000
1957 1961 0.6147 700.0000
1957 1962 0.8807 700.0000
1957 1963 0.7206 700.0000
1957 1965 0.7762 700.0000
1958 1960 0.6375 700.0000
1958 1961 0.6536 700.0000
1959 1961 0.7184 700.0000
1959 1981 0.7438 700.0000
1959 1984 0.5815 700.0000
1959 1985 0.7276 700.0000
1959 1988 0.7623 700.0000
1960 1962 0.5625 700.0000
1960 1963 0.5108 700.0000
1960 1977 0.8870 700.0000
1960 1978 0.8740 700.0000
1960 1981 0.4562 700.0000
1960 1982 0.8143 700.0000
1960 1984 0.6411 700.0000
1960 1985 0.6886 700.0000
1961 1963 0.5783 700.0000
1961 1981 0.7818 700.0000
1962 1964 0.6899 700.0000
1962 1976 0.8430 700.0000
1962 1977 0.7048 700.0000
1962 1978 0.6917 700.0000
1962 1981 0.6413 700.0000
1963 1965 0.6071 700.0000
1963 1975 0.6138 700.0000
1963 1976 0.6049 700.0000
1963 1977 0.5883 700.0000
1963 1978 0.7661 700.0000
1963 1981 0.6144 700.0000
1963 1982 0.8123 700.0000
1963 1985 0.8898 700.0000
1964 1966 0.7138 700.0000
1964 1975 0.8296 700.0000
1964 1976 0.5324 700.0000
1964 1977 0.7327 700.0000
1965 1967 0.7116 700.0000
1965 1973 0.5803 700.0000
1965 1974 0.8182 700.0000
1965 1975 0.5804 700.0000
1965 1976 0.7902 700.0000
1966 1968 0.7346 700.0000
1966 1973 0.7098 700.0000
1966 1974 0.4456 700.0000
1966 1975 0.6581 700.0000
1966 1976 0.6654 700.0000
1967 1969 0.7943 700.0000
1967 1971 0.7955 700.0000
1967 1972 0.8641 700.0000
1967 1973 0.5975 700.0000
1967 1974 0.8236 700.0000
1968 1970 0.6654 700.0000
1968 1971 0.5395 700.0000
1968 1972 0.5008 700.0000
1968 1973 0.5772 700.0000
1968 1974 0.6752 700.0000
1969 1971 0.7215 700.0000
1969 1972 0.6816 700.0000
1970 1972 0.5943 700.0000
1971 1973 0.5484 700.0000
1972 1974 0.6831 700.0000
1973 1975 0.6556 700.0000
1974 1976 0.7277 700.0000
1975 1977 0.6706 700.0000
1975 1982 0.6961 700.0000
1975 1985 0.8444 700.0000
1976 1978 0.7623 700.0000
1976 1982 0.8341 700.0000
1977 1979 0.7760 700.0000
1977 1980 0.8993 700.0000
1977 1981 0.6080 700.0000
1977 1982 0.6322 700.0000
1978 1980 0.6027 700.0000
1978 1981 0.4997 700.0000
1978 1982 0.7260 700.0000
1979 1981 0.7257 700.0000
1979 1982 0.5668 700.0000
1979 1983 0.5310 700.0000
1980 1982 0.7605 700.0000
1980 1983 0.5760 700.0000
1980 1984 0.5734 700.0000
1981 1983 0.7257 700.0000
1981 1984 0.5166 700.0000
1981 1985 0.6828 700.0000
1982 1984 0.7560 700.0000
1982 1985 0.5198 700.0000
1982 1986 0.7226 700.0000
1983 1985 0.7310 700.0000
1983 1986 0.6356 700.0000
1983 1987 0.6074 700.0000
1984 1987 0.6763 700.0000
1984 1988 0.8718 700.0000
1985 1987 0.7278 700.0000
1985 1988 0.6122 700.0000
1985 1989 0.5996 700.0000
1986 1988 0.8031 700.0000
1986 1989 0.5745 700.0000
1986 1990 0.5769 700.0000
1986 1991 0.8742 700.0000
1987 1989 0.7472 700.0000
1987 1990 0.6047 700.0000
1987 1991 0.5662 700.0000
1988 1990 0.6885 700.0000
1988 1991 0.5666 700.0000
1988 1992 0.5284 700.0000
1988 1993 0.8477 700.0000
1989 1991 0.6971 700.0000
1989 1992 0.5746 700.0000
1989 1993 0.5488 700.0000
1990 1992 0.6840 700.0000
1990 1993 0.5688 700.0000
1990 1994 0.5439 700.0000
1990 1995 0.8626 700.0000
1991 1993 0.8174 700.0000
1991 1994 0.6228 700.0000
1991 1995 0.6682 700.0000
1992 1994 0.7383 700.0000
1992 1995 0.5350 700.0000
1992 1996 0.6504 700.0000
1993 1995 0.7794 700.0000
1993 1996 0.5384 700.0000
1993 1997 0.6479 700.0000
1994 1996 0.6253 700.0000
1994 1997 0.5517 700.0000
1994 1998 0.5908 700.0000
1995 1997 0.8165 700.0000
1995 1998 0.5897 700.0000
1995 1999 0.6339 700.0000
1996 1998 0.6205 700.0000
1996 1999 0.4940 700.0000
1996 2000 0.5303 700.0000
1996 2001 0.8451 700.0000
1997 1999 0.7750 700.0000
1997 2000 0.5740 700.0000
1997 2001 0.5585 700.0000
1998 2000 0.8271 700.0000
1998 2001 0.6592 700.0000
1998 2002 0.7844 700.0000
1999 2001 0.8290 700.0000
1999 2002 0.7521 700.0000
2000 2002 0.7952 700.0000
2034 2036 0.4332 700.0000
2034 2037 0.8854 700.0000
2034 2079 0.6707 700.0000
2034 2080 0.8705 700.0000
2035 2037 0.7316 700.0000
2035 2078 0.8967 700.0000
2035 2079 0.6033 700.0000
2035 2080 0.5280 700.0000
2035 2081 0.7531 700.0000
2035 2082 0.8889 700.0000
2035 2088 0.6145 700.0000
2035 2089 0.7526 700.0000
2035 2092 0.5352 700.0000
2036 2038 0.6106 700.0000
2036 2077 0.6106 700.0000
2036 2078 0.7283 700.0000
2036 2079 0.6419 700.0000
2036 2080 0.8296 700.0000
2036 2092 0.8417 700.0000
2037 2039 0.7067 700.0000
2037 2077 0.7219 700.0000
2037 2078 0.5219 700.0000
2037 2079 0.7907 700.0000
2037 2080 0.6641 700.0000
2037 2092 0.5324 700.0000
2037 2095 0.6838 700.0000
2037 2096 0.7240 700.0000
2037 2099 0.8865 700.0000
2038 2040 0.7514 700.0000
2038 2071 0.6897 700.0000
2038 2072 0.7864 700.0000
2038 2075 0.5410 700.0000
2038 2076 0.6230 700.0000
2038 2077 0.5581 700.0000
2038 2078 0.7462 700.0000
2039 2041 0.6903 700.0000
2039 2042 0.8148 700.0000
2039 2043 0.7239 700.0000
2039 2044 0.6420 700.0000
2039 2075 0.5323 700.0000
2039 2076 0.4457 700.0000
2039 2077 0.7011 700.0000
2039 2078 0.6723 700.0000
2039 2099 0.7195 700.0000
2040 2042 0.5296 700.0000
2040 2043 0.4829 700.0000
2040 2044 0.7265 700.0000
2040 2045 0.8823 700.0000
2040 2074 0.6780 700.0000
2040 2075 0.4974 700.0000
2040 2076 0.6262 700.0000
2040 2099 0.8457 700.0000
2040 2103 0.8872 700.0000
2041 2043 0.7529 700.0000
2041 2044 0.5943 700.0000
2041 2045 0.5215 700.0000
2041 2070 0.7340 700.0000
2041 2072 0.8672 700.0000
2041 2073 0.8534 700.0000
2041 2074 0.5199 700.0000
2041 2075 0.6281 700.0000
2041 2076 0.5685 700.0000
2042 2044 0.7092 700.0000
2042 2045 0.4958 700.0000
2042 2046 0.7745 700.0000
2042 2074 0.6918 700.0000
2042 2075 0.8628 700.0000
2042 2076 0.8887 700.0000
2043 2045 0.8163 700.0000
2043 2046 0.6899 700.0000
2043 2047 0.8703 700.0000
2043 2099 0.7141 700.0000
2043 2103 0.5045 700.0000
2044 2046 0.8655 700.0000
2044 2047 0.5811 700.0000
2044 2048 0.5289 700.0000
2044 2055 0.8937 700.0000
2044 2068 0.7765 700.0000
2044 2076 0.6164 700.0000
2044 2078 0.7829 700.0000
2044 2099 0.7304 700.0000
2045 2047 0.8524 700.0000
2045 2048 0.6368 700.0000
2045 2049 0.8129 700.0000
2046 2048 0.8468 700.0000
2046 2049 0.5997 700.0000
2046 2050 0.5302 700.0000
2046 2051 0.8116 700.0000
2046 2102 0.7111 700.0000
2046 2103 0.6675 700.0000
2047 2049 0.8745 700.0000
2047 2050 0.6038 700.0000
2047 2051 0.4541 700.0000
2047 2052 0.7242 700.0000
2047 2054 0.6863 700.0000
2047 2055 0.7606 700.0000
2047 2095 0.7526 700.0000
2047 2098 0.7447 700.0000
2047 2099 0.5287 700.0000
2047 2102 0.5907 700.0000
2047 2103 0.7139 700.0000
2048 2050 0.7936 700.0000
2048 2051 0.6803 700.0000
2048 2052 0.5489 700.0000
2048 2053 0.8638 700.0000
2048 2055 0.7430 700.0000
2049 2051 0.7859 700.0000
2049 2052 0.7714 700.0000
2050 2052 0.6793 700.0000
2050 2102 0.6509 700.0000
2051 2053 0.6542 700.0000
2051 2054 0.4930 700.0000
2051 2055 0.7994 700.0000
2051 2098 0.7731 700.0000
2051 2102 0.6717 700.0000
2052 2054 0.6722 700.0000
2052 2055 0.7387 700.0000
2052 2056 0.7933 700.0000
2053 2055 0.6923 700.0000
2053 2056 0.5568 700.0000
2053 2057 0.6788 700.0000
2054 2056 0.7394 700.0000
2054 2057 0.5461 700.0000
2054 2058 0.6261 700.0000
2054 2094 0.8267 700.0000
2054 2095 0.7855 700.0000
2054 2098 0.6038 700.0000
2054 2102 0.8876 700.0000
2055 2057 0.6354 700.0000
2055 2058 0.5525 700.0000
2055 2059 0.5854 700.0000
2055 2066 0.6238 700.0000
2055 2095 0.7030 700.0000
2056 2058 0.6722 700.0000
2056 2059 0.4930 700.0000
2056 2060 0.6335 700.0000
2056 2066 0.8285 700.0000
2057 2059 0.6292 700.0000
2057 2060 0.5438 700.0000
2057 2061 0.6261 700.0000
2057 2062 0.7952 700.0000
2058 2060 0.7364 700.0000
2058 2061 0.5995 700.0000
2058 2062 0.5512 700.0000
2058 2063 0.8128 700.0000
2058 2064 0.6736 700.0000
2058 2066 0.7876 700.0000
2058 2090 0.8322 700.0000
2058 2091 0.5701 700.0000
2058 2094 0.6210 700.0000
2058 2095 0.6980 700.0000
2058 2098 0.8934 700.0000
2059 2062 0.7806 700.0000
2059 2063 0.6284 700.0000
2059 2064 0.4572 700.0000
2059 2065 0.5335 700.0000
2059 2066 0.5555 700.0000
2059 2080 0.8702 700.0000
2059 2091 0.8625 700.0000
2060 2062 0.8397 700.0000
2060 2063 0.7408 700.0000
2060 2064 0.8267 700.0000
2061 2063 0.8571 700.0000
2061 2087 0.8787 700.0000
2061 2090 0.8114 700.0000
2061 2091 0.7952 700.0000
2061 2094 0.7965 700.0000
2062 2064 0.6161 700.0000
2062 2086 0.8093 700.0000
2062 2087 0.5200 700.0000
2062 2088 0.7569 700.0000
2062 2090 0.5302 700.0000
2062 2091 0.4940 700.0000
2062 2094 0.7454 700.0000
2063 2065 0.6576 700.0000
2063 2081 0.8043 700.0000
2063 2082 0.6114 700.0000
2063 2083 0.7593 700.0000
2063 2084 0.7131 700.0000
2063 2087 0.6078 700.0000
2063 2088 0.7548 700.0000
2063 2091 0.8306 700.0000
2064 2066 0.6312 700.0000
2064 2080 0.6572 700.0000
2064 2081 0.5858 700.0000
2064 2082 0.5841 700.0000
2064 2083 0.8735 700.0000
2064 2087 0.7367 700.0000
2064 2088 0.6287 700.0000
2064 2090 0.8974 700.0000
2064 2091 0.6723 700.0000
2065 2067 0.6611 700.0000
2065 2079 0.8419 700.0000
2065 2080 0.7315 700.0000
2065 2081 0.4544 700.0000
2065 2082 0.7028 700.0000
2066 2068 0.6335 700.0000
2066 2078 0.6172 700.0000
2066 2079 0.6576 700.0000
2066 2080 0.5146 700.0000
2066 2081 0.6829 700.0000
2066 2091 0.8892 700.0000
2066 2095 0.8365 700.0000
2067 2069 0.5980 700.0000
2067 2077 0.8006 700.0000
2067 2078 0.7449 700.0000
2067 2079 0.4972 700.0000
2067 2080 0.7728 700.0000
2067 2081 0.6705 700.0000
2068 2070 0.8326 700.0000
2068 2076 0.6840 700.0000
2068 2077 0.6571 700.0000
2068 2078 0.5790 700.0000
2068 2079 0.7820 700.0000
2069 2071 0.6657 700.0000
2069 2076 0.7127 700.0000
2069 2077 0.4998 700.0000
2069 2078 0.7454 700.0000
2069 2079 0.7225 700.0000
2070 2072 0.5473 700.0000
2070 2073 0.6775 700.0000
2070 2074 0.7782 700.0000
2070 2075 0.7145 700.0000
2070 2076 0.5744 700.0000
2070 2077 0.7655 700.0000
2071 2073 0.6725 700.0000
2071 2074 0.8932 700.0000
2071 2075 0.5730 700.0000
2071 2076 0.6106 700.0000
2071 2077 0.5697 700.0000
2072 2074 0.6192 700.0000
2072 2075 0.4427 700.0000
2072 2076 0.6979 700.0000
2072 2077 0.8375 700.0000
2073 2075 0.5994 700.0000
2074 2076 0.8113 700.0000
2075 2077 0.7580 700.0000
2076 2078 0.5988 700.0000
2077 2079 0.6059 700.0000
2077 2080 0.8926 700.0000
2078 2080 0.5926 700.0000
2078 2092 0.8539 700.0000
2078 2095 0.7356 700.0000
2079 2081 0.6028 700.0000
2079 2092 0.8844 700.0000
2080 2082 0.8193 700.0000
2080 2088 0.5777 700.0000
2080 2089 0.8981 700.0000
2080 2091 0.6485 700.0000
2080 2092 0.5264 700.0000
2080 2095 0.7777 700.0000
2081 2083 0.7937 700.0000
2081 2088 0.6825 700.0000
2082 2084 0.6452 700.0000
2082 2085 0.6579 700.0000
2082 2086 0.8112 700.0000
2082 2087 0.7165 700.0000
2082 2088 0.5351 700.0000
2083 2085 0.7041 700.0000
2083 2086 0.8988 700.0000
2083 2087 0.8077 700.0000
2083 2088 0.8332 700.0000
2084 2086 0.6657 700.0000
2084 2087 0.5232 700.0000
2084 2088 0.8486 700.0000
2085 2087 0.6025 700.0000
2085 2088 0.5419 700.0000
2085 2089 0.6404 700.0000
2086 2088 0.5310 700.0000
2086 2089 0.5101 700.0000
2086 2090 0.6043 700.0000
2086 2091 0.8107 700.0000
2087 2089 0.7537 700.0000
2087 2090 0.5897 700.0000
2087 2091 0.7131 700.0000
2088 2090 0.6137 700.0000
2088 2091 0.5587 700.0000
2088 2092 0.5966 700.0000
2089 2091 0.6753 700.0000
2089 2092 0.5399 700.0000
2089 2093 0.6198 700.0000
2090 2092 0.6784 700.0000
2090 2093 0.4850 700.0000
2090 2094 0.5925 700.0000
2091 2093 0.6064 700.0000
2091 2094 0.4922 700.0000
2091 2095 0.6673 700.0000
2091 2096 0.8153 700.0000
2092 2094 0.8227 700.0000
2092 2095 0.7357 700.0000
2092 2096 0.7508 700.0000
2093 2095 0.8434 700.0000
2093 2096 0.6317 700.0000
2093 2097 0.7037 700.0000
2094 2096 0.5580 700.0000
2094 2097 0.5276 700.0000
2094 2098 0.5868 700.0000
2095 2097 0.6858 700.0000
2095 2098 0.6581 700.0000
2095 2099 0.5592 700.0000
2095 2100 0.8222 700.0000
2096 2098 0.6418 700.0000
2096 2099 0.5650 700.0000
2096 2100 0.4835 700.0000
2096 2101 0.8819 700.0000
2097 2099 0.7238 700.0000
2097 2100 0.4916 700.0000
2097 2101 0.5983 700.0000
2097 2102 0.8330 700.0000
2098 2100 0.7328 700.0000
2098 2101 0.5143 700.0000
2098 2102 0.5814 700.0000
2099 2101 0.8175 700.0000
2099 2102 0.6276 700.0000
2099 2103 0.4926 700.0000
2100 2102 0.7652 700.0000
2100 2103 0.6282 700.0000
2101 2103 0.7478 700.0000
2106 2108 0.7554 700.0000
2106 2145 0.6223 700.0000
2106 2146 0.4256 700.0000
2106 2147 0.6169 700.0000
2106 2148 0.8274 700.0000
2107 2109 0.6051 700.0000
2107 2144 0.8513 700.0000
2107 2145 0.7654 700.0000
2107 2146 0.5358 700.0000
2107 2147 0.6433 700.0000
2107 2148 0.4768 700.0000
2107 2149 0.8908 700.0000
2107 2151 0.6534 700.0000
2108 2110 0.6164 700.0000
2108 2136 0.8965 700.0000
2108 2143 0.6024 700.0000
2108 2144 0.6414 700.0000
2108 2145 0.5528 700.0000
2108 2146 0.7570 700.0000
2108 2151 0.8727 700.0000
2109 2111 0.7067 700.0000
2109 2143 0.7519 700.0000
2109 2144 0.5289 700.0000
2109 2145 0.8101 700.0000
2109 2146 0.8021 700.0000
2109 2148 0.7111 700.0000
2109 2151 0.5346 700.0000
2109 2152 0.7982 700.0000
2109 2155 0.6519 700.0000
2110 2112 0.6625 700.0000
2110 2141 0.5846 700.0000
2110 2142 0.6443 700.0000
2110 2143 0.5212 700.0000
2110 2144 0.6295 700.0000
2110 2155 0.8939 700.0000
2111 2113 0.5654 700.0000
2111 2119 0.8630 700.0000
2111 2140 0.7332 700.0000
2111 2141 0.6066 700.0000
2111 2142 0.4589 700.0000
2111 2143 0.7115 700.0000
2111 2144 0.6779 700.0000
2111 2155 0.6626 700.0000
2111 2158 0.7807 700.0000
2112 2114 0.6990 700.0000
2112 2140 0.5787 700.0000
2112 2141 0.5292 700.0000
2112 2142 0.6980 700.0000
2113 2115 0.6397 700.0000
2113 2116 0.7445 700.0000
2113 2118 0.5763 700.0000
2113 2119 0.5865 700.0000
2113 2122 0.7846 700.0000
2113 2139 0.7919 700.0000
2113 2140 0.4653 700.0000
2113 2141 0.6963 700.0000
2113 2142 0.6476 700.0000
2113 2158 0.8549 700.0000
2114 2116 0.7154 700.0000
2114 2118 0.6533 700.0000
2114 2119 0.8608 700.0000
2114 2139 0.8949 700.0000
2114 2140 0.6223 700.0000
2115 2117 0.5194 700.0000
2115 2118 0.4928 700.0000
2115 2119 0.7019 700.0000
2115 2139 0.7981 700.0000
2115 2140 0.6706 700.0000
2116 2118 0.6442 700.0000
2116 2119 0.5361 700.0000
2116 2120 0.6574 700.0000
2116 2137 0.7566 700.0000
2116 2139 0.5105 700.0000
2116 2140 0.5606 700.0000
2117 2119 0.7120 700.0000
2117 2120 0.6801 700.0000
2117 2121 0.7788 700.0000
2118 2120 0.7896 700.0000
2118 2121 0.6216 700.0000
2118 2122 0.5894 700.0000
2118 2140 0.8276 700.0000
2119 2121 0.6554 700.0000
2119 2122 0.5390 700.0000
2119 2123 0.6151 700.0000
2119 2124 0.8556 700.0000
2119 2137 0.6121 700.0000
2119 2139 0.6789 700.0000
2119 2140 0.6057 700.0000
2119 2141 0.8796 700.0000
2119 2142 0.5798 700.0000
2120 2122 0.7592 700.0000
2120 2123 0.5012 700.0000
2120 2124 0.5808 700.0000
2120 2137 0.5943 700.0000
2120 2139 0.8398 700.0000
2120 2142 0.8854 700.0000
2121 2123 0.8074 700.0000
2121 2124 0.6011 700.0000
2121 2125 0.5505 700.0000
2122 2124 0.7956 700.0000
2122 2125 0.5528 700.0000
2122 2126 0.6323 700.0000
2122 2142 0.7983 700.0000
2122 2154 0.8392 700.0000
2122 2157 0.7929 700.0000
2122 2158 0.6056 700.0000
2123 2125 0.8011 700.0000
2123 2126 0.6575 700.0000
2123 2127 0.5664 700.0000
2123 2135 0.4783 700.0000
2123 2136 0.8481 700.0000
2123 2137 0.6002 700.0000
2123 2142 0.7124 700.0000
2124 2126 0.7614 700.0000
2124 2127 0.6466 700.0000
2124 2128 0.7093 700.0000
2125 2127 0.7782 700.0000
2125 2128 0.7146 700.0000
2125 2129 0.7289 700.0000
2125 2157 0.7739 700.0000
2126 2128 0.7499 700.0000
2126 2129 0.5775 700.0000
2126 2130 0.4989 700.0000
2126 2133 0.6714 700.0000
2126 2135 0.6929 700.0000
2126 2144 0.8735 700.0000
2126 2153 0.8338 700.0000
2126 2154 0.5961 700.0000
2126 2157 0.6933 700.0000
2126 2158 0.8445 700.0000
2127 2129 0.7731 700.0000
2127 2130 0.6740 700.0000
2127 2131 0.6767 700.0000
2127 2133 0.6342 700.0000
2127 2134 0.7923 700.0000
2127 2135 0.5874 700.0000
2128 2130 0.8324 700.0000
2128 2131 0.7782 700.0000
2129 2131 0.7768 700.0000
2129 2153 0.8478 700.0000
2129 2154 0.8396 700.0000
2129 2157 0.7170 700.0000
2130 2132 0.7490 700.0000
2130 2133 0.5283 700.0000
2130 2150 0.5230 700.0000
2130 2151 0.8403 700.0000
2130 2153 0.6629 700.0000
2130 2154 0.6377 700.0000
2130 2157 0.8022 700.0000
2131 2133 0.6589 700.0000
2131 2150 0.8619 700.0000
2132 2134 0.8849 700.0000
2132 2146 0.7715 700.0000
2132 2147 0.7129 700.0000
2132 2150 0.6743 700.0000
2133 2135 0.5505 700.0000
2133 2144 0.6240 700.0000
2133 2145 0.6138 700.0000
2133 2146 0.5925 700.0000
2133 2147 0.7378 700.0000
2133 2150 0.5731 700.0000
2133 2151 0.7022 700.0000
2133 2154 0.8028 700.0000
2134 2136 0.5789 700.0000
2134 2143 0.7424 700.0000
2134 2144 0.6971 700.0000
2134 2145 0.4260 700.0000
2134 2146 0.7263 700.0000
2135 2137 0.7376 700.0000
2135 2142 0.6392 700.0000
2135 2143 0.6169 700.0000
2135 2144 0.5780 700.0000
2135 2145 0.6893 700.0000
2136 2138 0.7441 700.0000
2136 2142 0.7533 700.0000
2136 2143 0.4616 700.0000
2136 2144 0.7725 700.0000
2136 2145 0.6885 700.0000
2137 2139 0.5094 700.0000
2137 2140 0.7065 700.0000
2137 2141 0.7878 700.0000
2137 2142 0.6253 700.0000
2137 2143 0.7874 700.0000
2138 2140 0.7023 700.0000
2138 2141 0.5592 700.0000
2138 2142 0.8267 700.0000
2138 2143 0.7764 700.0000
2139 2141 0.5704 700.0000
2139 2142 0.7436 700.0000
2140 2142 0.6088 700.0000
2141 2143 0.6582 700.0000
2142 2144 0.5873 700.0000
2143 2145 0.6169 700.0000
2144 2146 0.6696 700.0000
2144 2150 0.8646 700.0000
2144 2151 0.5250 700.0000
2144 2154 0.7468 700.0000
2144 2155 0.7404 700.0000
2145 2147 0.8191 700.0000
2145 2151 0.7788 700.0000
2146 2148 0.6677 700.0000
2146 2149 0.8119 700.0000
2146 2150 0.6018 700.0000
2146 2151 0.5581 700.0000
2147 2149 0.4850 700.0000
2147 2150 0.4185 700.0000
2147 2151 0.5847 700.0000
2147 2152 0.7973 700.0000
2148 2150 0.6966 700.0000
2148 2151 0.4800 700.0000
2148 2152 0.5246 700.0000
2148 2153 0.8539 700.0000
2148 2155 0.8682 700.0000
2148 2162 0.8975 700.0000
2148 2163 0.8973 700.0000
2149 2151 0.6633 700.0000
2149 2152 0.5600 700.0000
2149 2153 0.6873 700.0000
2149 2162 0.7226 700.0000
2149 2163 0.5388 700.0000
2150 2152 0.6420 700.0000
2150 2153 0.5748 700.0000
2150 2154 0.6830 700.0000
2151 2153 0.6123 700.0000
2151 2154 0.5653 700.0000
2151 2155 0.5628 700.0000
2152 2154 0.5516 700.0000
2152 2155 0.5026 700.0000
2152 2156 0.5937 700.0000
2152 2159 0.8940 700.0000
2152 2161 0.6149 700.0000
2152 2162 0.5771 700.0000
2152 2163 0.8380 700.0000
2153 2155 0.6262 700.0000
2153 2156 0.4638 700.0000
2153 2157 0.5819 700.0000
2153 2158 0.7990 700.0000
2153 2159 0.8061 700.0000
2153 2160 0.8769 700.0000
2153 2161 0.5414 700.0000
2153 2162 0.6718 700.0000
2154 2156 0.6067 700.0000
2154 2157 0.5191 700.0000
2154 2158 0.5569 700.0000
2154 2159 0.7576 700.0000
2154 2161 0.7950 700.0000
2155 2157 0.8516 700.0000
2155 2158 0.5610 700.0000
2155 2159 0.6706 700.0000
2155 2161 0.8405 700.0000
2156 2158 0.6953 700.0000
2156 2159 0.4410 700.0000
2156 2160 0.4246 700.0000
2156 2161 0.2722 700.0000
2156 2162 0.5845 700.0000
2157 2159 0.6555 700.0000
2157 2160 0.7748 700.0000
2157 2161 0.7810 700.0000
2158 2160 0.8608 700.0000
2159 2161 0.6769 700.0000
2160 2162 0.8122 700.0000
2161 2163 0.8264 700.0000
2179 2181 0.6715 700.0000
2179 2217 0.8333 700.0000
2179 2218 0.6652 700.0000
2179 2219 0.4742 700.0000
2179 2220 0.7164 700.0000
2179 2221 0.7726 700.0000
2179 2235 0.5526 700.0000
2179 2238 0.7066 700.0000
2179 2239 0.7513 700.0000
2180 2182 0.8792 700.0000
2180 2213 0.8214 700.0000
2180 2216 0.5092 700.0000
2180 2217 0.6501 700.0000
2180 2218 0.5194 700.0000
2180 2219 0.7408 700.0000
2181 2183 0.6503 700.0000
2181 2184 0.8431 700.0000
2181 2185 0.7239 700.0000
2181 2186 0.6791 700.0000
2181 2216 0.5732 700.0000
2181 2217 0.4418 700.0000
2181 2218 0.6650 700.0000
2181 2219 0.7119 700.0000
2181 2242 0.7273 700.0000
2182 2184 0.4631 700.0000
2182 2185 0.5268 700.0000
2182 2186 0.7764 700.0000
2182 2187 0.8419 700.0000
2182 2214 0.8886 700.0000
2182 2215 0.6432 700.0000
2182 2216 0.6178 700.0000
2182 2217 0.6662 700.0000
2183 2185 0.7001 700.0000
2183 2186 0.6247 700.0000
2183 2187 0.5487 700.0000
2183 2188 0.8752 700.0000
2183 2212 0.6322 700.0000
2183 2214 0.6659 700.0000
2183 2215 0.6083 700.0000
2183 2216 0.6615 700.0000
2183 2217 0.5306 700.0000
2184 2186 0.7071 700.0000
2184 2187 0.4872 700.0000
2184 2188 0.5846 700.0000
2184 2189 0.8470 700.0000
2184 2215 0.8024 700.0000
2184 2217 0.8539 700.0000
2185 2187 0.7788 700.0000
2185 2188 0.5448 700.0000
2185 2189 0.5671 700.0000
2185 2242 0.6491 700.0000
2185 2245 0.8298 700.0000
2185 2246 0.6260 700.0000
2186 2188 0.7530 700.0000
2186 2189 0.5879 700.0000
2186 2190 0.4873 700.0000
2186 2191 0.8698 700.0000
2186 2193 0.5980 700.0000
2186 2194 0.7888 700.0000
2186 2210 0.7862 700.0000
2186 2212 0.8688 700.0000
2186 2217 0.5910 700.0000
2186 2219 0.8365 700.0000
2186 2242 0.7679 700.0000
2187 2189 0.7683 700.0000
2187 2190 0.5533 700.0000
2187 2212 0.8451 700.0000
2187 2217 0.8663 700.0000
2188 2190 0.7402 700.0000
2188 2191 0.8602 700.0000
2188 2246 0.8617 700.0000
2189 2191 0.6418 700.0000
2189 2192 0.5742 700.0000
2189 2193 0.5380 700.0000
2189 2194 0.8976 700.0000
2189 2241 0.8855 700.0000
2189 2242 0.6524 700.0000
2189 2245 0.5590 700.0000
2189 2246 0.6480 700.0000
2189 2248 0.8400 700.0000
2190 2192 0.8153 700.0000
2190 2193 0.6240 700.0000
2190 2194 0.5649 700.0000
2191 2193 0.6422 700.0000
2191 2194 0.5873 700.0000
2191 2195 0.6532 700.0000
2192 2194 0.7667 700.0000
2192 2195 0.6010 700.0000
2192 2196 0.6995 700.0000
2192 2241 0.8002 700.0000
2192 2244 0.8649 700.0000
2192 2245 0.6112 700.0000
2192 2248 0.7686 700.0000
2193 2195 0.7019 700.0000
2193 2196 0.5872 700.0000
2193 2197 0.6094 700.0000
2193 2238 0.6612 700.0000
2193 2241 0.6627 700.0000
2193 2242 0.6607 700.0000
2193 2245 0.7571 700.0000
2194 2196 0.7523 700.0000
2194 2197 0.5325 700.0000
2194 2198 0.6764 700.0000
2195 2197 0.7391 700.0000
2195 2198 0.6099 700.0000
2195 2199 0.6760 700.0000
2196 2198 0.6358 700.0000
2196 2199 0.4938 700.0000
2196 2200 0.6155 700.0000
2196 2203 0.8991 700.0000
2196 2237 0.7632 700.0000
2196 2238 0.7280 700.0000
2196 2241 0.5918 700.0000
2197 2199 0.7104 700.0000
2197 2200 0.5218 700.0000
2197 2201 0.5750 700.0000
2197 2208 0.6386 700.0000
2197 2210 0.8950 700.0000
2197 2219 0.8604 700.0000
2197 2221 0.7821 700.0000
2197 2234 0.8739 700.0000
2197 2238 0.6728 700.0000
2198 2200 0.5947 700.0000
2198 2201 0.5016 700.0000
2198 2202 0.5600 700.0000
2198 2203 0.8931 700.0000
2198 2208 0.8741 700.0000
2199 2201 0.7735 700.0000
2199 2202 0.5897 700.0000
2199 2203 0.5863 700.0000
2200 2202 0.7080 700.0000
2200 2203 0.5611 700.0000
2200 2204 0.5364 700.0000
2200 2206 0.6700 700.0000
2200 2208 0.8644 700.0000
2200 2221 0.7507 700.0000
2200 2234 0.5527 700.0000
2200 2237 0.6244 700.0000
2200 2238 0.7579 700.0000
2201 2203 0.8814 700.0000
2201 2204 0.8062 700.0000
2201 2205 0.6900 700.0000
2201 2206 0.4868 700.0000
2201 2207 0.5607 700.0000
2201 2208 0.5741 700.0000
2201 2221 0.7719 700.0000
2201 2224 0.7888 700.0000
2201 2234 0.8968 700.0000
2202 2204 0.8516 700.0000
2202 2205 0.7417 700.0000
2202 2206 0.8636 700.0000
2203 2234 0.8725 700.0000
2203 2237 0.8282 700.0000
2204 2206 0.6380 700.0000
2204 2230 0.5261 700.0000
2204 2231 0.7790 700.0000
2204 2232 0.8777 700.0000
2204 2233 0.5891 700.0000
2204 2234 0.5577 700.0000
2204 2237 0.7551 700.0000
2205 2207 0.7360 700.0000
2205 2223 0.6750 700.0000
2205 2224 0.4421 700.0000
2205 2225 0.6781 700.0000
2205 2228 0.8519 700.0000
2205 2230 0.7909 700.0000
2206 2208 0.6799 700.0000
2206 2221 0.5833 700.0000
2206 2222 0.6773 700.0000
2206 2223 0.5369 700.0000
2206 2224 0.5362 700.0000
2206 2229 0.8502 700.0000
2206 2230 0.7026 700.0000
2206 2231 0.7020 700.0000
2206 2234 0.7167 700.0000
2207 2209 0.6601 700.0000
2207 2220 0.8474 700.0000
2207 2221 0.6844 700.0000
2207 2222 0.5013 700.0000
2207 2223 0.6369 700.0000
2207 2224 0.4999 700.0000
2208 2210 0.6331 700.0000
2208 2219 0.7342 700.0000
2208 2220 0.6553 700.0000
2208 2221 0.5551 700.0000
2208 2222 0.6944 700.0000
2209 2211 0.7074 700.0000
2209 2218 0.8659 700.0000
2209 2219 0.7480 700.0000
2209 2220 0.4728 700.0000
2209 2221 0.7423 700.0000
2209 2222 0.5966 700.0000
2210 2212 0.7718 700.0000
2210 2217 0.6711 700.0000
2210 2218 0.6458 700.0000
2210 2219 0.5635 700.0000
2210 2220 0.7127 700.0000
2211 2213 0.5794 700.0000
2211 2214 0.8831 700.0000
2211 2216 0.8691 700.0000
2211 2217 0.5437 700.0000
2211 2218 0.4013 700.0000
2211 2219 0.6697 700.0000
2211 2220 0.7463 700.0000
2212 2214 0.4950 700.0000
2212 2215 0.8537 700.0000
2212 2216 0.7754 700.0000
2212 2217 0.5487 700.0000
2212 2218 0.7422 700.0000
2213 2215 0.8814 700.0000
2213 2216 0.5930 700.0000
2213 2217 0.7017 700.0000
2213 2218 0.5772 700.0000
2214 2216 0.5865 700.0000
2214 2217 0.7489 700.0000
2215 2217 0.8782 700.0000
2216 2218 0.6361 700.0000
2217 2219 0.6289 700.0000
2218 2220 0.6555 700.0000
2219 2221 0.6037 700.0000
2219 2235 0.7117 700.0000
2219 2238 0.6781 700.0000
2220 2222 0.5943 700.0000
2220 2235 0.7374 700.0000
2221 2223 0.8457 700.0000
2221 2231 0.5919 700.0000
2221 2232 0.8558 700.0000
2221 2234 0.5447 700.0000
2221 2235 0.4685 700.0000
2221 2238 0.7664 700.0000
2222 2224 0.7467 700.0000
2222 2231 0.8187 700.0000
2223 2225 0.5615 700.0000
2223 2226 0.7132 700.0000
2223 2228 0.7016 700.0000
2223 2229 0.5684 700.0000
2223 2230 0.7350 700.0000
2223 2231 0.7150 700.0000
2225 2227 0.5076 700.0000
2225 2228 0.5280 700.0000
2225 2229 0.8142 700.0000
2226 2228 0.8841 700.0000
2228 2230 0.5803 700.0000
2229 2231 0.4836 700.0000
2229 2232 0.7104 700.0000
2229 2233 0.8392 700.0000
2230 2232 0.6320 700.0000
2230 2233 0.5020 700.0000
2230 2234 0.6977 700.0000
2231 2233 0.6130 700.0000
2231 2234 0.5328 700.0000
2231 2235 0.5192 700.0000
2231 2236 0.8742 700.0000
2232 2234 0.5748 700.0000
2232 2235 0.5489 700.0000
2232 2236 0.6596 700.0000
2232 2237 0.8802 700.0000
2233 2235 0.8074 700.0000
2233 2236 0.6380 700.0000
2233 2237 0.7236 700.0000
2234 2236 0.5073 700.0000
2234 2237 0.4760 700.0000
2234 2238 0.6731 700.0000
2234 2239 0.8223 700.0000
2235 2237 0.7735 700.0000
2235 2238 0.6857 700.0000
2235 2239 0.7589 700.0000
2236 2238 0.6662 700.0000
2236 2239 0.4775 700.0000
2236 2240 0.5629 700.0000
2236 2241 0.8432 700.0000
2237 2239 0.6050 700.0000
2237 2240 0.5303 700.0000
2237 2241 0.6502 700.0000
2238 2240 0.7199 700.0000
2238 2241 0.5495 700.0000
2238 2242 0.5924 700.0000
2238 2243 0.8410 700.0000
2239 2241 0.6188 700.0000
2239 2242 0.6248 700.0000
2239 2243 0.5543 700.0000
2240 2242 0.7893 700.0000
2240 2243 0.5205 700.0000
2240 2244 0.7357 700.0000
2241 2243 0.5824 700.0000
2241 2244 0.5598 700.0000
2241 2245 0.6030 700.0000
2241 2246 0.8052 700.0000
2242 2244 0.8297 700.0000
2242 2245 0.5955 700.0000
2242 2246 0.5609 700.0000
2242 2247 0.8949 700.0000
2243 2245 0.7050 700.0000
2243 2246 0.6232 700.0000
2243 2247 0.7120 700.0000
2244 2246 0.6716 700.0000
2244 2247 0.5502 700.0000
2244 2248 0.6078 700.0000
2245 2247 0.5314 700.0000
2245 2248 0.4584 700.0000
2246 2248 0.6232 700.0000
2250 2252 0.6677 700.0000
2250 2293 0.8895 700.0000
2250 2294 0.7428 700.0000
2250 2295 0.5353 700.0000
2250 2296 0.6755 700.0000
2250 2297 0.5395 700.0000
2250 2300 0.6706 700.0000
2251 2253 0.6609 700.0000
2251 2283 0.8896 700.0000
2251 2285 0.8756 700.0000
2251 2292 0.5601 700.0000
2251 2293 0.6791 700.0000
2251 2294 0.5542 700.0000
2251 2295 0.8132 700.0000
2252 2254 0.6009 700.0000
2252 2291 0.8442 700.0000
2252 2292 0.7157 700.0000
2252 2293 0.5230 700.0000
2252 2294 0.7818 700.0000
2252 2295 0.8273 700.0000
2252 2300 0.5955 700.0000
2252 2301 0.8474 700.0000
2252 2304 0.6482 700.0000
2253 2255 0.6756 700.0000
2253 2290 0.6495 700.0000
2253 2291 0.6897 700.0000
2253 2292 0.5358 700.0000
2253 2293 0.6820 700.0000
2254 2256 0.6281 700.0000
2254 2290 0.6303 700.0000
2254 2291 0.4789 700.0000
2254 2292 0.6766 700.0000
2254 2293 0.6618 700.0000
2254 2304 0.6433 700.0000
2254 2307 0.7603 700.0000
2254 2308 0.7998 700.0000
2255 2257 0.5619 700.0000
2255 2258 0.6651 700.0000
2255 2259 0.8601 700.0000
2255 2289 0.6837 700.0000
2255 2290 0.6287 700.0000
2255 2291 0.8362 700.0000
2256 2258 0.6126 700.0000
2256 2259 0.5448 700.0000
2256 2260 0.7181 700.0000
2256 2262 0.8694 700.0000
2256 2263 0.4530 700.0000
2256 2266 0.7509 700.0000
2256 2286 0.8496 700.0000
2256 2287 0.8581 700.0000
2256 2288 0.8830 700.0000
2256 2289 0.6241 700.0000
2256 2290 0.5660 700.0000
2256 2291 0.6646 700.0000
2256 2307 0.8498 700.0000
2257 2259 0.7687 700.0000
2257 2260 0.7129 700.0000
2257 2263 0.6825 700.0000
2257 2289 0.5949 700.0000
2258 2260 0.6016 700.0000
2258 2262 0.8264 700.0000
2258 2263 0.7918 700.0000
2258 2308 0.7639 700.0000
2259 2261 0.7983 700.0000
2259 2262 0.4453 700.0000
2259 2263 0.5934 700.0000
2259 2266 0.8099 700.0000
2259 2307 0.7693 700.0000
2259 2308 0.6871 700.0000
2260 2262 0.5416 700.0000
2260 2263 0.4883 700.0000
2260 2264 0.8025 700.0000
2261 2263 0.8309 700.0000
2261 2264 0.7203 700.0000
2262 2264 0.7891 700.0000
2262 2265 0.6439 700.0000
2262 2266 0.7147 700.0000
2262 2307 0.8605 700.0000
2262 2308 0.8997 700.0000
2263 2266 0.6801 700.0000
2263 2267 0.7156 700.0000
2263 2288 0.7662 700.0000
2263 2289 0.7178 700.0000
2263 2290 0.8548 700.0000
2264 2266 0.7729 700.0000
2264 2267 0.6656 700.0000
2264 2268 0.7406 700.0000
2265 2267 0.7652 700.0000
2265 2268 0.4487 700.0000
2265 2270 0.7695 700.0000
2265 2271 0.6329 700.0000
2266 2268 0.6514 700.0000
2266 2271 0.4954 700.0000
2266 2272 0.8209 700.0000
2266 2286 0.6937 700.0000
2266 2291 0.7659 700.0000
2266 2307 0.7448 700.0000
2267 2269 0.8419 700.0000
2267 2271 0.8211 700.0000
2267 2286 0.6057 700.0000
2267 2287 0.8638 700.0000
2267 2288 0.7790 700.0000
2268 2270 0.5961 700.0000
2268 2271 0.6611 700.0000
2268 2272 0.8119 700.0000
2269 2271 0.7290 700.0000
2269 2272 0.5627 700.0000
2269 2273 0.5919 700.0000
2270 2272 0.7060 700.0000
2270 2273 0.6098 700.0000
2270 2274 0.6083 700.0000
2271 2273 0.7108 700.0000
2271 2274 0.5946 700.0000
2271 2275 0.5833 700.0000
2271 2276 0.8614 700.0000
2271 2284 0.8153 700.0000
2271 2286 0.8994 700.0000
2271 2306 0.7320 700.0000
2271 2307 0.7816 700.0000
2272 2274 0.6003 700.0000
2272 2275 0.5695 700.0000
2272 2276 0.4913 700.0000
2272 2277 0.8802 700.0000
2272 2284 0.6664 700.0000
2273 2275 0.7847 700.0000
2273 2276 0.5188 700.0000
2273 2277 0.6689 700.0000
2274 2276 0.7869 700.0000
2274 2277 0.5561 700.0000
2274 2278 0.5457 700.0000
2274 2279 0.8607 700.0000
2274 2306 0.7908 700.0000
2275 2277 0.8211 700.0000
2275 2278 0.6743 700.0000
2275 2279 0.4528 700.0000
2275 2280 0.7528 700.0000
2275 2282 0.6470 700.0000
2275 2284 0.5974 700.0000
2275 2293 0.8860 700.0000
2275 2303 0.6632 700.0000
2275 2306 0.6356 700.0000
2275 2307 0.7984 700.0000
2276 2279 0.8429 700.0000
2276 2280 0.7121 700.0000
2276 2282 0.8283 700.0000
2276 2283 0.8396 700.0000
2276 2284 0.6516 700.0000
2277 2279 0.8223 700.0000
2277 2280 0.7563 700.0000
2278 2280 0.8843 700.0000
2278 2306 0.6129 700.0000
2279 2281 0.6832 700.0000
2279 2282 0.5554 700.0000
2279 2299 0.7093 700.0000
2279 2300 0.8759 700.0000
2279 2302 0.6747 700.0000
2279 2303 0.5444 700.0000
2279 2306 0.6875 700.0000
2280 2282 0.5722 700.0000
2280 2299 0.8083 700.0000
2281 2295 0.7824 700.0000
2281 2296 0.7384 700.0000
2281 2299 0.5479 700.0000
2282 2284 0.6867 700.0000
2282 2293 0.6377 700.0000
2282 2294 0.5877 700.0000
2282 2295 0.6165 700.0000
2282 2296 0.8120 700.0000
2282 2299 0.6553 700.0000
2282 2300 0.6664 700.0000
2282 2303 0.7032 700.0000
2283 2285 0.6213 700.0000
2283 2292 0.7292 700.0000
2283 2293 0.6788 700.0000
2283 2294 0.4766 700.0000
2283 2295 0.8049 700.0000
2284 2286 0.6250 700.0000
2284 2291 0.6405 700.0000
2284 2292 0.7005 700.0000
2284 2293 0.6781 700.0000
2284 2294 0.8202 700.0000
2285 2287 0.5862 700.0000
2285 2290 0.7440 700.0000
2285 2291 0.5957 700.0000
2285 2292 0.4225 700.0000
2285 2293 0.7165 700.0000
2285 2294 0.8233 700.0000
2286 2288 0.7888 700.0000
2286 2290 0.6214 700.0000
2286 2291 0.5366 700.0000
2286 2292 0.7281 700.0000
2287 2289 0.7012 700.0000
2287 2290 0.4066 700.0000
2287 2291 0.7025 700.0000
2287 2292 0.7169 700.0000
2288 2290 0.7189 700.0000
2290 2292 0.6372 700.0000
2291 2293 0.5469 700.0000
2291 2304 0.8717 700.0000
2291 2307 0.7198 700.0000
2292 2294 0.6538 700.0000
2293 2295 0.6974 700.0000
2293 2300 0.5659 700.0000
2293 2303 0.7028 700.0000
2293 2304 0.7412 700.0000
2294 2296 0.8076 700.0000
2294 2300 0.6976 700.0000
2295 2297 0.5879 700.0000
2295 2298 0.8519 700.0000
2295 2299 0.6668 700.0000
2295 2300 0.5134 700.0000
2296 2298 0.5809 700.0000
2296 2299 0.5014 700.0000
2296 2300 0.6483 700.0000
2297 2299 0.6287 700.0000
2297 2300 0.5270 700.0000
2297 2301 0.6880 700.0000
2298 2300 0.6901 700.0000
2298 2301 0.6330 700.0000
2298 2302 0.6688 700.0000
2299 2301 0.6911 700.0000
2299 2302 0.5708 700.0000
2299 2303 0.7657 700.0000
2300 2302 0.7175 700.0000
2300 2303 0.5657 700.0000
2300 2304 0.6308 700.0000
2301 2303 0.5190 700.0000
2301 2304 0.5066 700.0000
2301 2305 0.5695 700.0000
2302 2304 0.8275 700.0000
2302 2305 0.6229 700.0000
2302 2306 0.8625 700.0000
2303 2305 0.6098 700.0000
2303 2306 0.5835 700.0000
2303 2307 0.6047 700.0000
2303 2308 0.8289 700.0000
2304 2306 0.8937 700.0000
2304 2307 0.6267 700.0000
2304 2308 0.5816 700.0000
2305 2307 0.7369 700.0000
2305 2308 0.6235 700.0000
2306 2308 0.7900 700.0000
2357 2359 0.7440 700.0000
2357 2360 0.8850 700.0000
2358 2360 0.6388 700.0000
2358 2361 0.8989 700.0000
2359 2361 0.7767 700.0000
2359 2368 0.5568 700.0000
2359 2369 0.6453 700.0000
2360 2362 0.6748 700.0000
2360 2363 0.9000 700.0000
2360 2367 0.8248 700.0000
2360 2368 0.5561 700.0000
2360 2369 0.4341 700.0000
2360 2370 0.8654 700.0000
2360 2372 0.7847 700.0000
2360 2381 0.6618 700.0000
2360 2382 0.8821 700.0000
2360 2383 0.8634 700.0000
2361 2363 0.6077 700.0000
2361 2365 0.7520 700.0000
2361 2366 0.5815 700.0000
2361 2367 0.6360 700.0000
2361 2368 0.5918 700.0000
2361 2369 0.6331 700.0000
2361 2381 0.8424 700.0000
2361 2382 0.8741 700.0000
2361 2383 0.8873 700.0000
2362 2364 0.4709 700.0000
2362 2365 0.4252 700.0000
2362 2366 0.5669 700.0000
2362 2367 0.5877 700.0000
2362 2368 0.6904 700.0000
2362 2369 0.5683 700.0000
2362 2370 0.7832 700.0000
2362 2381 0.7968 700.0000
2362 2382 0.5326 700.0000
2362 2383 0.4909 700.0000
2362 2386 0.6534 700.0000
2362 2387 0.8556 700.0000
2363 2365 0.6390 700.0000
2363 2366 0.5044 700.0000
2363 2367 0.8662 700.0000
2363 2382 0.6622 700.0000
2363 2383 0.8723 700.0000
2363 2386 0.8911 700.0000
2363 2398 0.7222 700.0000
2363 2399 0.6892 700.0000
2364 2366 0.6603 700.0000
2364 2367 0.8557 700.0000
2364 2382 0.6609 700.0000
2364 2383 0.7015 700.0000
2364 2385 0.8898 700.0000
2364 2386 0.5079 700.0000
2364 2387 0.7149 700.0000
2364 2389 0.8894 700.0000
2364 2390 0.7692 700.0000
2364 2398 0.7004 700.0000
2365 2367 0.4222 700.0000
2365 2368 0.7551 700.0000
2365 2369 0.8367 700.0000
2365 2370 0.8675 700.0000
2365 2382 0.8854 700.0000
2365 2383 0.6534 700.0000
2365 2386 0.6158 700.0000
2366 2368 0.8612 700.0000
2367 2369 0.7312 700.0000
2367 2370 0.7888 700.0000
2367 2383 0.7897 700.0000
2368 2370 0.6138 700.0000
2368 2383 0.7761 700.0000
2369 2371 0.7136 700.0000
2369 2372 0.5494 700.0000
2369 2381 0.6800 700.0000
2369 2382 0.7279 700.0000
2369 2383 0.4963 700.0000
2369 2384 0.8604 700.0000
2370 2372 0.7183 700.0000
2370 2383 0.4456 700.0000
2370 2384 0.6774 700.0000
2370 2385 0.7256 700.0000
2370 2386 0.8179 700.0000
2371 2373 0.7644 700.0000
2371 2383 0.6220 700.0000
2371 2384 0.5516 700.0000
2371 2385 0.7127 700.0000
2372 2374 0.5920 700.0000
2372 2381 0.5386 700.0000
2372 2382 0.7514 700.0000
2372 2383 0.7170 700.0000
2372 2384 0.8025 700.0000
2373 2375 0.6048 700.0000
2373 2376 0.8817 700.0000
2373 2381 0.7761 700.0000
2373 2382 0.6126 700.0000
2373 2383 0.7061 700.0000
2373 2384 0.4862 700.0000
2373 2385 0.8083 700.0000
2373 2386 0.8832 700.0000
2373 2387 0.5874 700.0000
2373 2388 0.7056 700.0000
2374 2376 0.6132 700.0000
2374 2378 0.7840 700.0000
2374 2379 0.6376 700.0000
2374 2380 0.7329 700.0000
2374 2381 0.5479 700.0000
2374 2382 0.7037 700.0000
2375 2377 0.6913 700.0000
2375 2378 0.5018 700.0000
2375 2379 0.6569 700.0000
2375 2380 0.5639 700.0000
2375 2381 0.7413 700.0000
2375 2382 0.6624 700.0000
2375 2387 0.7684 700.0000
2375 2391 0.8680 700.0000
2375 2397 0.6793 700.0000
2375 2402 0.8233 700.0000
2375 2404 0.5672 700.0000
2376 2378 0.6083 700.0000
2376 2379 0.6245 700.0000
2376 2380 0.8653 700.0000
2376 2404 0.5961 700.0000
2377 2379 0.7855 700.0000
2377 2402 0.6301 700.0000
2377 2403 0.7093 700.0000
2377 2404 0.4960 700.0000
2378 2380 0.3961 700.0000
2378 2381 0.8752 700.0000
2378 2397 0.6364 700.0000
2378 2399 0.8019 700.0000
2378 2400 0.6149 700.0000
2378 2402 0.6148 700.0000
2378 2404 0.6950 700.0000
2379 2381 0.7567 700.0000
2380 2382 0.6412 700.0000
2380 2397 0.6114 700.0000
2380 2398 0.7924 700.0000
2380 2399 0.5853 700.0000
2380 2400 0.6514 700.0000
2380 2402 0.8409 700.0000
2381 2383 0.8372 700.0000
2382 2384 0.7176 700.0000
2382 2385 0.8893 700.0000
2382 2386 0.6922 700.0000
2382 2387 0.5256 700.0000
2382 2397 0.7723 700.0000
2382 2398 0.7366 700.0000
2382 2399 0.8138 700.0000
2383 2385 0.5198 700.0000
2383 2386 0.4522 700.0000
2383 2387 0.6590 700.0000
2383 2388 0.8624 700.0000
2384 2386 0.5395 700.0000
2384 2387 0.5327 700.0000
2384 2388 0.5144 700.0000
2384 2389 0.8933 700.0000
2385 2387 0.6273 700.0000
2385 2388 0.5380 700.0000
2385 2389 0.6652 700.0000
2385 2390 0.8955 700.0000
2386 2388 0.6529 700.0000
2386 2389 0.5945 700.0000
2386 2390 0.6932 700.0000
2387 2389 0.7307 700.0000
2387 2390 0.5209 700.0000
2387 2391 0.5141 700.0000
2387 2392 0.8600 700.0000
2387 2397 0.8211 700.0000
2387 2398 0.7676 700.0000
2388 2390 0.6361 700.0000
2388 2391 0.5646 700.0000
2388 2392 0.6885 700.0000
2389 2391 0.8310 700.0000
2389 2392 0.5910 700.0000
2389 2393 0.6381 700.0000
2390 2392 0.5078 700.0000
2390 2393 0.5636 700.0000
2390 2394 0.6532 700.0000
2390 2395 0.7404 700.0000
2390 2396 0.7268 700.0000
2390 2397 0.8896 700.0000
2390 2398 0.7288 700.0000
2391 2393 0.8385 700.0000
2391 2394 0.7125 700.0000
2391 2395 0.4593 700.0000
2391 2396 0.6048 700.0000
2391 2397 0.7916 700.0000
2391 2398 0.8336 700.0000
2391 2403 0.8978 700.0000
2391 2404 0.7207 700.0000
2391 2405 0.7847 700.0000
2392 2394 0.7477 700.0000
2392 2395 0.7309 700.0000
2394 2396 0.4686 700.0000
2394 2398 0.8293 700.0000
2394 2401 0.7982 700.0000
2394 2407 0.6218 700.0000
2395 2397 0.8306 700.0000
2395 2402 0.8431 700.0000
2395 2403 0.5931 700.0000
2395 2404 0.6741 700.0000
2395 2405 0.4604 700.0000
2395 2406 0.7429 700.0000
2395 2407 0.5187 700.0000
2396 2398 0.5717 700.0000
2396 2399 0.8687 700.0000
2396 2400 0.7493 700.0000
2396 2401 0.5252 700.0000
2396 2402 0.5791 700.0000
2396 2403 0.5698 700.0000
2396 2404 0.6730 700.0000
2396 2405 0.7569 700.0000
2396 2407 0.7983 700.0000
2397 2399 0.4741 700.0000
2397 2400 0.4205 700.0000
2397 2401 0.5641 700.0000
2397 2402 0.4767 700.0000
2397 2403 0.7614 700.0000
2397 2404 0.6619 700.0000
2398 2400 0.6373 700.0000
2398 2401 0.6265 700.0000
2398 2402 0.8069 700.0000
2399 2401 0.6923 700.0000
2399 2402 0.8174 700.0000
2400 2402 0.4463 700.0000
2400 2403 0.8647 700.0000
2400 2404 0.8842 700.0000
2401 2403 0.7843 700.0000
2402 2404 0.5295 700.0000
2402 2405 0.8731 700.0000
2403 2405 0.4703 700.0000
2403 2406 0.8042 700.0000
2403 2407 0.8240 700.0000
2405 2407 0.6170 700.0000
2405 2408 0.8671 700.0000
2406 2408 0.5693 700.0000
2409 2411 0.5962 700.0000
2409 2412 0.8601 700.0000
2409 2448 0.6295 700.0000
2409 2449 0.8631 700.0000
2409 2481 0.8648 700.0000
2409 2484 0.6731 700.0000
2409 2485 0.4152 700.0000
2409 2486 0.5256 700.0000
2409 2489 0.8052 700.0000
2409 2505 0.8338 700.0000
2410 2412 0.6669 700.0000
2410 2445 0.8681 700.0000
2410 2446 0.7218 700.0000
2410 2448 0.4935 700.0000
2410 2449 0.4789 700.0000
2410 2450 0.8313 700.0000
2410 2485 0.6192 700.0000
2410 2486 0.7543 700.0000
2410 2488 0.8305 700.0000
2410 2489 0.4913 700.0000
2410 2490 0.5907 700.0000
2410 2505 0.7759 700.0000
2411 2413 0.7195 700.0000
2411 2414 0.7293 700.0000
2411 2440 0.7073 700.0000
2411 2481 0.8000 700.0000
2411 2482 0.5870 700.0000
2411 2483 0.8660 700.0000
2411 2484 0.8710 700.0000
2411 2485 0.3484 700.0000
2411 2486 0.6466 700.0000
2411 2487 0.6196 700.0000
2411 2488 0.5132 700.0000
2411 2489 0.6730 700.0000
2411 2490 0.8467 700.0000
2411 2502 0.8649 700.0000
2411 2505 0.8518 700.0000
2412 2414 0.6456 700.0000
2412 2440 0.5377 700.0000
2412 2441 0.7035 700.0000
2412 2442 0.7691 700.0000
2412 2443 0.7961 700.0000
2412 2446 0.8948 700.0000
2412 2449 0.8080 700.0000
2412 2456 0.6778 700.0000
2412 2459 0.8661 700.0000
2412 2482 0.8445 700.0000
2412 2485 0.6405 700.0000
2412 2487 0.8930 700.0000
2412 2488 0.6214 700.0000
2412 2489 0.7087 700.0000
2412 2490 0.7080 700.0000
2412 2502 0.6698 700.0000
2413 2415 0.8151 700.0000
2413 2440 0.7007 700.0000
2413 2441 0.4826 700.0000
2413 2442 0.7663 700.0000
2413 2443 0.8527 700.0000
2413 2485 0.8086 700.0000
2414 2416 0.7901 700.0000
2414 2438 0.8514 700.0000
2414 2439 0.5719 700.0000
2414 2440 0.4864 700.0000
2414 2441 0.5022 700.0000
2414 2482 0.6821 700.0000
2414 2485 0.8822 700.0000
2415 2417 0.5948 700.0000
2415 2437 0.6977 700.0000
2415 2438 0.6516 700.0000
2415 2439 0.3833 700.0000
2415 2440 0.5827 700.0000
2415 2441 0.7343 700.0000
2415 2460 0.8904 700.0000
2415 2482 0.7146 700.0000
2416 2418 0.7312 700.0000
2416 2436 0.6439 700.0000
2416 2437 0.6562 700.0000
2416 2438 0.5095 700.0000
2416 2439 0.7891 700.0000
2416 2475 0.8111 700.0000
2416 2478 0.7400 700.0000
2416 2479 0.4509 700.0000
2416 2481 0.8833 700.0000
2416 2482 0.5120 700.0000
2416 2483 0.8318 700.0000
2416 2487 0.8677 700.0000
2417 2419 0.6903 700.0000
2417 2435 0.7836 700.0000
2417 2436 0.6209 700.0000
2417 2437 0.4356 700.0000
2417 2438 0.6863 700.0000
2417 2439 0.7456 700.0000
2417 2479 0.7898 700.0000
2418 2420 0.6820 700.0000
2418 2434 0.6699 700.0000
2418 2435 0.6680 700.0000
2418 2436 0.6547 700.0000
2418 2437 0.8005 700.0000
2418 2472 0.8956 700.0000
2418 2475 0.7033 700.0000
2418 2479 0.7599 700.0000
2419 2421 0.6775 700.0000
2419 2433 0.7810 700.0000
2419 2434 0.6274 700.0000
2419 2435 0.4090 700.0000
2419 2436 0.7009 700.0000
2419 2437 0.7541 700.0000
2420 2422 0.7563 700.0000
2420 2423 0.8459 700.0000
2420 2432 0.6972 700.0000
2420 2433 0.5911 700.0000
2420 2434 0.5686 700.0000
2420 2435 0.6418 700.0000
2420 2467 0.6707 700.0000
2421 2423 0.4234 700.0000
2421 2424 0.7718 700.0000
2421 2432 0.5651 700.0000
2421 2433 0.4078 700.0000
2421 2434 0.7011 700.0000
2421 2435 0.6927 700.0000
2421 2467 0.7964 700.0000
2421 2513 0.8619 700.0000
2422 2432 0.7653 700.0000
2422 2433 0.8749 700.0000
2423 2425 0.7493 700.0000
2423 2432 0.6399 700.0000
2423 2433 0.5457 700.0000
2423 2513 0.7130 700.0000
2424 2426 0.6345 700.0000
2424 2427 0.7930 700.0000
2424 2428 0.7731 700.0000
2424 2429 0.5777 700.0000
2424 2430 0.7404 700.0000
2424 2431 0.7464 700.0000
2424 2432 0.5622 700.0000
2424 2433 0.6295 700.0000
2424 2466 0.8815 700.0000
2424 2513 0.7631 700.0000
2424 2514 0.8929 700.0000
2425 2427 0.6140 700.0000
2425 2428 0.5349 700.0000
2425 2429 0.7288 700.0000
2425 2431 0.7994 700.0000
2425 2432 0.6475 700.0000
2425 2433 0.5910 700.0000
2425 2464 0.7900 700.0000
2425 2465 0.7963 700.0000
2425 2466 0.6269 700.0000
2425 2513 0.6154 700.0000
2425 2514 0.7269 700.0000
2425 2521 0.8808 700.0000
2425 2522 0.5282 700.0000
2425 2523 0.8092 700.0000
2426 2428 0.6100 700.0000
2426 2429 0.6645 700.0000
2426 2513 0.8148 700.0000
2426 2514 0.6488 700.0000
2426 2515 0.8556 700.0000
2426 2516 0.8459 700.0000
2426 2521 0.7968 700.0000
2426 2522 0.5206 700.0000
2426 2523 0.5005 700.0000
2426 2524 0.8798 700.0000
2427 2429 0.5294 700.0000
2427 2430 0.8035 700.0000
2427 2431 0.8132 700.0000
2427 2466 0.8698 700.0000
2427 2522 0.7522 700.0000
2427 2523 0.6672 700.0000
2427 2524 0.8855 700.0000
2427 2525 0.7556 700.0000
2428 2430 0.7270 700.0000
2428 2431 0.5973 700.0000
2428 2432 0.7791 700.0000
2428 2465 0.8684 700.0000
2428 2466 0.5370 700.0000
2428 2468 0.6976 700.0000
2428 2522 0.7047 700.0000
2428 2523 0.8394 700.0000
2428 2524 0.8886 700.0000
2428 2525 0.7862 700.0000
2428 2528 0.8633 700.0000
2429 2431 0.7324 700.0000
2430 2432 0.6868 700.0000
2430 2467 0.8845 700.0000
2430 2468 0.8674 700.0000
2431 2433 0.8372 700.0000
2431 2466 0.6573 700.0000
2431 2467 0.5821 700.0000
2431 2468 0.5587 700.0000
2432 2434 0.6624 700.0000
2432 2465 0.8255 700.0000
2432 2466 0.5844 700.0000
2432 2467 0.4251 700.0000
2432 2468 0.7357 700.0000
2433 2435 0.6079 700.0000
2433 2464 0.6773 700.0000
2433 2465 0.6523 700.0000
2433 2466 0.6118 700.0000
2433 2467 0.6222 700.0000
2433 2513 0.6742 700.0000
2434 2436 0.6245 700.0000
2434 2463 0.7315 700.0000
2434 2464 0.7002 700.0000
2434 2465 0.4176 700.0000
2434 2466 0.5703 700.0000
2434 2467 0.5631 700.0000
2434 2468 0.8511 700.0000
2434 2471 0.7021 700.0000
2434 2472 0.7352 700.0000
2434 2475 0.7098 700.0000
2435 2437 0.6386 700.0000
2435 2462 0.6680 700.0000
2435 2463 0.5545 700.0000
2435 2464 0.5525 700.0000
2435 2465 0.7308 700.0000
2435 2513 0.8268 700.0000
2436 2438 0.5395 700.0000
2436 2462 0.5913 700.0000
2436 2463 0.3839 700.0000
2436 2464 0.6615 700.0000
2436 2465 0.6967 700.0000
2436 2475 0.7442 700.0000
2436 2478 0.8216 700.0000
2436 2479 0.8651 700.0000
2436 2509 0.8037 700.0000
2437 2439 0.6122 700.0000
2437 2460 0.6617 700.0000
2437 2461 0.8225 700.0000
2437 2462 0.5470 700.0000
2437 2463 0.6750 700.0000
2438 2440 0.6585 700.0000
2438 2459 0.8337 700.0000
2438 2460 0.7742 700.0000
2438 2461 0.6732 700.0000
2438 2462 0.6759 700.0000
2438 2463 0.6774 700.0000
2438 2478 0.8434 700.0000
2438 2479 0.8857 700.0000
2438 2482 0.7083 700.0000
2438 2487 0.7041 700.0000
2438 2488 0.6783 700.0000
2438 2504 0.8292 700.0000
2438 2509 0.7830 700.0000
2439 2441 0.6586 700.0000
2439 2458 0.8346 700.0000
2439 2459 0.6665 700.0000
2439 2460 0.5260 700.0000
2439 2461 0.8199 700.0000
2440 2442 0.7310 700.0000
2440 2456 0.8744 700.0000
2440 2458 0.6604 700.0000
2440 2459 0.4968 700.0000
2440 2460 0.7408 700.0000
2440 2461 0.7938 700.0000
2440 2482 0.8285 700.0000
2440 2488 0.6323 700.0000
2440 2502 0.6784 700.0000
2441 2443 0.7406 700.0000
2441 2456 0.8313 700.0000
2441 2458 0.7223 700.0000
2441 2459 0.8417 700.0000
2442 2444 0.7472 700.0000
2442 2455 0.7563 700.0000
2442 2456 0.4800 700.0000
2442 2457 0.5652 700.0000
2442 2458 0.4942 700.0000
2442 2459 0.7887 700.0000
2442 2502 0.8460 700.0000
2443 2445 0.6681 700.0000
2443 2446 0.8914 700.0000
2443 2453 0.8041 700.0000
2443 2454 0.8680 700.0000
2443 2455 0.5133 700.0000
2443 2456 0.3173 700.0000
2443 2457 0.6462 700.0000
2443 2458 0.7609 700.0000
2444 2446 0.6711 700.0000
2444 2449 0.8497 700.0000
2444 2452 0.7847 700.0000
2444 2453 0.4937 700.0000
2444 2454 0.7429 700.0000
2444 2455 0.5300 700.0000
2444 2456 0.5624 700.0000
2445 2447 0.8795 700.0000
2445 2448 0.8771 700.0000
2445 2449 0.4390 700.0000
2445 2450 0.6106 700.0000
2445 2451 0.5207 700.0000
2445 2452 0.4587 700.0000
2445 2453 0.5033 700.0000
2445 2454 0.5503 700.0000
2445 2455 0.8192 700.0000
2445 2456 0.5461 700.0000
2445 2490 0.5779 700.0000
2445 2491 0.7891 700.0000
2445 2500 0.6456 700.0000
2445 2501 0.8629 700.0000
2446 2448 0.4962 700.0000
2446 2449 0.3925 700.0000
2446 2450 0.8141 700.0000
2446 2451 0.8914 700.0000
2446 2452 0.5856 700.0000
2446 2453 0.7456 700.0000
2446 2456 0.8746 700.0000
2446 2490 0.8300 700.0000
2447 2449 0.7154 700.0000
2447 2452 0.6223 700.0000
2448 2450 0.8509 700.0000
2448 2452 0.8923 700.0000
2448 2485 0.8639 700.0000
2449 2451 0.7101 700.0000
2449 2452 0.6070 700.0000
2449 2453 0.8689 700.0000
2449 2456 0.8054 700.0000
2449 2489 0.7033 700.0000
2449 2490 0.4917 700.0000
2449 2491 0.7987 700.0000
2450 2452 0.5853 700.0000
2450 2454 0.8561 700.0000
2450 2489 0.8392 700.0000
2450 2490 0.6012 700.0000
2450 2491 0.6095 700.0000
2450 2499 0.8856 700.0000
2450 2500 0.7461 700.0000
2451 2453 0.6707 700.0000
2451 2454 0.4921 700.0000
2451 2490 0.7717 700.0000
2451 2491 0.7224 700.0000
2451 2499 0.7342 700.0000
2451 2500 0.5384 700.0000
2452 2454 0.6388 700.0000
2452 2500 0.8842 700.0000
2453 2455 0.6746 700.0000
2453 2456 0.8491 700.0000
2453 2500 0.8779 700.0000
2454 2456 0.7849 700.0000
2454 2499 0.7757 700.0000
2454 2500 0.4889 700.0000
2455 2457 0.7716 700.0000
2456 2458 0.6545 700.0000
2456 2459 0.8657 700.0000
2456 2490 0.6483 700.0000
2456 2491 0.8755 700.0000
2456 2500 0.7269 700.0000
2456 2501 0.6794 700.0000
2456 2502 0.6208 700.0000
2457 2459 0.6545 700.0000
2457 2500 0.7860 700.0000
2457 2501 0.5952 700.0000
2457 2502 0.6162 700.0000
2458 2460 0.7698 700.0000
2458 2461 0.8731 700.0000
2458 2501 0.8189 700.0000
2458 2502 0.6337 700.0000
2459 2461 0.4975 700.0000
2459 2488 0.7851 700.0000
2459 2501 0.8378 700.0000
2459 2502 0.5179 700.0000
2459 2503 0.8736 700.0000
2460 2462 0.6900 700.0000
2461 2463 0.8271 700.0000
2461 2488 0.8320 700.0000
2461 2502 0.8126 700.0000
2461 2504 0.7101 700.0000
2461 2511 0.7428 700.0000
2462 2464 0.5632 700.0000
2462 2509 0.8662 700.0000
2462 2511 0.5805 700.0000
2462 2512 0.8313 700.0000
2463 2465 0.6476 700.0000
2463 2509 0.6158 700.0000
2463 2510 0.6916 700.0000
2463 2511 0.5788 700.0000
2463 2512 0.7855 700.0000
2463 2513 0.8451 700.0000
2464 2466 0.8803 700.0000
2464 2509 0.8673 700.0000
2464 2510 0.6509 700.0000
2464 2511 0.5898 700.0000
2464 2512 0.5579 700.0000
2464 2513 0.4808 700.0000
2464 2514 0.8636 700.0000
2464 2521 0.8281 700.0000
2464 2522 0.7391 700.0000
2465 2467 0.7481 700.0000
2465 2468 0.7757 700.0000
2465 2471 0.5440 700.0000
2465 2472 0.8658 700.0000
2465 2474 0.7017 700.0000
2465 2475 0.7110 700.0000
2465 2509 0.8639 700.0000
2465 2510 0.7693 700.0000
2465 2522 0.7878 700.0000
2465 2527 0.7862 700.0000
2465 2528 0.7823 700.0000
2466 2468 0.4649 700.0000
2466 2470 0.7477 700.0000
2466 2471 0.5092 700.0000
2466 2472 0.8005 700.0000
2466 2474 0.8586 700.0000
2466 2522 0.7828 700.0000
2466 2528 0.7555 700.0000
2467 2469 0.8846 700.0000
2467 2471 0.6653 700.0000
2467 2472 0.5102 700.0000
2468 2470 0.5317 700.0000
2468 2471 0.4638 700.0000
2468 2472 0.6102 700.0000
2468 2473 0.8995 700.0000
2468 2474 0.8943 700.0000
2468 2528 0.8507 700.0000
2469 2471 0.7064 700.0000
2469 2472 0.6576 700.0000
2469 2473 0.6832 700.0000
2470 2472 0.8664 700.0000
2470 2473 0.5952 700.0000
2470 2474 0.6618 700.0000
2470 2528 0.5221 700.0000
2470 2529 0.8874 700.0000
2470 2532 0.7176 700.0000
2471 2473 0.6075 700.0000
2471 2474 0.4449 700.0000
2471 2475 0.5909 700.0000
2471 2476 0.8523 700.0000
2471 2477 0.8973 700.0000
2471 2528 0.6752 700.0000
2471 2532 0.8978 700.0000
2472 2474 0.8276 700.0000
2472 2475 0.6556 700.0000
2472 2476 0.7747 700.0000
2473 2475 0.7634 700.0000
2473 2476 0.6035 700.0000
2473 2477 0.6013 700.0000
2473 2532 0.6952 700.0000
2474 2476 0.6984 700.0000
2474 2477 0.5003 700.0000
2474 2478 0.5622 700.0000
2474 2527 0.8630 700.0000
2474 2528 0.6663 700.0000
2474 2531 0.6538 700.0000
2474 2532 0.6192 700.0000
2474 2535 0.7818 700.0000
2475 2477 0.6619 700.0000
2475 2478 0.5267 700.0000
2475 2479 0.5695 700.0000
2476 2478 0.7680 700.0000
2476 2479 0.6647 700.0000
2476 2480 0.6949 700.0000
2477 2479 0.7988 700.0000
2477 2480 0.5559 700.0000
2477 2481 0.6993 700.0000
2477 2531 0.8378 700.0000
2477 2532 0.7314 700.0000
2477 2535 0.5726 700.0000
2478 2480 0.8087 700.0000
2478 2481 0.5485 700.0000
2478 2482 0.7414 700.0000
2478 2486 0.8985 700.0000
2478 2487 0.6653 700.0000
2478 2507 0.7590 700.0000
2478 2509 0.7800 700.0000
2478 2531 0.8177 700.0000
2478 2535 0.7026 700.0000
2479 2481 0.7370 700.0000
2479 2482 0.6139 700.0000
2479 2483 0.6677 700.0000
2480 2483 0.6733 700.0000
2480 2484 0.6381 700.0000
2480 2535 0.8927 700.0000
2481 2483 0.5645 700.0000
2481 2484 0.4552 700.0000
2481 2485 0.7343 700.0000
2481 2486 0.4598 700.0000
2481 2487 0.5458 700.0000
2481 2488 0.8925 700.0000
2481 2507 0.8213 700.0000
2481 2535 0.7338 700.0000
2481 2538 0.7922 700.0000
2482 2484 0.7674 700.0000
2482 2485 0.6328 700.0000
2482 2486 0.7636 700.0000
2482 2487 0.5971 700.0000
2482 2488 0.7409 700.0000
2483 2485 0.6880 700.0000
2483 2486 0.8687 700.0000
2484 2486 0.5386 700.0000
2484 2487 0.8952 700.0000
2484 2538 0.8314 700.0000
2485 2487 0.7973 700.0000
2485 2488 0.8263 700.0000
2486 2488 0.7529 700.0000
2486 2489 0.8252 700.0000
2486 2505 0.5588 700.0000
2486 2506 0.8636 700.0000
2486 2507 0.7343 700.0000
2486 2535 0.8316 700.0000
2486 2538 0.5661 700.0000
2487 2489 0.7919 700.0000
2487 2503 0.8797 700.0000
2487 2504 0.6353 700.0000
2487 2505 0.5943 700.0000
2487 2506 0.8748 700.0000
2487 2507 0.5462 700.0000
2487 2509 0.7349 700.0000
2488 2490 0.8194 700.0000
2488 2502 0.6103 700.0000
2488 2503 0.5886 700.0000
2488 2504 0.5222 700.0000
2488 2505 0.6596 700.0000
2488 2507 0.8136 700.0000
2488 2509 0.8784 700.0000
2489 2491 0.6040 700.0000
2489 2501 0.7899 700.0000
2489 2502 0.6136 700.0000
2489 2503 0.4211 700.0000
2489 2504 0.7812 700.0000
2489 2505 0.5357 700.0000
2489 2506 0.8894 700.0000
2490 2499 0.8672 700.0000
2490 2500 0.6853 700.0000
2490 2501 0.5731 700.0000
2490 2502 0.5503 700.0000
2490 2503 0.5664 700.0000
2491 2493 0.6176 700.0000
2491 2498 0.7277 700.0000
2491 2499 0.5443 700.0000
2491 2500 0.5252 700.0000
2491 2501 0.4372 700.0000
2491 2502 0.6752 700.0000
2491 2503 0.5475 700.0000
2492 2494 0.5411 700.0000
2492 2495 0.8223 700.0000
2492 2496 0.7824 700.0000
2492 2497 0.5101 700.0000
2492 2498 0.5538 700.0000
2492 2499 0.5483 700.0000
2492 2500 0.8182 700.0000
2492 2501 0.7617 700.0000
2492 2503 0.8562 700.0000
2493 2495 0.4956 700.0000
2493 2496 0.4607 700.0000
2493 2497 0.4888 700.0000
2493 2498 0.4900 700.0000
2493 2499 0.6812 700.0000
2493 2500 0.8873 700.0000
2493 2501 0.5924 700.0000
2493 2502 0.8442 700.0000
2493 2503 0.6319 700.0000
2494 2496 0.8949 700.0000
2494 2497 0.7694 700.0000
2495 2497 0.6514 700.0000
2495 2498 0.8110 700.0000
2496 2498 0.4915 700.0000
2496 2499 0.8597 700.0000
2496 2501 0.7700 700.0000
2497 2499 0.6434 700.0000
2497 2501 0.8566 700.0000
2498 2500 0.6544 700.0000
2498 2501 0.5727 700.0000
2499 2501 0.5499 700.0000
2500 2502 0.8583 700.0000
2501 2503 0.5839 700.0000
2502 2504 0.7799 700.0000
2503 2505 0.6861 700.0000
2504 2506 0.8047 700.0000
2504 2507 0.6525 700.0000
2504 2508 0.7087 700.0000
2504 2509 0.5727 700.0000
2504 2511 0.8890 700.0000
2505 2507 0.5623 700.0000
2505 2508 0.8864 700.0000
2505 2538 0.7104 700.0000
2506 2508 0.6509 700.0000
2506 2534 0.6406 700.0000
2506 2537 0.8780 700.0000
2506 2538 0.7271 700.0000
2507 2509 0.5748 700.0000
2507 2531 0.6544 700.0000
2507 2534 0.5117 700.0000
2507 2535 0.6362 700.0000
2507 2538 0.7374 700.0000
2508 2510 0.7699 700.0000
2508 2520 0.8272 700.0000
2508 2527 0.7189 700.0000
2508 2530 0.7251 700.0000
2508 2531 0.6878 700.0000
2508 2534 0.5933 700.0000
2509 2511 0.6905 700.0000
2509 2520 0.8896 700.0000
2509 2527 0.7531 700.0000
2509 2531 0.7810 700.0000
2510 2512 0.5727 700.0000
2510 2516 0.7535 700.0000
2510 2517 0.7718 700.0000
2510 2520 0.6186 700.0000
2510 2521 0.4455 700.0000
2510 2522 0.5287 700.0000
2510 2524 0.7310 700.0000
2510 2527 0.5585 700.0000
2511 2513 0.8575 700.0000
2511 2519 0.8298 700.0000
2511 2520 0.5881 700.0000
2511 2521 0.7037 700.0000
2512 2514 0.5581 700.0000
2512 2515 0.6802 700.0000
2512 2516 0.6913 700.0000
2512 2519 0.6296 700.0000
2512 2520 0.6960 700.0000
2512 2521 0.4617 700.0000
2512 2522 0.6453 700.0000
2513 2521 0.8474 700.0000
2513 2522 0.7425 700.0000
2514 2516 0.7460 700.0000
2514 2519 0.8176 700.0000
2514 2521 0.6887 700.0000
2514 2522 0.7049 700.0000
2514 2523 0.8198 700.0000
2515 2517 0.6096 700.0000
2515 2518 0.6304 700.0000
2515 2519 0.4482 700.0000
2515 2520 0.8508 700.0000
2515 2521 0.5032 700.0000
2515 2522 0.7639 700.0000
2515 2523 0.6342 700.0000
2516 2518 0.5604 700.0000
2516 2519 0.5361 700.0000
2516 2520 0.7116 700.0000
2516 2521 0.3288 700.0000
2516 2522 0.6241 700.0000
2516 2523 0.5061 700.0000
2516 2524 0.6838 700.0000
2517 2519 0.6926 700.0000
2517 2520 0.6360 700.0000
2517 2521 0.4991 700.0000
2517 2522 0.7928 700.0000
2517 2523 0.6740 700.0000
2517 2524 0.5985 700.0000
2518 2520 0.7272 700.0000
2518 2521 0.8028 700.0000
2519 2521 0.6219 700.0000
2521 2523 0.5934 700.0000
2521 2524 0.6393 700.0000
2521 2527 0.8220 700.0000
2522 2524 0.5739 700.0000
2522 2525 0.8264 700.0000
2522 2527 0.7238 700.0000
2523 2525 0.6761 700.0000
2524 2526 0.4751 700.0000
2524 2527 0.5598 700.0000
2524 2528 0.7813 700.0000
2524 2530 0.7201 700.0000
2525 2527 0.7774 700.0000
2525 2528 0.7640 700.0000
2525 2529 0.8866 700.0000
2525 2530 0.8459 700.0000
2526 2528 0.6398 700.0000
2526 2529 0.5724 700.0000
2526 2530 0.4567 700.0000
2526 2531 0.8776 700.0000
2527 2529 0.8216 700.0000
2527 2530 0.5243 700.0000
2527 2531 0.5245 700.0000
2527 2532 0.8461 700.0000
2527 2534 0.8645 700.0000
2528 2530 0.7107 700.0000
2528 2531 0.5783 700.0000
2528 2532 0.5995 700.0000
2529 2531 0.7295 700.0000
2529 2532 0.5836 700.0000
2529 2533 0.5406 700.0000
2530 2532 0.8375 700.0000
2530 2533 0.6618 700.0000
2530 2534 0.6780 700.0000
2531 2533 0.6380 700.0000
2531 2534 0.4629 700.0000
2531 2535 0.5635 700.0000
2532 2534 0.7632 700.0000
2532 2535 0.6215 700.0000
2532 2536 0.7389 700.0000
2533 2535 0.7453 700.0000
2533 2536 0.6170 700.0000
2533 2537 0.7573 700.0000
2534 2536 0.8261 700.0000
2534 2537 0.6569 700.0000
2534 2538 0.7242 700.0000
2535 2537 0.6206 700.0000
2535 2538 0.5798 700.0000
2536 2538 0.7930 700.0000
