i	j	b_idx	d[nm]	k[kJ/mol/nm^2]
681	682	0	0.3800	8033.0000
682	683	1	0.3800	8033.0000
683	684	2	0.3800	8033.0000
684	685	3	0.3800	8033.0000
685	686	4	0.3800	8033.0000
686	687	5	0.3800	8033.0000
687	688	6	0.3800	8033.0000
688	689	7	0.3800	8033.0000
689	690	8	0.3800	8033.0000
690	691	9	0.3800	8033.0000
691	692	10	0.3800	8033.0000
692	693	11	0.3800	8033.0000
693	694	12	0.3800	8033.0000
694	695	13	0.3800	8033.0000
695	696	14	0.3800	8033.0000
696	697	15	0.3800	8033.0000
697	698	16	0.3800	8033.0000
698	699	17	0.3800	8033.0000
699	700	18	0.3800	8033.0000
700	701	19	0.3800	8033.0000
701	702	20	0.3800	8033.0000
702	703	21	0.3800	8033.0000
703	704	22	0.3800	8033.0000
704	705	23	0.3800	8033.0000
705	706	24	0.3800	8033.0000
706	707	25	0.3800	8033.0000
707	708	26	0.3800	8033.0000
708	709	27	0.3800	8033.0000
709	710	28	0.3800	8033.0000
710	711	29	0.3800	8033.0000
711	712	30	0.3800	8033.0000
712	713	31	0.3800	8033.0000
713	714	32	0.3800	8033.0000
714	715	33	0.3800	8033.0000
715	716	34	0.3800	8033.0000
716	717	35	0.3800	8033.0000
717	718	36	0.3800	8033.0000
718	719	37	0.3800	8033.0000
719	720	38	0.3800	8033.0000
720	721	39	0.3800	8033.0000
721	722	40	0.3800	8033.0000
722	723	41	0.3800	8033.0000
723	724	42	0.3800	8033.0000
724	725	43	0.3800	8033.0000
725	726	44	0.3800	8033.0000
726	727	45	0.3800	8033.0000
727	728	46	0.3800	8033.0000
728	729	47	0.3800	8033.0000
729	730	48	0.3800	8033.0000
730	731	49	0.3800	8033.0000
731	732	50	0.3800	8033.0000
732	733	51	0.3800	8033.0000
733	734	52	0.3800	8033.0000
734	735	53	0.3800	8033.0000
735	736	54	0.3800	8033.0000
736	737	55	0.3800	8033.0000
737	738	56	0.3800	8033.0000
738	739	57	0.3800	8033.0000
739	740	58	0.3800	8033.0000
740	741	59	0.3800	8033.0000
741	742	60	0.3800	8033.0000
742	743	61	0.3800	8033.0000
743	744	62	0.3800	8033.0000
744	745	63	0.3800	8033.0000
745	746	64	0.3800	8033.0000
746	747	65	0.3800	8033.0000
747	748	66	0.3800	8033.0000
748	749	67	0.3800	8033.0000
749	750	68	0.3800	8033.0000
750	751	69	0.3800	8033.0000
751	752	70	0.3800	8033.0000
752	753	71	0.3800	8033.0000
753	754	72	0.3800	8033.0000
754	755	73	0.3800	8033.0000
755	756	74	0.3800	8033.0000
756	757	75	0.3800	8033.0000
757	758	76	0.3800	8033.0000
758	759	77	0.3800	8033.0000
759	760	78	0.3800	8033.0000
760	761	79	0.3800	8033.0000
761	762	80	0.3800	8033.0000
762	763	81	0.3800	8033.0000
763	764	82	0.3800	8033.0000
764	765	83	0.3800	8033.0000
765	766	84	0.3800	8033.0000
766	767	85	0.3800	8033.0000
767	768	86	0.3800	8033.0000
768	769	87	0.3800	8033.0000
769	770	88	0.3800	8033.0000
770	771	89	0.3800	8033.0000
771	772	90	0.3800	8033.0000
772	773	91	0.3800	8033.0000
773	774	92	0.3800	8033.0000
774	775	93	0.3800	8033.0000
775	776	94	0.3800	8033.0000
776	777	95	0.3800	8033.0000
777	778	96	0.3800	8033.0000
778	779	97	0.3800	8033.0000
779	780	98	0.3800	8033.0000
780	781	99	0.3800	8033.0000
781	782	100	0.3800	8033.0000
782	783	101	0.3800	8033.0000
783	784	102	0.3800	8033.0000
784	785	103	0.3800	8033.0000
785	786	104	0.3800	8033.0000
786	787	105	0.3800	8033.0000
787	788	106	0.3800	8033.0000
788	789	107	0.3800	8033.0000
789	790	108	0.3800	8033.0000
790	791	109	0.3800	8033.0000
791	792	110	0.3800	8033.0000
792	793	111	0.3800	8033.0000
793	794	112	0.3800	8033.0000
794	795	113	0.3800	8033.0000
795	796	114	0.3800	8033.0000
796	797	115	0.3800	8033.0000
797	798	116	0.5472	8033.0000
798	799	117	0.5251	8033.0000
799	800	118	0.5638	8033.0000
800	801	119	0.4626	8033.0000
801	802	120	0.4857	8033.0000
802	803	121	0.3840	8033.0000
803	804	122	0.4547	8033.0000
804	805	123	0.5580	8033.0000
805	806	124	0.5802	8033.0000
806	807	125	0.5652	8033.0000
807	808	126	0.5157	8033.0000
808	809	127	0.4725	8033.0000
809	810	128	0.4934	8033.0000
810	811	129	0.5403	8033.0000
811	812	130	0.5848	8033.0000
812	813	131	0.6173	8033.0000
813	814	132	0.5689	8033.0000
814	815	133	0.4913	8033.0000
815	816	134	0.4015	8033.0000
816	817	135	0.5612	8033.0000
817	818	136	0.5392	8033.0000
818	819	137	0.5703	8033.0000
819	820	138	0.5888	8033.0000
820	821	139	0.5603	8033.0000
821	822	140	0.5711	8033.0000
822	823	141	0.5469	8033.0000
823	824	142	0.5535	8033.0000
824	825	143	0.5670	8033.0000
825	826	144	0.6800	8033.0000
826	827	145	0.4873	8033.0000
827	828	146	0.7412	8033.0000
828	829	147	0.5684	8033.0000
829	830	148	0.6504	8033.0000
830	831	149	0.5777	8033.0000
831	832	150	0.5418	8033.0000
832	833	151	0.6057	8033.0000
833	834	152	0.5552	8033.0000
834	835	153	0.5543	8033.0000
835	836	154	0.5179	8033.0000
836	837	155	0.5539	8033.0000
837	838	156	0.5796	8033.0000
838	839	157	0.4816	8033.0000
839	840	158	0.5481	8033.0000
840	841	159	0.5919	8033.0000
841	842	160	0.6356	8033.0000
842	843	161	0.5259	8033.0000
843	844	162	0.5242	8033.0000
844	845	163	0.3503	8033.0000
845	846	164	0.4719	8033.0000
846	847	165	0.4792	8033.0000
847	848	166	0.4226	8033.0000
848	849	167	0.5549	8033.0000
849	850	168	0.5234	8033.0000
850	851	169	0.5514	8033.0000
851	852	170	0.6212	8033.0000
852	853	171	0.5677	8033.0000
853	854	172	0.5563	8033.0000
854	855	173	0.4032	8033.0000
855	856	174	0.3783	8033.0000
856	857	175	0.4798	8033.0000
857	858	176	0.5932	8033.0000
858	859	177	0.5513	8033.0000
859	860	178	0.4661	8033.0000
860	861	179	0.5211	8033.0000
861	862	180	0.6051	8033.0000
862	863	181	0.5860	8033.0000
863	864	182	0.5680	8033.0000
864	865	183	0.5608	8033.0000
865	866	184	0.4841	8033.0000
866	867	185	0.5830	8033.0000
867	868	186	0.6102	8033.0000
868	869	187	0.5612	8033.0000
869	870	188	0.6071	8033.0000
870	871	189	0.5257	8033.0000
871	872	190	0.5569	8033.0000
872	873	191	0.5839	8033.0000
873	874	192	0.5743	8033.0000
874	875	193	0.6295	8033.0000
875	876	194	0.5218	8033.0000
876	877	195	0.4850	8033.0000
877	878	196	0.4946	8033.0000
878	879	197	0.4153	8033.0000
879	880	198	0.5820	8033.0000
880	881	199	0.3800	8033.0000
881	882	200	0.3800	8033.0000
882	883	201	0.3800	8033.0000
883	884	202	0.3800	8033.0000
884	885	203	0.3800	8033.0000
885	886	204	0.3800	8033.0000
886	887	205	0.3800	8033.0000
887	888	206	0.3800	8033.0000
888	889	207	0.3800	8033.0000
889	890	208	0.3800	8033.0000
890	891	209	0.3800	8033.0000
891	892	210	0.3800	8033.0000
892	893	211	0.3800	8033.0000
893	894	212	0.3800	8033.0000
894	895	213	0.3800	8033.0000
895	896	214	0.3800	8033.0000
896	897	215	0.3800	8033.0000
897	898	216	0.3800	8033.0000
898	899	217	0.3800	8033.0000
899	900	218	0.3800	8033.0000
900	901	219	0.3800	8033.0000
901	902	220	0.3800	8033.0000
902	903	221	0.3800	8033.0000
903	904	222	0.3800	8033.0000
904	905	223	0.3800	8033.0000
905	906	224	0.3800	8033.0000
906	907	225	0.3800	8033.0000
907	908	226	0.3800	8033.0000
908	909	227	0.3800	8033.0000
909	910	228	0.3800	8033.0000
910	911	229	0.3800	8033.0000
911	912	230	0.3800	8033.0000
912	913	231	0.3800	8033.0000
913	914	232	0.3800	8033.0000
914	915	233	0.3800	8033.0000
915	916	234	0.3800	8033.0000
916	917	235	0.3800	8033.0000
917	918	236	0.3800	8033.0000
918	919	237	0.3800	8033.0000
919	920	238	0.3800	8033.0000
920	921	239	0.3800	8033.0000
921	922	240	0.3800	8033.0000
922	923	241	0.3800	8033.0000
923	924	242	0.3800	8033.0000
924	925	243	0.3800	8033.0000
925	926	244	0.3800	8033.0000
926	927	245	0.3800	8033.0000
927	928	246	0.3800	8033.0000
928	929	247	0.3800	8033.0000
929	930	248	0.3800	8033.0000
930	931	249	0.3800	8033.0000
931	932	250	0.3800	8033.0000
932	933	251	0.3800	8033.0000
933	934	252	0.3800	8033.0000
934	935	253	0.3800	8033.0000
935	936	254	0.3800	8033.0000
936	937	255	0.3800	8033.0000
937	938	256	0.3800	8033.0000
938	939	257	0.3800	8033.0000
939	940	258	0.3800	8033.0000
940	941	259	0.3800	8033.0000
941	942	260	0.3800	8033.0000
942	943	261	0.3800	8033.0000
943	944	262	0.3800	8033.0000
944	945	263	0.3800	8033.0000
945	946	264	0.3800	8033.0000
946	947	265	0.3800	8033.0000
947	948	266	0.3800	8033.0000
948	949	267	0.3800	8033.0000
949	950	268	0.3800	8033.0000
950	951	269	0.3800	8033.0000
951	952	270	0.3800	8033.0000
952	953	271	0.3800	8033.0000
953	954	272	0.3800	8033.0000
954	955	273	0.3800	8033.0000
955	956	274	0.3800	8033.0000
956	957	275	0.3800	8033.0000
957	958	276	0.3800	8033.0000
958	959	277	0.3800	8033.0000
959	960	278	0.3800	8033.0000
960	961	279	0.3800	8033.0000
961	962	280	0.3800	8033.0000
962	963	281	0.3800	8033.0000
963	964	282	0.3800	8033.0000
964	965	283	0.3800	8033.0000
965	966	284	0.3800	8033.0000
966	967	285	0.3800	8033.0000
967	968	286	0.3800	8033.0000
968	969	287	0.3800	8033.0000
969	970	288	0.3800	8033.0000
970	971	289	0.3800	8033.0000
971	972	290	0.3800	8033.0000
972	973	291	0.3800	8033.0000
973	974	292	0.3800	8033.0000
974	975	293	0.3800	8033.0000
975	976	294	0.3800	8033.0000
976	977	295	0.3800	8033.0000
977	978	296	0.3800	8033.0000
978	979	297	0.4909	8033.0000
979	980	298	0.5335	8033.0000
980	981	299	0.3642	8033.0000
981	982	300	0.4167	8033.0000
982	983	301	0.6670	8033.0000
983	984	302	0.3946	8033.0000
984	985	303	0.3896	8033.0000
985	986	304	0.5570	8033.0000
986	987	305	0.3319	8033.0000
987	988	306	0.4660	8033.0000
988	989	307	0.5055	8033.0000
989	990	308	0.7666	8033.0000
990	991	309	0.3888	8033.0000
991	992	310	0.4543	8033.0000
992	993	311	0.4193	8033.0000
993	994	312	0.5033	8033.0000
994	995	313	0.5242	8033.0000
995	996	314	0.4008	8033.0000
996	997	315	0.4154	8033.0000
997	998	316	0.5686	8033.0000
998	999	317	0.4823	8033.0000
999	1000	318	0.6050	8033.0000
1000	1001	319	0.5451	8033.0000
1001	1002	320	0.5201	8033.0000
1002	1003	321	0.5389	8033.0000
1003	1004	322	0.4373	8033.0000
1004	1005	323	0.5433	8033.0000
1005	1006	324	0.6787	8033.0000
1006	1007	325	0.4892	8033.0000
1007	1008	326	0.4427	8033.0000
1008	1009	327	0.4881	8033.0000
1009	1010	328	0.3925	8033.0000
1010	1011	329	0.4925	8033.0000
1011	1012	330	0.5308	8033.0000
1012	1013	331	0.4598	8033.0000
1013	1014	332	0.4980	8033.0000
1014	1015	333	0.4534	8033.0000
1015	1016	334	0.7084	8033.0000
1016	1017	335	0.5086	8033.0000
1017	1018	336	0.4258	8033.0000
1018	1019	337	0.4024	8033.0000
1019	1020	338	0.4374	8033.0000
1020	1021	339	0.5761	8033.0000
1021	1022	340	0.5564	8033.0000
1022	1023	341	0.6379	8033.0000
1023	1024	342	0.4946	8033.0000
1024	1025	343	0.5600	8033.0000
1025	1026	344	0.5733	8033.0000
1026	1027	345	0.5269	8033.0000
1027	1028	346	0.4261	8033.0000
1028	1029	347	0.5298	8033.0000
1029	1030	348	0.5188	8033.0000
1030	1031	349	0.5276	8033.0000
1031	1032	350	0.5354	8033.0000
1032	1033	351	0.5387	8033.0000
1033	1034	352	0.5395	8033.0000
1034	1035	353	0.5487	8033.0000
1035	1036	354	0.4105	8033.0000
1036	1037	355	0.4465	8033.0000
1037	1038	356	0.5306	8033.0000
1038	1039	357	0.5724	8033.0000
1039	1040	358	0.6542	8033.0000
1040	1041	359	0.6170	8033.0000
1041	1042	360	0.6268	8033.0000
1042	1043	361	0.5291	8033.0000
1043	1044	362	0.4894	8033.0000
1044	1045	363	0.4404	8033.0000
1045	1046	364	0.5522	8033.0000
1046	1047	365	0.5314	8033.0000
1047	1048	366	0.5515	8033.0000
1048	1049	367	0.4537	8033.0000
1049	1050	368	0.5154	8033.0000
1050	1051	369	0.5689	8033.0000
1051	1052	370	0.5105	8033.0000
1052	1053	371	0.5440	8033.0000
1053	1054	372	0.3867	8033.0000
1054	1055	373	0.5439	8033.0000
1055	1056	374	0.4356	8033.0000
1056	1057	375	0.3800	8033.0000
1057	1058	376	0.3800	8033.0000
1058	1059	377	0.3800	8033.0000
1059	1060	378	0.3800	8033.0000
1060	1061	379	0.3800	8033.0000
1061	1062	380	0.3800	8033.0000
1062	1063	381	0.3800	8033.0000
1063	1064	382	0.3800	8033.0000
1064	1065	383	0.3800	8033.0000
1065	1066	384	0.3800	8033.0000
1066	1067	385	0.3800	8033.0000
1067	1068	386	0.3800	8033.0000
1068	1069	387	0.3800	8033.0000
1069	1070	388	0.3800	8033.0000
1070	1071	389	0.3800	8033.0000
1071	1072	390	0.3800	8033.0000
1072	1073	391	0.3800	8033.0000
1073	1074	392	0.3800	8033.0000
1074	1075	393	0.3800	8033.0000
1075	1076	394	0.3800	8033.0000
1076	1077	395	0.3800	8033.0000
1077	1078	396	0.3800	8033.0000
1078	1079	397	0.3800	8033.0000
1079	1080	398	0.3800	8033.0000
1080	1081	399	0.3800	8033.0000
1081	1082	400	0.3800	8033.0000
1082	1083	401	0.3800	8033.0000
1083	1084	402	0.3800	8033.0000
1084	1085	403	0.3800	8033.0000
1085	1086	404	0.3800	8033.0000
1086	1087	405	0.3800	8033.0000
1087	1088	406	0.3800	8033.0000
1088	1089	407	0.3800	8033.0000
1089	1090	408	0.3800	8033.0000
1090	1091	409	0.3800	8033.0000
1091	1092	410	0.3800	8033.0000
1092	1093	411	0.3800	8033.0000
1093	1094	412	0.3800	8033.0000
1094	1095	413	0.3800	8033.0000
1095	1096	414	0.3800	8033.0000
1096	1097	415	0.3800	8033.0000
1097	1098	416	0.3800	8033.0000
1098	1099	417	0.3800	8033.0000
1099	1100	418	0.3800	8033.0000
1100	1101	419	0.3800	8033.0000
1101	1102	420	0.3800	8033.0000
1102	1103	421	0.3800	8033.0000
1103	1104	422	0.3800	8033.0000
1104	1105	423	0.3800	8033.0000
1105	1106	424	0.3800	8033.0000
1106	1107	425	0.3800	8033.0000
1107	1108	426	0.3800	8033.0000
1108	1109	427	0.3800	8033.0000
1109	1110	428	0.3800	8033.0000
1110	1111	429	0.3800	8033.0000
1111	1112	430	0.3800	8033.0000
1112	1113	431	0.3800	8033.0000
1113	1114	432	0.3800	8033.0000
1114	1115	433	0.3800	8033.0000
1115	1116	434	0.3800	8033.0000
1116	1117	435	0.3800	8033.0000
1117	1118	436	0.3800	8033.0000
1118	1119	437	0.3800	8033.0000
1119	1120	438	0.3800	8033.0000
1120	1121	439	0.3800	8033.0000
1121	1122	440	0.3800	8033.0000
1122	1123	441	0.3800	8033.0000
1123	1124	442	0.3800	8033.0000
1124	1125	443	0.3800	8033.0000
1125	1126	444	0.3800	8033.0000
1126	1127	445	0.3800	8033.0000
1127	1128	446	0.3800	8033.0000
1128	1129	447	0.3800	8033.0000
1129	1130	448	0.3800	8033.0000
1130	1131	449	0.3930	8033.0000
1131	1132	450	0.5028	8033.0000
1132	1133	451	0.4376	8033.0000
1133	1134	452	0.4317	8033.0000
1134	1135	453	0.4852	8033.0000
1135	1136	454	0.6207	8033.0000
1136	1137	455	0.5192	8033.0000
1137	1138	456	0.6835	8033.0000
1138	1139	457	0.4305	8033.0000
1139	1140	458	0.6956	8033.0000
1140	1141	459	0.5082	8033.0000
1141	1142	460	0.4684	8033.0000
1142	1143	461	0.5258	8033.0000
1143	1144	462	0.5447	8033.0000
1144	1145	463	0.6373	8033.0000
1145	1146	464	0.4041	8033.0000
1146	1147	465	0.4265	8033.0000
1147	1148	466	0.3512	8033.0000
1148	1149	467	0.5401	8033.0000
1149	1150	468	0.5431	8033.0000
1150	1151	469	0.6083	8033.0000
1151	1152	470	0.3492	8033.0000
1152	1153	471	0.4345	8033.0000
1153	1154	472	0.4903	8033.0000
1154	1155	473	0.6629	8033.0000
1155	1156	474	0.4893	8033.0000
1156	1157	475	0.4703	8033.0000
1157	1158	476	0.3924	8033.0000
1158	1159	477	0.4605	8033.0000
1159	1160	478	0.5533	8033.0000
1160	1161	479	0.5348	8033.0000
1161	1162	480	0.3561	8033.0000
1162	1163	481	0.4438	8033.0000
1163	1164	482	0.6223	8033.0000
1164	1165	483	0.6170	8033.0000
1165	1166	484	0.5173	8033.0000
1166	1167	485	0.4297	8033.0000
1167	1168	486	0.4940	8033.0000
1168	1169	487	0.4849	8033.0000
1169	1170	488	0.5199	8033.0000
1170	1171	489	0.5472	8033.0000
1171	1172	490	0.4714	8033.0000
1172	1173	491	0.6139	8033.0000
1173	1174	492	0.7122	8033.0000
1174	1175	493	0.4760	8033.0000
1175	1176	494	0.5709	8033.0000
1176	1177	495	0.5888	8033.0000
1177	1178	496	0.4707	8033.0000
1178	1179	497	0.4402	8033.0000
1179	1180	498	0.5695	8033.0000
1180	1181	499	0.5707	8033.0000
1181	1182	500	0.4292	8033.0000
1182	1183	501	0.6801	8033.0000
1183	1184	502	0.6270	8033.0000
1184	1185	503	0.5802	8033.0000
1185	1186	504	0.4886	8033.0000
1186	1187	505	0.3431	8033.0000
1187	1188	506	0.3763	8033.0000
1188	1189	507	0.5632	8033.0000
1189	1190	508	0.3929	8033.0000
1190	1191	509	0.6139	8033.0000
1191	1192	510	0.4271	8033.0000
1192	1193	511	0.3786	8033.0000
1193	1194	512	0.5240	8033.0000
1194	1195	513	0.7108	8033.0000
1195	1196	514	0.4567	8033.0000
1196	1197	515	0.5085	8033.0000
1197	1198	516	0.4679	8033.0000
1198	1199	517	0.4858	8033.0000
1199	1200	518	0.3904	8033.0000
1200	1201	519	0.6357	8033.0000
1201	1202	520	0.5854	8033.0000
1202	1203	521	0.3583	8033.0000
1203	1204	522	0.5885	8033.0000
1204	1205	523	0.6665	8033.0000
1205	1206	524	0.5125	8033.0000
1206	1207	525	0.5117	8033.0000
1207	1208	526	0.5358	8033.0000
1208	1209	527	0.4884	8033.0000
1209	1210	528	0.4635	8033.0000
1210	1211	529	0.5160	8033.0000
1211	1212	530	0.3497	8033.0000
1212	1213	531	0.3911	8033.0000
1213	1214	532	0.5209	8033.0000
1214	1215	533	0.5696	8033.0000
1215	1216	534	0.4358	8033.0000
1216	1217	535	0.5036	8033.0000
1217	1218	536	0.5315	8033.0000
1218	1219	537	0.5310	8033.0000
1219	1220	538	0.4673	8033.0000
1220	1221	539	0.6740	8033.0000
1221	1222	540	0.5220	8033.0000
1222	1223	541	0.5797	8033.0000
1223	1224	542	0.6578	8033.0000
1224	1225	543	0.7659	8033.0000
1225	1226	544	0.5262	8033.0000
1226	1227	545	0.5201	8033.0000
1227	1228	546	0.6036	8033.0000
1228	1229	547	0.5606	8033.0000
1229	1230	548	0.4795	8033.0000
1230	1231	549	0.3442	8033.0000
1231	1232	550	0.4258	8033.0000
1232	1233	551	0.3800	8033.0000
1233	1234	552	0.3800	8033.0000
1234	1235	553	0.3800	8033.0000
1235	1236	554	0.3800	8033.0000
1236	1237	555	0.3800	8033.0000
1237	1238	556	0.3800	8033.0000
1238	1239	557	0.3800	8033.0000
1239	1240	558	0.3800	8033.0000
1240	1241	559	0.3800	8033.0000
1241	1242	560	0.3800	8033.0000
1242	1243	561	0.3800	8033.0000
1243	1244	562	0.3800	8033.0000
1244	1245	563	0.3800	8033.0000
1245	1246	564	0.3800	8033.0000
1246	1247	565	0.3800	8033.0000
1247	1248	566	0.3800	8033.0000
1248	1249	567	0.3800	8033.0000
1249	1250	568	0.3800	8033.0000
1250	1251	569	0.3800	8033.0000
1251	1252	570	0.3800	8033.0000
1252	1253	571	0.3800	8033.0000
1253	1254	572	0.3800	8033.0000
1254	1255	573	0.3800	8033.0000
1255	1256	574	0.3800	8033.0000
1256	1257	575	0.3800	8033.0000
1257	1258	576	0.3800	8033.0000
1258	1259	577	0.3800	8033.0000
1259	1260	578	0.3800	8033.0000
1260	1261	579	0.3800	8033.0000
1261	1262	580	0.3800	8033.0000
1262	1263	581	0.3800	8033.0000
1263	1264	582	0.3800	8033.0000
1264	1265	583	0.3800	8033.0000
1265	1266	584	0.3800	8033.0000
1266	1267	585	0.3800	8033.0000
1267	1268	586	0.3800	8033.0000
1268	1269	587	0.3800	8033.0000
1269	1270	588	0.3800	8033.0000
1270	1271	589	0.3800	8033.0000
1271	1272	590	0.3800	8033.0000
1272	1273	591	0.3800	8033.0000
1273	1274	592	0.3800	8033.0000
1274	1275	593	0.3800	8033.0000
1275	1276	594	0.3800	8033.0000
1276	1277	595	0.3800	8033.0000
1277	1278	596	0.3800	8033.0000
1278	1279	597	0.3800	8033.0000
1279	1280	598	0.3800	8033.0000
1280	1281	599	0.3800	8033.0000
1281	1282	600	0.3800	8033.0000
1282	1283	601	0.3800	8033.0000
1283	1284	602	0.3800	8033.0000
1284	1285	603	0.3800	8033.0000
1285	1286	604	0.3800	8033.0000
1286	1287	605	0.3800	8033.0000
1287	1288	606	0.3800	8033.0000
1288	1289	607	0.3800	8033.0000
1289	1290	608	0.3800	8033.0000
1290	1291	609	0.3800	8033.0000
1291	1292	610	0.3800	8033.0000
1292	1293	611	0.3800	8033.0000
1293	1294	612	0.3800	8033.0000
1294	1295	613	0.3800	8033.0000
1295	1296	614	0.3800	8033.0000
1296	1297	615	0.3800	8033.0000
1297	1298	616	0.3800	8033.0000
1298	1299	617	0.3800	8033.0000
1299	1300	618	0.3800	8033.0000
1300	1301	619	0.3800	8033.0000
1301	1302	620	0.3800	8033.0000
1302	1303	621	0.3800	8033.0000
1303	1304	622	0.3800	8033.0000
1304	1305	623	0.3800	8033.0000
1305	1306	624	0.3800	8033.0000
1306	1307	625	0.3800	8033.0000
1307	1308	626	0.3800	8033.0000
1308	1309	627	0.3800	8033.0000
1309	1310	628	0.3800	8033.0000
1310	1311	629	0.3800	8033.0000
1311	1312	630	0.3800	8033.0000
1312	1313	631	0.3800	8033.0000
1313	1314	632	0.3800	8033.0000
1314	1315	633	0.3800	8033.0000
1315	1316	634	0.3800	8033.0000
1316	1317	635	0.3800	8033.0000
1317	1318	636	0.3800	8033.0000
1318	1319	637	0.3800	8033.0000
1319	1320	638	0.3800	8033.0000
1320	1321	639	0.3800	8033.0000
1321	1322	640	0.3800	8033.0000
1322	1323	641	0.3800	8033.0000
1323	1324	642	0.3800	8033.0000
1324	1325	643	0.3800	8033.0000
1325	1326	644	0.3800	8033.0000
1326	1327	645	0.3800	8033.0000
1327	1328	646	0.3800	8033.0000
1328	1329	647	0.3800	8033.0000
1329	1330	648	0.3800	8033.0000
1330	1331	649	0.3800	8033.0000
1331	1332	650	0.3800	8033.0000
1332	1333	651	0.3800	8033.0000
1333	1334	652	0.3800	8033.0000
1334	1335	653	0.3800	8033.0000
1335	1336	654	0.3800	8033.0000
1336	1337	655	0.3800	8033.0000
1337	1338	656	0.3800	8033.0000
1338	1339	657	0.3800	8033.0000
1339	1340	658	0.3800	8033.0000
1340	1341	659	0.3800	8033.0000
1341	1342	660	0.3800	8033.0000
1342	1343	661	0.3800	8033.0000
1343	1344	662	0.3800	8033.0000
1344	1345	663	0.3800	8033.0000
1345	1346	664	0.3800	8033.0000
1346	1347	665	0.3800	8033.0000
1347	1348	666	0.3800	8033.0000
1348	1349	667	0.3800	8033.0000
1349	1350	668	0.3800	8033.0000
1350	1351	669	0.3800	8033.0000
1351	1352	670	0.3800	8033.0000
1352	1353	671	0.3800	8033.0000
1353	1354	672	0.3800	8033.0000
1354	1355	673	0.3800	8033.0000
1355	1356	674	0.3800	8033.0000
1356	1357	675	0.3800	8033.0000
