i j d[nm] fc
798 800 0.7764 700.0000
799 801 0.7100 700.0000
800 802 0.6699 700.0000
801 803 0.7886 700.0000
801 805 0.6676 700.0000
802 804 0.5721 700.0000
802 805 0.5098 700.0000
802 806 0.7916 700.0000
803 805 0.6242 700.0000
803 806 0.6276 700.0000
803 807 0.7638 700.0000
804 806 0.7730 700.0000
804 807 0.6533 700.0000
804 808 0.8126 700.0000
805 807 0.8183 700.0000
805 808 0.6916 700.0000
805 809 0.8331 700.0000
806 808 0.6552 700.0000
806 809 0.5815 700.0000
806 810 0.6873 700.0000
807 809 0.7593 700.0000
807 810 0.6208 700.0000
807 811 0.6497 700.0000
808 810 0.6509 700.0000
808 811 0.5542 700.0000
808 812 0.6141 700.0000
809 811 0.7343 700.0000
809 812 0.5452 700.0000
809 813 0.6834 700.0000
810 812 0.7131 700.0000
810 813 0.5621 700.0000
810 814 0.6719 700.0000
811 813 0.7928 700.0000
811 814 0.5945 700.0000
811 815 0.7321 700.0000
812 814 0.7981 700.0000
812 815 0.6386 700.0000
812 816 0.6955 700.0000
813 815 0.6746 700.0000
813 816 0.6101 700.0000
813 817 0.6552 700.0000
814 816 0.7412 700.0000
814 817 0.5833 700.0000
814 818 0.6476 700.0000
815 817 0.6122 700.0000
815 818 0.4971 700.0000
815 819 0.6080 700.0000
815 820 0.8800 700.0000
816 818 0.6941 700.0000
816 819 0.5493 700.0000
816 820 0.6745 700.0000
817 819 0.7893 700.0000
817 820 0.5635 700.0000
817 821 0.6448 700.0000
818 820 0.7076 700.0000
818 821 0.5091 700.0000
818 822 0.5988 700.0000
819 821 0.7781 700.0000
819 822 0.5714 700.0000
819 823 0.6296 700.0000
820 822 0.7815 700.0000
820 823 0.5950 700.0000
820 824 0.6290 700.0000
821 823 0.7397 700.0000
821 824 0.5629 700.0000
821 825 0.6132 700.0000
822 824 0.7783 700.0000
822 825 0.5649 700.0000
822 826 0.7588 700.0000
823 825 0.7220 700.0000
823 826 0.5861 700.0000
823 827 0.5590 700.0000
824 826 0.8251 700.0000
824 827 0.6377 700.0000
824 828 0.6674 700.0000
825 827 0.8416 700.0000
825 828 0.5890 700.0000
825 829 0.6237 700.0000
826 828 0.8015 700.0000
826 829 0.5634 700.0000
826 830 0.5340 700.0000
826 833 0.8875 700.0000
827 829 0.8417 700.0000
827 830 0.5621 700.0000
827 831 0.7128 700.0000
828 830 0.8210 700.0000
828 831 0.5758 700.0000
828 832 0.5398 700.0000
829 831 0.7999 700.0000
829 832 0.5319 700.0000
829 833 0.6355 700.0000
830 832 0.7534 700.0000
830 833 0.5500 700.0000
830 834 0.6019 700.0000
831 833 0.7926 700.0000
831 834 0.6079 700.0000
831 835 0.6096 700.0000
832 834 0.7708 700.0000
832 835 0.5786 700.0000
832 836 0.6439 700.0000
833 835 0.7819 700.0000
833 836 0.5622 700.0000
833 837 0.6054 700.0000
834 836 0.6724 700.0000
834 837 0.5189 700.0000
834 838 0.6425 700.0000
835 837 0.7898 700.0000
835 838 0.5992 700.0000
835 839 0.6246 700.0000
836 838 0.6879 700.0000
836 839 0.5328 700.0000
836 840 0.5948 700.0000
837 839 0.7639 700.0000
837 840 0.6098 700.0000
837 841 0.6563 700.0000
838 840 0.7405 700.0000
838 841 0.5787 700.0000
838 842 0.7196 700.0000
839 841 0.7425 700.0000
839 842 0.5892 700.0000
839 843 0.8101 700.0000
840 842 0.7734 700.0000
840 843 0.7075 700.0000
840 844 0.8517 700.0000
841 843 0.8378 700.0000
841 844 0.6848 700.0000
842 844 0.7041 700.0000
843 845 0.7967 700.0000
844 846 0.8174 700.0000
845 847 0.7639 700.0000
845 848 0.8541 700.0000
846 848 0.7869 700.0000
847 849 0.8558 700.0000
848 850 0.7649 700.0000
848 851 0.7907 700.0000
849 851 0.8392 700.0000
850 852 0.7941 700.0000
850 853 0.8663 700.0000
851 853 0.8234 700.0000
851 854 0.7621 700.0000
852 854 0.7794 700.0000
852 855 0.8819 700.0000
853 855 0.7175 700.0000
853 856 0.7150 700.0000
853 857 0.8934 700.0000
854 856 0.6066 700.0000
854 857 0.6134 700.0000
854 858 0.7843 700.0000
855 857 0.6198 700.0000
855 858 0.5911 700.0000
855 859 0.8127 700.0000
856 858 0.6864 700.0000
856 859 0.6846 700.0000
856 860 0.8459 700.0000
857 859 0.7844 700.0000
857 860 0.7100 700.0000
857 861 0.8780 700.0000
858 860 0.7241 700.0000
858 861 0.7594 700.0000
858 862 0.8083 700.0000
859 861 0.8113 700.0000
859 862 0.6131 700.0000
859 863 0.7677 700.0000
860 862 0.6373 700.0000
860 863 0.5532 700.0000
860 864 0.6731 700.0000
861 863 0.7683 700.0000
861 864 0.5278 700.0000
861 865 0.6591 700.0000
862 864 0.7884 700.0000
862 865 0.6328 700.0000
862 866 0.7114 700.0000
863 865 0.7606 700.0000
863 866 0.6315 700.0000
863 867 0.7319 700.0000
864 866 0.7516 700.0000
864 867 0.6131 700.0000
864 868 0.7499 700.0000
865 867 0.7381 700.0000
865 868 0.5752 700.0000
865 869 0.6576 700.0000
866 868 0.7456 700.0000
866 869 0.5552 700.0000
866 870 0.7394 700.0000
867 869 0.7832 700.0000
867 870 0.6139 700.0000
867 871 0.6884 700.0000
868 870 0.7938 700.0000
868 871 0.6017 700.0000
868 872 0.6417 700.0000
869 871 0.7630 700.0000
869 872 0.6108 700.0000
869 873 0.7380 700.0000
870 872 0.7842 700.0000
870 873 0.6161 700.0000
870 874 0.6480 700.0000
871 873 0.7285 700.0000
871 874 0.5474 700.0000
871 875 0.6979 700.0000
872 874 0.8021 700.0000
872 875 0.6603 700.0000
872 876 0.6876 700.0000
873 875 0.8181 700.0000
873 876 0.6040 700.0000
873 877 0.6759 700.0000
874 876 0.7564 700.0000
874 877 0.6034 700.0000
874 878 0.7196 700.0000
875 877 0.7090 700.0000
875 878 0.5340 700.0000
875 879 0.5482 700.0000
876 878 0.6564 700.0000
876 879 0.5539 700.0000
877 879 0.6764 700.0000
979 981 0.5634 700.0000
979 982 0.8530 700.0000
979 983 0.6749 700.0000
979 984 0.7671 700.0000
979 1000 0.8857 700.0000
980 982 0.4361 700.0000
980 983 0.5729 700.0000
980 984 0.8093 700.0000
980 988 0.8846 700.0000
980 989 0.7650 700.0000
980 1000 0.7184 700.0000
980 1003 0.7045 700.0000
980 1004 0.8648 700.0000
981 983 0.7553 700.0000
981 984 0.8183 700.0000
981 989 0.6292 700.0000
982 984 0.7756 700.0000
982 987 0.8699 700.0000
982 988 0.5853 700.0000
982 989 0.4668 700.0000
982 990 0.6285 700.0000
982 991 0.8256 700.0000
982 1003 0.7139 700.0000
982 1007 0.7714 700.0000
982 1011 0.8880 700.0000
983 985 0.7310 700.0000
983 986 0.5196 700.0000
983 987 0.5716 700.0000
983 988 0.6651 700.0000
983 989 0.6838 700.0000
983 997 0.6394 700.0000
983 999 0.8330 700.0000
983 1000 0.5697 700.0000
983 1002 0.8675 700.0000
983 1003 0.5341 700.0000
983 1004 0.8879 700.0000
984 986 0.4549 700.0000
984 987 0.4230 700.0000
984 988 0.6906 700.0000
984 989 0.5314 700.0000
984 997 0.7939 700.0000
984 1003 0.8655 700.0000
985 987 0.6202 700.0000
985 989 0.8315 700.0000
986 988 0.7284 700.0000
986 989 0.8579 700.0000
986 995 0.6994 700.0000
986 996 0.5513 700.0000
986 997 0.4595 700.0000
986 998 0.7290 700.0000
986 999 0.8036 700.0000
986 1002 0.8940 700.0000
986 1003 0.8069 700.0000
987 989 0.6076 700.0000
987 993 0.7974 700.0000
987 994 0.5985 700.0000
987 995 0.4990 700.0000
987 996 0.5482 700.0000
987 997 0.5434 700.0000
987 1003 0.7958 700.0000
988 990 0.6467 700.0000
988 991 0.7874 700.0000
988 992 0.7709 700.0000
988 993 0.4786 700.0000
988 994 0.6064 700.0000
988 995 0.4508 700.0000
988 996 0.7590 700.0000
988 997 0.6594 700.0000
988 1003 0.6216 700.0000
988 1006 0.6820 700.0000
988 1007 0.7732 700.0000
988 1011 0.7912 700.0000
989 991 0.7589 700.0000
989 993 0.8380 700.0000
989 994 0.7581 700.0000
989 995 0.8843 700.0000
990 992 0.6589 700.0000
990 993 0.6235 700.0000
990 1007 0.7516 700.0000
990 1011 0.4987 700.0000
990 1016 0.8769 700.0000
990 1017 0.6911 700.0000
990 1020 0.5820 700.0000
990 1021 0.8085 700.0000
990 1024 0.8815 700.0000
991 993 0.6642 700.0000
991 994 0.8643 700.0000
991 1011 0.8475 700.0000
991 1017 0.8828 700.0000
991 1020 0.5455 700.0000
991 1021 0.8337 700.0000
991 1023 0.8269 700.0000
991 1024 0.6937 700.0000
992 994 0.5817 700.0000
992 995 0.8530 700.0000
992 1020 0.7623 700.0000
993 995 0.4833 700.0000
993 996 0.8807 700.0000
993 1006 0.7422 700.0000
993 1010 0.7906 700.0000
993 1011 0.7234 700.0000
994 996 0.7762 700.0000
995 997 0.5321 700.0000
995 1003 0.8120 700.0000
995 1006 0.6639 700.0000
996 998 0.6627 700.0000
996 1002 0.8526 700.0000
996 1006 0.8811 700.0000
997 999 0.5921 700.0000
997 1000 0.8016 700.0000
997 1002 0.5001 700.0000
997 1003 0.5504 700.0000
997 1006 0.7005 700.0000
998 1002 0.6558 700.0000
999 1001 0.5486 700.0000
999 1002 0.3991 700.0000
999 1003 0.7505 700.0000
999 1004 0.8609 700.0000
999 1005 0.8859 700.0000
1000 1002 0.6501 700.0000
1000 1003 0.5137 700.0000
1000 1004 0.5463 700.0000
1001 1003 0.7748 700.0000
1001 1004 0.5733 700.0000
1001 1005 0.6331 700.0000
1002 1004 0.6153 700.0000
1002 1005 0.5329 700.0000
1002 1006 0.6988 700.0000
1003 1005 0.7559 700.0000
1003 1006 0.5752 700.0000
1003 1007 0.5415 700.0000
1003 1008 0.8458 700.0000
1003 1011 0.8937 700.0000
1004 1006 0.7381 700.0000
1004 1007 0.5512 700.0000
1004 1008 0.6100 700.0000
1005 1007 0.7832 700.0000
1005 1008 0.6467 700.0000
1005 1009 0.7134 700.0000
1006 1008 0.7030 700.0000
1006 1009 0.5305 700.0000
1006 1010 0.5031 700.0000
1006 1011 0.6022 700.0000
1007 1009 0.6224 700.0000
1007 1010 0.7086 700.0000
1007 1011 0.4559 700.0000
1007 1012 0.7346 700.0000
1008 1010 0.7908 700.0000
1008 1011 0.7167 700.0000
1008 1012 0.6722 700.0000
1009 1011 0.6398 700.0000
1009 1012 0.6632 700.0000
1010 1012 0.7016 700.0000
1010 1016 0.8142 700.0000
1011 1014 0.7889 700.0000
1011 1016 0.7650 700.0000
1011 1017 0.6107 700.0000
1011 1020 0.7995 700.0000
1012 1014 0.4507 700.0000
1012 1015 0.8984 700.0000
1012 1016 0.8290 700.0000
1012 1017 0.5677 700.0000
1012 1018 0.8548 700.0000
1013 1015 0.7811 700.0000
1013 1017 0.6648 700.0000
1013 1018 0.6915 700.0000
1014 1016 0.5944 700.0000
1014 1017 0.4309 700.0000
1014 1018 0.6050 700.0000
1014 1019 0.8192 700.0000
1014 1020 0.8531 700.0000
1015 1017 0.6602 700.0000
1015 1018 0.5693 700.0000
1015 1019 0.6941 700.0000
1016 1018 0.8023 700.0000
1016 1019 0.7030 700.0000
1016 1020 0.5661 700.0000
1017 1019 0.5527 700.0000
1017 1020 0.4617 700.0000
1017 1021 0.6734 700.0000
1017 1022 0.8965 700.0000
1018 1020 0.6365 700.0000
1018 1021 0.5459 700.0000
1018 1022 0.5470 700.0000
1019 1021 0.5608 700.0000
1019 1022 0.4632 700.0000
1019 1023 0.6115 700.0000
1020 1022 0.8209 700.0000
1020 1023 0.6418 700.0000
1020 1024 0.7824 700.0000
1021 1023 0.6010 700.0000
1021 1024 0.5632 700.0000
1021 1025 0.5393 700.0000
1021 1026 0.8883 700.0000
1022 1025 0.6405 700.0000
1022 1026 0.7660 700.0000
1023 1025 0.6385 700.0000
1023 1026 0.4779 700.0000
1023 1027 0.6319 700.0000
1024 1026 0.7019 700.0000
1024 1027 0.4946 700.0000
1024 1028 0.6146 700.0000
1025 1027 0.7246 700.0000
1025 1028 0.6369 700.0000
1025 1029 0.7088 700.0000
1026 1028 0.7195 700.0000
1026 1029 0.5852 700.0000
1026 1030 0.6162 700.0000
1027 1029 0.6732 700.0000
1027 1030 0.5079 700.0000
1027 1031 0.5826 700.0000
1027 1032 0.8604 700.0000
1028 1030 0.6563 700.0000
1028 1031 0.5211 700.0000
1028 1032 0.5362 700.0000
1028 1033 0.8929 700.0000
1029 1031 0.7324 700.0000
1029 1032 0.5524 700.0000
1029 1033 0.6198 700.0000
1030 1032 0.7514 700.0000
1030 1033 0.6178 700.0000
1030 1034 0.7349 700.0000
1031 1033 0.6806 700.0000
1031 1034 0.6133 700.0000
1031 1035 0.6590 700.0000
1032 1034 0.8238 700.0000
1032 1035 0.6417 700.0000
1032 1036 0.7464 700.0000
1033 1035 0.6946 700.0000
1033 1036 0.5789 700.0000
1033 1037 0.5846 700.0000
1034 1036 0.6119 700.0000
1034 1037 0.4935 700.0000
1034 1038 0.5308 700.0000
1034 1039 0.8992 700.0000
1035 1037 0.7100 700.0000
1035 1038 0.5597 700.0000
1035 1039 0.4958 700.0000
1036 1038 0.5705 700.0000
1036 1039 0.4853 700.0000
1036 1040 0.6086 700.0000
1036 1041 0.8671 700.0000
1037 1039 0.8095 700.0000
1037 1040 0.6261 700.0000
1037 1041 0.6830 700.0000
1038 1040 0.7226 700.0000
1038 1041 0.4829 700.0000
1038 1042 0.7065 700.0000
1039 1041 0.8336 700.0000
1039 1042 0.6260 700.0000
1039 1043 0.7016 700.0000
1040 1042 0.7624 700.0000
1040 1043 0.6146 700.0000
1040 1044 0.6873 700.0000
1041 1043 0.8905 700.0000
1041 1044 0.7077 700.0000
1041 1045 0.6495 700.0000
1042 1044 0.5894 700.0000
1042 1045 0.4923 700.0000
1042 1046 0.5041 700.0000
1042 1047 0.8420 700.0000
1042 1053 0.8975 700.0000
1043 1045 0.7619 700.0000
1043 1046 0.5812 700.0000
1043 1047 0.6141 700.0000
1043 1053 0.8385 700.0000
1044 1046 0.6101 700.0000
1044 1047 0.4603 700.0000
1044 1048 0.6689 700.0000
1044 1049 0.8260 700.0000
1045 1047 0.6931 700.0000
1045 1048 0.6809 700.0000
1045 1049 0.6567 700.0000
1045 1051 0.8581 700.0000
1046 1048 0.8418 700.0000
1046 1049 0.6415 700.0000
1046 1050 0.8042 700.0000
1046 1051 0.4677 700.0000
1046 1052 0.8180 700.0000
1046 1053 0.5610 700.0000
1046 1054 0.8151 700.0000
1047 1049 0.6445 700.0000
1047 1050 0.5756 700.0000
1047 1051 0.7042 700.0000
1047 1053 0.8976 700.0000
1048 1050 0.6185 700.0000
1048 1051 0.8684 700.0000
1049 1051 0.4996 700.0000
1050 1052 0.7474 700.0000
1051 1053 0.6108 700.0000
1051 1054 0.7770 700.0000
1052 1054 0.6896 700.0000
1053 1055 0.5692 700.0000
1131 1133 0.6036 700.0000
1131 1134 0.5014 700.0000
1131 1135 0.5933 700.0000
1131 1139 0.8758 700.0000
1131 1148 0.8196 700.0000
1132 1134 0.6882 700.0000
1132 1135 0.5789 700.0000
1132 1136 0.5691 700.0000
1132 1139 0.6384 700.0000
1132 1148 0.7682 700.0000
1132 1153 0.8663 700.0000
1132 1156 0.7358 700.0000
1132 1160 0.8964 700.0000
1132 1174 0.8988 700.0000
1132 1178 0.6719 700.0000
1132 1179 0.7955 700.0000
1133 1135 0.5701 700.0000
1133 1136 0.4968 700.0000
1133 1137 0.8645 700.0000
1133 1139 0.8807 700.0000
1133 1178 0.8862 700.0000
1134 1136 0.8080 700.0000
1135 1137 0.7346 700.0000
1135 1138 0.5560 700.0000
1135 1139 0.5191 700.0000
1136 1138 0.8169 700.0000
1136 1139 0.6755 700.0000
1136 1140 0.5225 700.0000
1136 1177 0.8552 700.0000
1136 1178 0.5445 700.0000
1136 1179 0.8153 700.0000
1137 1139 0.8330 700.0000
1137 1140 0.5794 700.0000
1137 1141 0.6400 700.0000
1138 1140 0.7787 700.0000
1138 1141 0.6456 700.0000
1138 1142 0.5056 700.0000
1138 1144 0.6869 700.0000
1138 1179 0.8867 700.0000
1139 1141 0.8168 700.0000
1139 1142 0.6337 700.0000
1139 1144 0.6503 700.0000
1139 1146 0.6244 700.0000
1139 1147 0.7760 700.0000
1139 1148 0.8008 700.0000
1139 1178 0.7121 700.0000
1139 1179 0.5347 700.0000
1139 1180 0.8058 700.0000
1140 1142 0.7480 700.0000
1140 1176 0.8430 700.0000
1140 1177 0.6856 700.0000
1140 1178 0.5054 700.0000
1140 1179 0.6400 700.0000
1140 1180 0.6895 700.0000
1140 1183 0.8252 700.0000
1141 1143 0.8849 700.0000
1141 1180 0.6586 700.0000
1141 1183 0.8663 700.0000
1142 1144 0.4906 700.0000
1142 1179 0.7874 700.0000
1142 1180 0.5123 700.0000
1142 1181 0.7977 700.0000
1142 1183 0.8780 700.0000
1143 1180 0.5328 700.0000
1143 1181 0.5492 700.0000
1143 1182 0.8712 700.0000
1143 1183 0.8092 700.0000
1143 1184 0.5650 700.0000
1144 1146 0.5906 700.0000
1144 1147 0.8395 700.0000
1144 1179 0.8133 700.0000
1144 1180 0.7177 700.0000
1144 1181 0.5826 700.0000
1145 1147 0.6134 700.0000
1145 1148 0.7680 700.0000
1145 1149 0.8868 700.0000
1145 1150 0.8415 700.0000
1145 1181 0.6040 700.0000
1145 1182 0.8561 700.0000
1146 1148 0.4815 700.0000
1146 1149 0.8000 700.0000
1146 1150 0.8232 700.0000
1146 1153 0.7794 700.0000
1146 1179 0.6336 700.0000
1146 1181 0.6450 700.0000
1146 1182 0.7524 700.0000
1147 1149 0.7518 700.0000
1147 1229 0.8112 700.0000
1147 1231 0.8711 700.0000
1148 1150 0.8446 700.0000
1148 1151 0.8776 700.0000
1148 1152 0.6268 700.0000
1148 1153 0.5914 700.0000
1148 1179 0.8589 700.0000
1148 1229 0.8981 700.0000
1149 1151 0.4720 700.0000
1149 1152 0.4306 700.0000
1149 1153 0.5902 700.0000
1149 1154 0.8307 700.0000
1149 1196 0.8753 700.0000
1149 1227 0.6213 700.0000
1149 1229 0.8987 700.0000
1150 1152 0.7522 700.0000
1150 1153 0.5995 700.0000
1150 1154 0.7113 700.0000
1150 1175 0.7518 700.0000
1150 1182 0.8129 700.0000
1150 1189 0.7715 700.0000
1150 1192 0.5453 700.0000
1150 1193 0.6033 700.0000
1150 1196 0.6475 700.0000
1151 1153 0.5597 700.0000
1151 1154 0.4734 700.0000
1151 1155 0.6778 700.0000
1151 1156 0.8974 700.0000
1151 1193 0.8401 700.0000
1151 1196 0.6021 700.0000
1151 1197 0.8360 700.0000
1151 1200 0.6939 700.0000
1151 1202 0.8019 700.0000
1151 1203 0.7189 700.0000
1151 1221 0.7240 700.0000
1151 1224 0.8210 700.0000
1151 1227 0.8215 700.0000
1152 1154 0.5980 700.0000
1152 1155 0.5451 700.0000
1152 1156 0.6705 700.0000
1152 1221 0.7493 700.0000
1152 1227 0.8330 700.0000
1153 1155 0.7597 700.0000
1153 1156 0.6150 700.0000
1153 1157 0.6972 700.0000
1153 1171 0.8916 700.0000
1153 1174 0.6938 700.0000
1153 1175 0.6012 700.0000
1153 1178 0.8897 700.0000
1153 1179 0.7735 700.0000
1154 1156 0.7273 700.0000
1154 1157 0.5831 700.0000
1154 1158 0.6398 700.0000
1154 1166 0.8903 700.0000
1154 1171 0.6372 700.0000
1154 1174 0.8017 700.0000
1154 1175 0.7327 700.0000
1154 1193 0.6651 700.0000
1154 1196 0.7294 700.0000
1154 1197 0.6864 700.0000
1154 1203 0.6614 700.0000
1154 1214 0.8552 700.0000
1154 1216 0.8558 700.0000
1155 1157 0.7179 700.0000
1155 1158 0.6606 700.0000
1155 1159 0.5314 700.0000
1155 1160 0.8973 700.0000
1155 1202 0.8367 700.0000
1155 1203 0.8442 700.0000
1155 1216 0.6331 700.0000
1155 1218 0.6547 700.0000
1155 1221 0.6019 700.0000
1156 1158 0.6734 700.0000
1156 1159 0.5217 700.0000
1156 1160 0.5099 700.0000
1156 1161 0.8781 700.0000
1156 1174 0.7188 700.0000
1157 1159 0.5840 700.0000
1157 1160 0.4990 700.0000
1157 1161 0.6281 700.0000
1157 1164 0.8965 700.0000
1157 1166 0.6517 700.0000
1157 1170 0.8483 700.0000
1157 1171 0.6221 700.0000
1157 1174 0.4789 700.0000
1157 1175 0.7809 700.0000
1157 1178 0.8979 700.0000
1158 1160 0.7034 700.0000
1158 1161 0.5510 700.0000
1158 1162 0.8838 700.0000
1158 1164 0.6059 700.0000
1158 1165 0.6992 700.0000
1158 1166 0.5165 700.0000
1158 1170 0.8885 700.0000
1158 1171 0.7434 700.0000
1158 1174 0.8566 700.0000
1158 1203 0.8391 700.0000
1158 1214 0.8130 700.0000
1158 1215 0.6504 700.0000
1158 1216 0.6042 700.0000
1159 1161 0.5804 700.0000
1159 1162 0.8512 700.0000
1159 1164 0.5124 700.0000
1159 1216 0.6901 700.0000
1159 1218 0.8238 700.0000
1160 1162 0.7853 700.0000
1160 1164 0.8714 700.0000
1160 1174 0.6894 700.0000
1160 1178 0.8926 700.0000
1161 1163 0.5794 700.0000
1161 1164 0.5139 700.0000
1161 1165 0.6587 700.0000
1161 1166 0.6455 700.0000
1161 1170 0.8820 700.0000
1162 1164 0.6162 700.0000
1162 1165 0.7335 700.0000
1162 1166 0.8859 700.0000
1163 1165 0.4032 700.0000
1163 1166 0.7678 700.0000
1164 1166 0.8628 700.0000
1164 1215 0.7524 700.0000
1164 1216 0.7232 700.0000
1165 1167 0.7640 700.0000
1165 1170 0.8557 700.0000
1165 1206 0.7659 700.0000
1165 1208 0.8351 700.0000
1165 1212 0.8925 700.0000
1165 1213 0.5363 700.0000
1165 1214 0.8532 700.0000
1165 1215 0.6423 700.0000
1166 1168 0.7472 700.0000
1166 1169 0.8496 700.0000
1166 1170 0.4359 700.0000
1166 1171 0.5640 700.0000
1166 1212 0.8808 700.0000
1166 1213 0.6302 700.0000
1166 1214 0.6819 700.0000
1166 1215 0.7738 700.0000
1167 1169 0.5449 700.0000
1167 1170 0.3725 700.0000
1167 1171 0.6226 700.0000
1167 1172 0.8214 700.0000
1167 1173 0.8938 700.0000
1167 1211 0.7801 700.0000
1167 1212 0.6238 700.0000
1167 1213 0.5875 700.0000
1167 1214 0.6901 700.0000
1168 1170 0.6845 700.0000
1168 1171 0.5169 700.0000
1168 1172 0.4822 700.0000
1168 1173 0.8917 700.0000
1168 1190 0.7873 700.0000
1168 1193 0.7404 700.0000
1168 1194 0.6939 700.0000
1168 1197 0.7991 700.0000
1168 1212 0.8120 700.0000
1168 1213 0.8728 700.0000
1168 1214 0.6561 700.0000
1169 1171 0.6423 700.0000
1169 1172 0.5021 700.0000
1169 1173 0.5681 700.0000
1169 1190 0.8776 700.0000
1170 1172 0.7857 700.0000
1170 1173 0.6091 700.0000
1170 1174 0.8772 700.0000
1170 1213 0.8917 700.0000
1171 1173 0.6510 700.0000
1171 1174 0.6337 700.0000
1171 1175 0.6045 700.0000
1171 1190 0.8769 700.0000
1171 1193 0.7219 700.0000
1171 1197 0.8834 700.0000
1171 1214 0.7979 700.0000
1172 1175 0.6573 700.0000
1172 1176 0.7943 700.0000
1172 1186 0.8165 700.0000
1172 1189 0.6353 700.0000
1172 1190 0.4575 700.0000
1172 1193 0.6595 700.0000
1172 1194 0.7617 700.0000
1173 1175 0.7509 700.0000
1173 1176 0.5479 700.0000
1173 1177 0.6343 700.0000
1174 1176 0.7107 700.0000
1174 1177 0.5373 700.0000
1174 1178 0.4837 700.0000
1174 1179 0.6842 700.0000
1175 1177 0.8154 700.0000
1175 1178 0.7054 700.0000
1175 1179 0.5766 700.0000
1175 1182 0.5097 700.0000
1175 1189 0.6377 700.0000
1175 1190 0.8415 700.0000
1175 1193 0.7817 700.0000
1176 1178 0.7086 700.0000
1176 1179 0.6676 700.0000
1176 1180 0.6867 700.0000
1176 1182 0.6025 700.0000
1176 1183 0.4941 700.0000
1176 1189 0.7964 700.0000
1177 1179 0.7965 700.0000
1178 1180 0.8517 700.0000
1178 1182 0.8906 700.0000
1179 1181 0.7078 700.0000
1179 1182 0.5325 700.0000
1179 1183 0.7938 700.0000
1180 1182 0.5900 700.0000
1180 1183 0.4013 700.0000
1180 1184 0.6634 700.0000
1181 1183 0.8160 700.0000
1181 1184 0.6807 700.0000
1181 1185 0.7318 700.0000
1181 1189 0.7908 700.0000
1182 1184 0.8161 700.0000
1182 1185 0.7904 700.0000
1182 1186 0.7570 700.0000
1182 1189 0.4962 700.0000
1182 1190 0.8629 700.0000
1184 1186 0.8693 700.0000
1185 1187 0.6145 700.0000
1185 1188 0.5543 700.0000
1185 1189 0.6826 700.0000
1186 1188 0.5267 700.0000
1186 1189 0.4039 700.0000
1186 1190 0.4583 700.0000
1186 1191 0.8404 700.0000
1187 1189 0.5862 700.0000
1187 1190 0.5131 700.0000
1187 1191 0.6162 700.0000
1187 1192 0.8465 700.0000
1187 1194 0.8756 700.0000
1188 1190 0.6808 700.0000
1188 1191 0.5960 700.0000
1188 1192 0.6778 700.0000
1189 1191 0.7666 700.0000
1189 1192 0.6833 700.0000
1189 1193 0.6818 700.0000
1189 1194 0.8927 700.0000
1190 1192 0.7055 700.0000
1190 1193 0.6263 700.0000
1190 1194 0.6050 700.0000
1191 1193 0.6233 700.0000
1191 1194 0.4461 700.0000
1191 1195 0.6540 700.0000
1191 1196 0.8729 700.0000
1192 1194 0.6179 700.0000
1192 1195 0.5532 700.0000
1192 1196 0.5482 700.0000
1192 1197 0.8199 700.0000
1193 1195 0.7014 700.0000
1193 1196 0.5402 700.0000
1193 1197 0.5755 700.0000
1193 1198 0.8745 700.0000
1194 1196 0.8501 700.0000
1194 1197 0.7326 700.0000
1194 1198 0.8173 700.0000
1195 1197 0.7064 700.0000
1195 1198 0.5531 700.0000
1195 1199 0.5241 700.0000
1195 1200 0.7542 700.0000
1196 1198 0.6400 700.0000
1196 1199 0.5532 700.0000
1196 1200 0.4944 700.0000
1196 1202 0.8984 700.0000
1196 1203 0.7068 700.0000
1197 1199 0.7393 700.0000
1197 1200 0.6579 700.0000
1197 1202 0.7999 700.0000
1197 1203 0.4724 700.0000
1197 1204 0.8165 700.0000
1197 1205 0.8872 700.0000
1197 1214 0.5296 700.0000
1198 1200 0.6510 700.0000
1198 1201 0.8669 700.0000
1198 1203 0.7401 700.0000
1198 1214 0.8439 700.0000
1199 1201 0.7379 700.0000
1199 1202 0.8775 700.0000
1199 1203 0.8271 700.0000
1200 1202 0.5371 700.0000
1200 1203 0.5435 700.0000
1200 1221 0.8260 700.0000
1200 1224 0.5976 700.0000
1201 1203 0.7749 700.0000
1201 1204 0.8453 700.0000
1201 1217 0.8455 700.0000
1201 1220 0.5948 700.0000
1201 1224 0.7740 700.0000
1202 1204 0.6881 700.0000
1202 1215 0.7887 700.0000
1202 1216 0.5641 700.0000
1202 1217 0.5418 700.0000
1202 1218 0.7824 700.0000
1202 1219 0.8398 700.0000
1202 1220 0.5602 700.0000
1202 1221 0.5467 700.0000
1202 1224 0.6174 700.0000
1203 1214 0.6364 700.0000
1203 1215 0.6473 700.0000
1203 1216 0.5717 700.0000
1203 1217 0.7841 700.0000
1203 1221 0.7875 700.0000
1203 1224 0.8774 700.0000
1204 1206 0.6121 700.0000
1204 1213 0.7784 700.0000
1204 1214 0.5968 700.0000
1204 1215 0.4160 700.0000
1204 1216 0.6599 700.0000
1204 1217 0.7325 700.0000
1205 1207 0.5419 700.0000
1205 1208 0.8736 700.0000
1205 1211 0.8116 700.0000
1205 1212 0.5196 700.0000
1205 1213 0.5991 700.0000
1205 1214 0.5537 700.0000
1205 1215 0.8551 700.0000
1206 1208 0.5437 700.0000
1206 1211 0.7392 700.0000
1206 1212 0.5967 700.0000
1206 1213 0.4190 700.0000
1206 1214 0.7028 700.0000
1206 1215 0.6387 700.0000
1207 1209 0.8043 700.0000
1207 1211 0.6026 700.0000
1207 1212 0.5704 700.0000
1207 1213 0.7214 700.0000
1208 1210 0.6398 700.0000
1208 1211 0.4439 700.0000
1208 1212 0.6093 700.0000
1208 1213 0.5941 700.0000
1209 1211 0.5620 700.0000
1209 1212 0.8877 700.0000
1210 1212 0.8331 700.0000
1211 1213 0.5822 700.0000
1212 1214 0.6713 700.0000
1213 1215 0.6345 700.0000
1214 1216 0.8602 700.0000
1215 1217 0.7512 700.0000
1216 1218 0.5873 700.0000
1216 1219 0.8984 700.0000
1216 1220 0.8992 700.0000
1216 1221 0.7441 700.0000
1217 1219 0.4815 700.0000
1217 1220 0.4986 700.0000
1217 1221 0.7271 700.0000
1217 1222 0.8225 700.0000
1217 1223 0.8718 700.0000
1218 1220 0.7830 700.0000
1218 1221 0.5564 700.0000
1218 1222 0.5258 700.0000
1219 1221 0.7390 700.0000
1219 1222 0.5122 700.0000
1219 1223 0.5596 700.0000
1220 1222 0.7266 700.0000
1220 1223 0.4569 700.0000
1220 1224 0.6435 700.0000
1221 1223 0.7582 700.0000
1221 1224 0.4918 700.0000
1222 1224 0.7969 700.0000
1224 1226 0.7913 700.0000
1224 1227 0.7861 700.0000
1225 1227 0.7824 700.0000
1225 1228 0.8447 700.0000
1226 1228 0.6448 700.0000
1226 1229 0.8211 700.0000
1227 1229 0.6965 700.0000
1227 1230 0.8413 700.0000
1228 1230 0.5663 700.0000
1228 1231 0.7450 700.0000
1229 1231 0.4238 700.0000
