parp14 1 424 | parp14 1 1105 | 0.678 350.0
parp14 1 424 | parp14 1 1106 | 0.585 350.0
parp14 1 424 | parp14 1 1107 | 0.530 350.0
parp14 1 424 | parp14 1 1108 | 0.649 350.0
parp14 1 424 | parp14 1 1109 | 0.870 350.0
parp14 1 425 | parp14 1 1104 | 0.824 350.0
parp14 1 425 | parp14 1 1105 | 0.552 350.0
parp14 1 425 | parp14 1 1106 | 0.541 350.0
parp14 1 425 | parp14 1 1107 | 0.606 350.0
parp14 1 425 | parp14 1 1108 | 0.527 350.0
parp14 1 425 | parp14 1 1109 | 0.576 350.0
parp14 1 425 | parp14 1 1111 | 0.888 350.0
parp14 1 425 | parp14 1 1112 | 0.708 350.0
parp14 1 426 | parp14 1 1103 | 0.711 350.0
parp14 1 426 | parp14 1 1104 | 0.571 350.0
parp14 1 426 | parp14 1 1105 | 0.430 350.0
parp14 1 426 | parp14 1 1106 | 0.673 350.0
parp14 1 426 | parp14 1 1108 | 0.861 350.0
parp14 1 426 | parp14 1 1109 | 0.803 350.0
parp14 1 426 | parp14 1 1112 | 0.744 350.0
parp14 1 427 | parp14 1 1102 | 0.838 350.0
parp14 1 427 | parp14 1 1103 | 0.580 350.0
parp14 1 427 | parp14 1 1104 | 0.539 350.0
parp14 1 427 | parp14 1 1105 | 0.646 350.0
parp14 1 427 | parp14 1 1109 | 0.844 350.0
parp14 1 427 | parp14 1 1112 | 0.717 350.0
parp14 1 427 | parp14 1 1113 | 0.830 350.0
parp14 1 427 | parp14 1 1116 | 0.859 350.0
parp14 1 428 | parp14 1 1101 | 0.671 350.0
parp14 1 428 | parp14 1 1102 | 0.559 350.0
parp14 1 428 | parp14 1 1103 | 0.430 350.0
parp14 1 428 | parp14 1 1104 | 0.624 350.0
parp14 1 428 | parp14 1 1105 | 0.880 350.0
parp14 1 428 | parp14 1 1116 | 0.879 350.0
parp14 1 429 | parp14 1 1100 | 0.838 350.0
parp14 1 429 | parp14 1 1101 | 0.566 350.0
parp14 1 429 | parp14 1 1102 | 0.523 350.0
parp14 1 429 | parp14 1 1103 | 0.638 350.0
parp14 1 429 | parp14 1 1104 | 0.797 350.0
parp14 1 429 | parp14 1 1116 | 0.722 350.0
parp14 1 429 | parp14 1 1120 | 0.899 350.0
parp14 1 430 | parp14 1 1099 | 0.720 350.0
parp14 1 430 | parp14 1 1100 | 0.589 350.0
parp14 1 430 | parp14 1 1101 | 0.439 350.0
parp14 1 430 | parp14 1 1102 | 0.639 350.0
parp14 1 430 | parp14 1 1103 | 0.882 350.0
parp14 1 431 | parp14 1 1099 | 0.580 350.0
parp14 1 431 | parp14 1 1100 | 0.537 350.0
parp14 1 431 | parp14 1 1101 | 0.636 350.0
parp14 1 431 | parp14 1 1102 | 0.827 350.0
parp14 1 431 | parp14 1 1120 | 0.823 350.0
parp14 1 432 | parp14 1 1097 | 0.679 350.0
parp14 1 432 | parp14 1 1098 | 0.705 350.0
parp14 1 432 | parp14 1 1099 | 0.459 350.0
parp14 1 432 | parp14 1 1100 | 0.658 350.0
parp14 1 432 | parp14 1 1101 | 0.889 350.0
parp14 1 433 | parp14 1 1097 | 0.770 350.0
parp14 1 433 | parp14 1 1098 | 0.826 350.0
parp14 1 433 | parp14 1 1099 | 0.694 350.0
parp14 1 433 | parp14 1 1100 | 0.797 350.0
parp14 1 433 | parp14 1 1123 | 0.781 350.0
parp14 1 433 | parp14 1 1124 | 0.801 350.0
parp14 1 433 | parp14 1 1127 | 0.775 350.0
parp14 1 434 | parp14 1 1097 | 0.585 350.0
parp14 1 434 | parp14 1 1098 | 0.668 350.0
parp14 1 434 | parp14 1 1099 | 0.730 350.0
parp14 1 434 | parp14 1 1100 | 0.884 350.0
parp14 1 434 | parp14 1 1127 | 0.806 350.0
parp14 1 435 | parp14 1 1097 | 0.814 350.0
parp14 1 435 | parp14 1 1098 | 0.734 350.0
parp14 1 435 | parp14 1 1099 | 0.836 350.0
parp14 1 435 | parp14 1 1100 | 0.857 350.0
parp14 1 435 | parp14 1 1127 | 0.867 350.0
parp14 1 436 | parp14 1 1098 | 0.840 350.0
parp14 1 436 | parp14 1 1099 | 0.764 350.0
parp14 1 436 | parp14 1 1100 | 0.637 350.0
parp14 1 436 | parp14 1 1123 | 0.632 350.0
parp14 1 436 | parp14 1 1126 | 0.894 350.0
parp14 1 436 | parp14 1 1127 | 0.872 350.0
parp14 1 437 | parp14 1 1098 | 0.756 350.0
parp14 1 437 | parp14 1 1099 | 0.720 350.0
parp14 1 437 | parp14 1 1100 | 0.513 350.0
parp14 1 437 | parp14 1 1101 | 0.808 350.0
parp14 1 437 | parp14 1 1102 | 0.898 350.0
parp14 1 438 | parp14 1 1100 | 0.891 350.0
parp14 1 439 | parp14 1 1123 | 0.787 350.0
parp14 1 439 | parp14 1 1126 | 0.882 350.0
parp14 1 440 | parp14 1 1123 | 0.853 350.0
parp14 1 447 | parp14 1 1119 | 0.853 350.0
parp14 1 451 | parp14 1 1115 | 0.616 350.0
parp14 1 451 | parp14 1 1118 | 0.844 350.0
parp14 1 451 | parp14 1 1119 | 0.845 350.0
parp14 1 452 | parp14 1 1106 | 0.893 350.0
parp14 1 452 | parp14 1 1115 | 0.881 350.0
parp14 1 454 | parp14 1 1115 | 0.803 350.0
parp14 1 455 | parp14 1 1106 | 0.792 350.0
parp14 1 455 | parp14 1 1111 | 0.557 350.0
parp14 1 455 | parp14 1 1112 | 0.744 350.0
parp14 1 455 | parp14 1 1114 | 0.719 350.0
parp14 1 455 | parp14 1 1115 | 0.612 350.0
parp14 1 456 | parp14 1 1105 | 0.891 350.0
parp14 1 456 | parp14 1 1106 | 0.634 350.0
parp14 1 456 | parp14 1 1107 | 0.745 350.0
parp14 1 456 | parp14 1 1111 | 0.730 350.0
parp14 1 456 | parp14 1 1112 | 0.866 350.0
parp14 1 456 | parp14 1 1115 | 0.876 350.0
parp14 1 457 | parp14 1 1104 | 0.671 350.0
parp14 1 457 | parp14 1 1105 | 0.553 350.0
parp14 1 457 | parp14 1 1106 | 0.438 350.0
parp14 1 457 | parp14 1 1107 | 0.738 350.0
parp14 1 457 | parp14 1 1111 | 0.697 350.0
parp14 1 457 | parp14 1 1112 | 0.643 350.0
parp14 1 457 | parp14 1 1115 | 0.690 350.0
parp14 1 458 | parp14 1 1103 | 0.827 350.0
parp14 1 458 | parp14 1 1104 | 0.560 350.0
parp14 1 458 | parp14 1 1105 | 0.523 350.0
parp14 1 458 | parp14 1 1106 | 0.642 350.0
parp14 1 458 | parp14 1 1112 | 0.873 350.0
parp14 1 458 | parp14 1 1115 | 0.882 350.0
parp14 1 459 | parp14 1 1102 | 0.686 350.0
parp14 1 459 | parp14 1 1103 | 0.564 350.0
parp14 1 459 | parp14 1 1104 | 0.445 350.0
parp14 1 459 | parp14 1 1105 | 0.653 350.0
parp14 1 459 | parp14 1 1115 | 0.871 350.0
parp14 1 460 | parp14 1 1101 | 0.872 350.0
parp14 1 460 | parp14 1 1102 | 0.581 350.0
parp14 1 460 | parp14 1 1103 | 0.532 350.0
parp14 1 460 | parp14 1 1104 | 0.664 350.0
parp14 1 460 | parp14 1 1105 | 0.898 350.0
parp14 1 461 | parp14 1 1100 | 0.729 350.0
parp14 1 461 | parp14 1 1101 | 0.605 350.0
parp14 1 461 | parp14 1 1102 | 0.459 350.0
parp14 1 461 | parp14 1 1103 | 0.630 350.0
parp14 1 461 | parp14 1 1104 | 0.891 350.0
parp14 1 462 | parp14 1 1100 | 0.734 350.0
parp14 1 462 | parp14 1 1101 | 0.539 350.0
parp14 1 462 | parp14 1 1102 | 0.577 350.0
parp14 1 462 | parp14 1 1103 | 0.675 350.0
parp14 1 463 | parp14 1 1100 | 0.802 350.0
parp14 1 463 | parp14 1 1101 | 0.766 350.0
parp14 1 464 | parp14 1 1099 | 0.883 350.0
parp14 1 464 | parp14 1 1100 | 0.818 350.0
parp14 1 464 | parp14 1 1101 | 0.808 350.0
