i j d[nm] fc
11 13 0.5801 700.0000
11 30 0.8142 700.0000
11 55 0.6655 700.0000
11 56 0.4326 700.0000
11 57 0.7635 700.0000
11 58 0.6757 700.0000
11 64 0.5813 700.0000
11 67 0.7966 700.0000
11 68 0.7893 700.0000
11 86 0.6697 700.0000
11 87 0.6341 700.0000
12 14 0.8362 700.0000
12 46 0.7651 700.0000
12 49 0.8177 700.0000
12 53 0.6782 700.0000
12 54 0.7614 700.0000
12 55 0.5970 700.0000
12 56 0.6656 700.0000
12 85 0.8794 700.0000
12 86 0.7158 700.0000
12 87 0.4028 700.0000
13 15 0.6708 700.0000
13 26 0.7574 700.0000
13 30 0.8420 700.0000
13 43 0.8824 700.0000
13 44 0.8933 700.0000
13 46 0.8987 700.0000
13 52 0.7179 700.0000
13 53 0.5853 700.0000
13 54 0.5105 700.0000
13 55 0.8214 700.0000
13 56 0.6456 700.0000
13 84 0.6415 700.0000
13 85 0.6794 700.0000
13 86 0.5822 700.0000
13 87 0.5759 700.0000
14 16 0.6554 700.0000
14 49 0.8447 700.0000
14 50 0.6230 700.0000
14 51 0.6982 700.0000
14 52 0.4807 700.0000
14 53 0.5076 700.0000
14 54 0.7663 700.0000
14 84 0.8339 700.0000
14 85 0.5981 700.0000
14 86 0.8726 700.0000
14 87 0.7482 700.0000
15 17 0.6136 700.0000
15 18 0.6885 700.0000
15 19 0.8810 700.0000
15 22 0.7079 700.0000
15 26 0.8105 700.0000
15 51 0.8405 700.0000
15 52 0.4577 700.0000
15 53 0.6955 700.0000
15 54 0.6497 700.0000
15 75 0.8022 700.0000
15 82 0.6539 700.0000
15 83 0.6382 700.0000
15 84 0.6053 700.0000
15 85 0.8059 700.0000
16 52 0.7718 700.0000
16 82 0.6748 700.0000
16 83 0.5873 700.0000
16 84 0.8566 700.0000
16 85 0.8828 700.0000
17 19 0.7488 700.0000
17 21 0.8946 700.0000
17 22 0.6616 700.0000
17 52 0.8131 700.0000
17 75 0.8760 700.0000
17 77 0.5758 700.0000
17 78 0.7626 700.0000
17 80 0.8491 700.0000
17 82 0.6489 700.0000
17 83 0.8843 700.0000
18 20 0.7371 700.0000
18 22 0.6190 700.0000
18 51 0.6797 700.0000
18 52 0.5577 700.0000
18 53 0.8688 700.0000
18 54 0.8006 700.0000
19 21 0.7240 700.0000
19 22 0.4457 700.0000
19 23 0.6355 700.0000
19 24 0.8475 700.0000
19 45 0.7811 700.0000
19 52 0.7670 700.0000
19 54 0.7584 700.0000
20 22 0.5815 700.0000
20 23 0.5266 700.0000
20 24 0.5953 700.0000
20 45 0.8809 700.0000
21 24 0.6715 700.0000
21 25 0.5914 700.0000
21 77 0.6654 700.0000
21 78 0.6848 700.0000
22 24 0.7332 700.0000
22 25 0.5257 700.0000
22 26 0.5677 700.0000
22 52 0.8258 700.0000
22 54 0.7173 700.0000
22 75 0.7430 700.0000
22 77 0.6926 700.0000
22 82 0.8760 700.0000
23 25 0.8257 700.0000
23 26 0.6835 700.0000
23 27 0.5920 700.0000
23 42 0.8800 700.0000
23 43 0.5012 700.0000
23 44 0.6426 700.0000
23 45 0.6862 700.0000
23 54 0.7189 700.0000
24 26 0.8640 700.0000
24 27 0.6781 700.0000
24 28 0.8062 700.0000
24 43 0.8800 700.0000
25 27 0.8079 700.0000
25 28 0.6260 700.0000
25 29 0.8107 700.0000
25 75 0.5840 700.0000
25 76 0.6801 700.0000
25 77 0.6655 700.0000
26 28 0.6467 700.0000
26 29 0.6147 700.0000
26 30 0.5581 700.0000
26 31 0.8895 700.0000
26 41 0.8991 700.0000
26 43 0.6203 700.0000
26 54 0.6738 700.0000
26 56 0.7930 700.0000
26 75 0.6618 700.0000
26 84 0.7601 700.0000
27 29 0.8873 700.0000
27 30 0.7085 700.0000
27 31 0.5490 700.0000
27 41 0.5522 700.0000
27 42 0.6036 700.0000
27 43 0.4506 700.0000
27 44 0.8523 700.0000
27 56 0.8184 700.0000
28 30 0.7022 700.0000
28 31 0.4878 700.0000
28 32 0.6442 700.0000
28 35 0.8853 700.0000
28 41 0.8108 700.0000
29 31 0.7951 700.0000
29 32 0.5717 700.0000
29 33 0.8586 700.0000
29 35 0.4951 700.0000
29 36 0.4645 700.0000
29 37 0.8003 700.0000
29 38 0.8157 700.0000
29 67 0.8606 700.0000
29 73 0.6424 700.0000
29 74 0.7459 700.0000
29 75 0.6569 700.0000
29 84 0.7794 700.0000
30 32 0.6886 700.0000
30 33 0.8959 700.0000
30 35 0.8032 700.0000
30 36 0.5313 700.0000
30 37 0.7480 700.0000
30 38 0.6483 700.0000
30 39 0.6653 700.0000
30 41 0.6409 700.0000
30 43 0.8005 700.0000
30 56 0.6403 700.0000
30 58 0.7043 700.0000
30 63 0.8545 700.0000
30 67 0.6809 700.0000
30 73 0.7535 700.0000
30 84 0.8397 700.0000
31 33 0.8020 700.0000
31 36 0.8759 700.0000
31 38 0.7309 700.0000
31 39 0.4743 700.0000
31 40 0.6213 700.0000
31 41 0.4574 700.0000
31 42 0.8107 700.0000
31 43 0.8954 700.0000
31 58 0.8524 700.0000
32 34 0.6057 700.0000
32 35 0.4392 700.0000
32 36 0.5244 700.0000
32 37 0.6329 700.0000
32 38 0.5731 700.0000
32 39 0.6255 700.0000
33 35 0.5800 700.0000
33 36 0.5662 700.0000
33 37 0.4359 700.0000
33 38 0.4337 700.0000
33 39 0.6189 700.0000
33 63 0.8252 700.0000
33 66 0.7141 700.0000
34 36 0.7847 700.0000
34 37 0.7885 700.0000
35 37 0.6453 700.0000
35 38 0.7674 700.0000
35 70 0.8207 700.0000
35 73 0.8339 700.0000
35 74 0.8914 700.0000
36 38 0.4770 700.0000
36 39 0.7462 700.0000
36 63 0.7984 700.0000
36 66 0.7311 700.0000
36 67 0.5357 700.0000
36 70 0.6144 700.0000
36 71 0.8954 700.0000
36 73 0.6313 700.0000
37 39 0.6574 700.0000
37 62 0.8077 700.0000
37 63 0.5672 700.0000
37 66 0.4030 700.0000
37 67 0.5279 700.0000
37 70 0.6845 700.0000
38 40 0.8561 700.0000
38 41 0.8025 700.0000
38 58 0.6929 700.0000
38 60 0.8090 700.0000
38 62 0.7236 700.0000
38 63 0.4281 700.0000
38 64 0.8535 700.0000
38 66 0.4829 700.0000
38 67 0.6233 700.0000
39 41 0.5035 700.0000
39 58 0.5657 700.0000
39 59 0.7160 700.0000
39 60 0.6964 700.0000
39 62 0.8478 700.0000
39 63 0.5639 700.0000
39 66 0.7902 700.0000
39 67 0.8953 700.0000
40 42 0.7854 700.0000
40 58 0.7284 700.0000
40 59 0.4857 700.0000
40 60 0.6876 700.0000
41 43 0.6468 700.0000
41 56 0.6310 700.0000
41 57 0.6722 700.0000
41 58 0.5121 700.0000
41 59 0.6852 700.0000
41 63 0.8855 700.0000
42 44 0.6603 700.0000
42 55 0.7675 700.0000
42 56 0.5962 700.0000
42 57 0.4584 700.0000
42 58 0.7159 700.0000
42 59 0.8206 700.0000
43 45 0.7292 700.0000
43 54 0.6464 700.0000
43 55 0.7361 700.0000
43 56 0.5496 700.0000
43 57 0.7265 700.0000
44 46 0.6086 700.0000
44 53 0.8326 700.0000
44 54 0.5640 700.0000
44 55 0.5250 700.0000
44 56 0.6753 700.0000
44 57 0.7441 700.0000
45 47 0.5635 700.0000
45 49 0.8646 700.0000
45 52 0.7966 700.0000
45 53 0.6942 700.0000
45 54 0.5416 700.0000
45 55 0.8049 700.0000
46 48 0.6250 700.0000
46 49 0.4507 700.0000
46 50 0.7488 700.0000
46 52 0.8165 700.0000
46 53 0.5300 700.0000
46 54 0.6550 700.0000
46 55 0.6160 700.0000
47 49 0.7572 700.0000
47 50 0.8818 700.0000
47 53 0.8893 700.0000
48 50 0.8587 700.0000
49 51 0.7371 700.0000
49 52 0.7900 700.0000
49 53 0.5088 700.0000
49 54 0.8737 700.0000
50 52 0.5480 700.0000
50 53 0.4731 700.0000
50 54 0.8742 700.0000
51 53 0.5939 700.0000
51 54 0.8779 700.0000
52 54 0.4871 700.0000
53 55 0.8853 700.0000
53 87 0.8445 700.0000
54 56 0.7626 700.0000
55 57 0.5063 700.0000
56 58 0.5452 700.0000
56 64 0.8057 700.0000
57 59 0.7435 700.0000
58 60 0.6845 700.0000
58 61 0.8342 700.0000
58 62 0.7786 700.0000
58 63 0.5240 700.0000
58 64 0.5452 700.0000
58 67 0.8089 700.0000
59 62 0.8818 700.0000
59 63 0.7944 700.0000
60 62 0.5074 700.0000
60 63 0.5569 700.0000
60 64 0.8812 700.0000
60 66 0.8382 700.0000
61 63 0.7451 700.0000
61 64 0.5786 700.0000
61 65 0.5654 700.0000
62 64 0.6429 700.0000
62 65 0.4515 700.0000
62 66 0.4714 700.0000
62 67 0.8493 700.0000
63 65 0.5820 700.0000
63 66 0.4034 700.0000
63 67 0.6049 700.0000
63 68 0.8221 700.0000
64 66 0.7821 700.0000
64 67 0.5989 700.0000
64 68 0.5558 700.0000
65 67 0.7271 700.0000
65 68 0.6037 700.0000
65 69 0.7201 700.0000
66 68 0.8196 700.0000
66 69 0.7459 700.0000
66 70 0.8519 700.0000
67 69 0.7229 700.0000
67 70 0.5760 700.0000
67 71 0.6517 700.0000
67 73 0.6508 700.0000
67 86 0.7750 700.0000
68 70 0.7665 700.0000
68 71 0.6354 700.0000
68 73 0.8722 700.0000
68 86 0.6870 700.0000
69 71 0.7610 700.0000
70 72 0.5653 700.0000
70 73 0.5455 700.0000
71 73 0.4781 700.0000
71 84 0.8177 700.0000
71 85 0.8582 700.0000
71 86 0.6440 700.0000
72 74 0.7484 700.0000
72 84 0.8477 700.0000
73 75 0.8376 700.0000
73 83 0.7996 700.0000
73 84 0.4777 700.0000
73 85 0.8559 700.0000
73 86 0.6816 700.0000
74 76 0.7108 700.0000
74 81 0.6289 700.0000
74 82 0.6099 700.0000
74 83 0.6030 700.0000
74 84 0.6548 700.0000
75 77 0.5919 700.0000
75 81 0.6737 700.0000
75 82 0.4435 700.0000
75 83 0.6634 700.0000
75 84 0.6446 700.0000
76 78 0.7243 700.0000
76 79 0.6372 700.0000
76 80 0.6950 700.0000
76 81 0.5608 700.0000
76 82 0.6552 700.0000
77 79 0.7183 700.0000
77 80 0.5696 700.0000
77 81 0.6794 700.0000
77 82 0.5713 700.0000
78 80 0.5600 700.0000
78 81 0.8949 700.0000
79 81 0.8255 700.0000
80 82 0.7053 700.0000
81 83 0.6761 700.0000
82 84 0.6614 700.0000
83 85 0.7807 700.0000
84 86 0.6316 700.0000
85 87 0.5895 700.0000
138 140 0.6759 700.0000
138 174 0.7614 700.0000
138 175 0.5639 700.0000
138 176 0.4179 700.0000
138 177 0.6352 700.0000
138 178 0.6267 700.0000
138 180 0.8474 700.0000
138 181 0.5867 700.0000
139 141 0.6621 700.0000
139 165 0.8580 700.0000
139 173 0.6718 700.0000
139 174 0.5779 700.0000
139 175 0.5019 700.0000
139 176 0.6569 700.0000
139 181 0.7771 700.0000
140 142 0.5825 700.0000
140 165 0.8398 700.0000
140 173 0.5386 700.0000
140 174 0.4149 700.0000
140 175 0.6966 700.0000
140 176 0.8464 700.0000
140 181 0.6671 700.0000
140 184 0.8686 700.0000
141 143 0.8183 700.0000
141 165 0.8614 700.0000
141 172 0.7058 700.0000
141 173 0.4651 700.0000
141 174 0.7022 700.0000
142 144 0.5610 700.0000
142 146 0.8968 700.0000
142 147 0.7255 700.0000
142 152 0.6522 700.0000
142 171 0.6520 700.0000
142 172 0.6032 700.0000
142 173 0.6172 700.0000
142 174 0.6594 700.0000
142 184 0.8955 700.0000
142 188 0.8551 700.0000
143 145 0.4944 700.0000
143 146 0.4638 700.0000
143 147 0.5619 700.0000
143 152 0.8598 700.0000
144 146 0.6908 700.0000
144 147 0.6335 700.0000
144 148 0.7674 700.0000
144 149 0.8670 700.0000
144 152 0.5867 700.0000
144 169 0.6614 700.0000
144 170 0.7562 700.0000
144 171 0.7722 700.0000
144 172 0.6237 700.0000
145 147 0.7334 700.0000
146 148 0.8060 700.0000
146 151 0.8672 700.0000
146 188 0.8326 700.0000
146 192 0.6404 700.0000
146 195 0.8845 700.0000
147 151 0.5190 700.0000
147 152 0.6143 700.0000
147 187 0.8939 700.0000
147 188 0.5766 700.0000
147 191 0.7621 700.0000
147 192 0.7346 700.0000
148 150 0.4529 700.0000
148 151 0.3842 700.0000
148 152 0.5065 700.0000
148 153 0.8047 700.0000
148 169 0.8143 700.0000
149 151 0.7880 700.0000
149 152 0.5143 700.0000
149 153 0.6661 700.0000
149 167 0.8901 700.0000
149 169 0.5022 700.0000
149 170 0.5535 700.0000
149 171 0.7229 700.0000
150 152 0.7024 700.0000
150 153 0.6438 700.0000
150 154 0.8820 700.0000
151 153 0.7042 700.0000
151 154 0.7333 700.0000
151 155 0.8362 700.0000
151 187 0.7344 700.0000
151 188 0.6951 700.0000
151 191 0.6111 700.0000
152 155 0.7364 700.0000
152 166 0.8904 700.0000
152 169 0.6866 700.0000
152 170 0.5725 700.0000
152 171 0.4391 700.0000
152 172 0.7700 700.0000
153 155 0.5278 700.0000
153 156 0.5361 700.0000
153 157 0.7065 700.0000
153 164 0.8726 700.0000
153 170 0.8234 700.0000
153 171 0.6326 700.0000
154 156 0.6695 700.0000
154 157 0.4673 700.0000
154 158 0.5378 700.0000
154 159 0.8568 700.0000
154 187 0.6516 700.0000
155 157 0.6336 700.0000
155 158 0.5336 700.0000
155 159 0.5781 700.0000
155 160 0.8318 700.0000
155 162 0.7089 700.0000
155 164 0.8463 700.0000
155 171 0.7202 700.0000
155 174 0.7729 700.0000
155 184 0.5650 700.0000
155 187 0.7261 700.0000
155 188 0.8181 700.0000
156 158 0.6607 700.0000
156 159 0.6073 700.0000
156 160 0.5554 700.0000
156 161 0.8264 700.0000
156 162 0.6657 700.0000
156 164 0.6929 700.0000
156 171 0.8403 700.0000
157 159 0.6478 700.0000
157 160 0.6113 700.0000
158 160 0.7020 700.0000
158 162 0.8732 700.0000
158 180 0.7898 700.0000
158 183 0.5954 700.0000
158 184 0.6488 700.0000
158 187 0.6790 700.0000
159 161 0.5474 700.0000
159 162 0.5148 700.0000
159 180 0.5041 700.0000
159 181 0.8279 700.0000
159 183 0.6209 700.0000
159 184 0.6616 700.0000
160 162 0.5939 700.0000
160 180 0.8457 700.0000
161 163 0.8586 700.0000
161 175 0.8521 700.0000
161 176 0.7539 700.0000
161 177 0.7563 700.0000
161 180 0.6596 700.0000
162 164 0.6503 700.0000
162 174 0.5982 700.0000
162 175 0.5924 700.0000
162 176 0.6334 700.0000
162 177 0.8135 700.0000
162 180 0.6492 700.0000
162 181 0.8190 700.0000
162 184 0.8556 700.0000
163 165 0.6054 700.0000
163 173 0.8836 700.0000
163 174 0.7460 700.0000
163 175 0.4755 700.0000
163 176 0.7737 700.0000
164 166 0.5107 700.0000
164 170 0.8450 700.0000
164 171 0.6047 700.0000
164 173 0.8504 700.0000
164 174 0.7289 700.0000
164 175 0.8634 700.0000
165 167 0.8045 700.0000
165 170 0.8893 700.0000
165 171 0.7141 700.0000
165 172 0.6329 700.0000
165 173 0.3983 700.0000
165 174 0.6265 700.0000
165 175 0.7298 700.0000
166 168 0.8389 700.0000
166 169 0.8650 700.0000
166 170 0.4566 700.0000
166 171 0.5089 700.0000
166 172 0.6837 700.0000
166 173 0.8582 700.0000
167 169 0.5957 700.0000
167 170 0.3727 700.0000
167 171 0.6669 700.0000
167 172 0.5293 700.0000
168 170 0.6935 700.0000
168 172 0.8790 700.0000
169 171 0.7684 700.0000
169 172 0.7554 700.0000
170 172 0.5544 700.0000
171 173 0.7222 700.0000
171 174 0.7362 700.0000
172 174 0.8588 700.0000
173 175 0.7789 700.0000
174 176 0.7025 700.0000
174 181 0.6726 700.0000
174 184 0.7705 700.0000
175 177 0.7589 700.0000
175 180 0.8884 700.0000
175 181 0.7990 700.0000
176 178 0.7746 700.0000
176 179 0.8942 700.0000
176 180 0.6224 700.0000
176 181 0.6322 700.0000
177 179 0.5989 700.0000
177 180 0.5079 700.0000
177 181 0.7193 700.0000
178 180 0.7134 700.0000
178 181 0.5449 700.0000
178 182 0.5224 700.0000
179 181 0.7494 700.0000
179 182 0.5875 700.0000
179 183 0.6550 700.0000
180 182 0.7225 700.0000
180 183 0.5227 700.0000
180 184 0.6690 700.0000
181 183 0.7446 700.0000
181 184 0.5074 700.0000
181 185 0.7228 700.0000
182 184 0.7236 700.0000
182 185 0.6502 700.0000
182 186 0.6554 700.0000
183 186 0.6698 700.0000
183 187 0.8355 700.0000
184 186 0.7204 700.0000
184 187 0.6068 700.0000
184 188 0.6059 700.0000
184 189 0.8966 700.0000
185 187 0.7945 700.0000
185 188 0.5734 700.0000
185 189 0.5446 700.0000
185 190 0.8834 700.0000
186 188 0.7460 700.0000
186 189 0.5943 700.0000
186 190 0.5655 700.0000
187 189 0.6606 700.0000
187 190 0.5498 700.0000
187 191 0.5401 700.0000
188 190 0.6895 700.0000
188 191 0.5862 700.0000
188 192 0.7428 700.0000
189 191 0.6623 700.0000
189 192 0.5909 700.0000
189 193 0.5839 700.0000
189 194 0.8842 700.0000
190 192 0.8488 700.0000
190 193 0.6357 700.0000
190 194 0.6577 700.0000
191 193 0.7109 700.0000
191 194 0.4969 700.0000
191 195 0.6796 700.0000
192 194 0.7629 700.0000
192 195 0.5146 700.0000
192 196 0.5361 700.0000
192 197 0.8653 700.0000
193 195 0.6199 700.0000
193 196 0.6109 700.0000
193 197 0.5748 700.0000
194 196 0.8464 700.0000
194 197 0.5934 700.0000
194 198 0.6353 700.0000
195 197 0.6269 700.0000
195 198 0.5030 700.0000
195 199 0.5797 700.0000
195 200 0.8319 700.0000
196 198 0.7429 700.0000
196 199 0.4897 700.0000
196 200 0.4917 700.0000
197 199 0.7880 700.0000
197 200 0.5737 700.0000
197 201 0.6911 700.0000
198 200 0.8181 700.0000
198 201 0.6460 700.0000
199 201 0.7663 700.0000
233 235 0.5494 700.0000
233 278 0.5999 700.0000
233 279 0.8069 700.0000
233 280 0.8254 700.0000
234 236 0.7535 700.0000
234 278 0.6655 700.0000
234 279 0.5510 700.0000
234 280 0.7900 700.0000
234 287 0.5935 700.0000
234 288 0.7958 700.0000
234 291 0.5514 700.0000
235 237 0.6452 700.0000
235 276 0.6196 700.0000
235 277 0.7423 700.0000
235 278 0.6238 700.0000
235 279 0.8027 700.0000
235 291 0.8377 700.0000
236 238 0.6704 700.0000
236 275 0.8881 700.0000
236 276 0.7247 700.0000
236 277 0.5342 700.0000
236 278 0.8240 700.0000
236 279 0.6761 700.0000
236 291 0.5220 700.0000
236 294 0.6597 700.0000
236 295 0.7364 700.0000
236 298 0.8828 700.0000
237 239 0.7341 700.0000
237 270 0.6524 700.0000
237 271 0.7846 700.0000
237 274 0.5272 700.0000
237 275 0.5978 700.0000
237 276 0.5430 700.0000
237 277 0.7467 700.0000
238 240 0.7079 700.0000
238 241 0.8277 700.0000
238 242 0.7568 700.0000
238 243 0.6300 700.0000
238 270 0.8983 700.0000
238 274 0.5465 700.0000
238 275 0.4430 700.0000
238 276 0.6919 700.0000
238 277 0.6720 700.0000
238 294 0.8954 700.0000
238 298 0.7205 700.0000
239 241 0.5241 700.0000
239 242 0.4960 700.0000
239 243 0.6937 700.0000
239 244 0.8619 700.0000
239 273 0.6751 700.0000
239 274 0.5013 700.0000
239 275 0.6164 700.0000
239 298 0.8252 700.0000
239 302 0.8991 700.0000
240 242 0.7609 700.0000
240 243 0.5821 700.0000
240 244 0.5017 700.0000
240 269 0.7517 700.0000
240 271 0.8748 700.0000
240 272 0.8567 700.0000
240 273 0.5122 700.0000
240 274 0.6343 700.0000
240 275 0.5794 700.0000
241 243 0.7003 700.0000
241 244 0.5037 700.0000
241 245 0.7919 700.0000
241 273 0.6753 700.0000
241 274 0.8589 700.0000
241 275 0.8939 700.0000
242 244 0.8195 700.0000
242 245 0.7104 700.0000
242 246 0.8823 700.0000
242 298 0.7111 700.0000
242 302 0.5145 700.0000
243 245 0.8649 700.0000
243 246 0.5861 700.0000
243 247 0.5581 700.0000
243 254 0.8957 700.0000
243 267 0.7885 700.0000
243 275 0.6104 700.0000
243 277 0.7976 700.0000
243 298 0.7492 700.0000
244 246 0.8475 700.0000
244 247 0.6363 700.0000
244 248 0.8071 700.0000
245 247 0.8524 700.0000
245 248 0.5974 700.0000
245 249 0.5107 700.0000
245 250 0.7968 700.0000
245 301 0.6900 700.0000
245 302 0.7175 700.0000
246 248 0.8777 700.0000
246 249 0.5813 700.0000
246 250 0.4511 700.0000
246 251 0.7294 700.0000
246 253 0.6759 700.0000
246 254 0.7764 700.0000
246 294 0.7569 700.0000
246 297 0.7246 700.0000
246 298 0.5534 700.0000
246 301 0.6020 700.0000
246 302 0.7716 700.0000
247 249 0.7726 700.0000
247 250 0.6781 700.0000
247 251 0.5309 700.0000
247 252 0.8425 700.0000
247 254 0.7579 700.0000
248 250 0.7853 700.0000
248 251 0.7654 700.0000
249 251 0.6674 700.0000
249 253 0.8866 700.0000
249 301 0.6614 700.0000
250 252 0.6563 700.0000
250 253 0.4952 700.0000
250 254 0.8223 700.0000
250 297 0.7660 700.0000
250 301 0.7074 700.0000
251 253 0.6625 700.0000
251 254 0.7591 700.0000
251 255 0.8015 700.0000
252 254 0.7001 700.0000
252 255 0.5580 700.0000
252 256 0.6647 700.0000
253 255 0.7295 700.0000
253 256 0.5184 700.0000
253 257 0.6322 700.0000
253 293 0.8436 700.0000
253 294 0.8014 700.0000
253 297 0.6214 700.0000
254 256 0.6041 700.0000
254 257 0.5558 700.0000
254 258 0.5871 700.0000
254 265 0.6215 700.0000
254 267 0.8941 700.0000
254 277 0.8937 700.0000
254 294 0.7276 700.0000
255 257 0.6766 700.0000
255 258 0.5012 700.0000
255 259 0.6205 700.0000
255 265 0.8221 700.0000
256 258 0.6186 700.0000
256 259 0.5516 700.0000
256 260 0.6417 700.0000
256 261 0.8046 700.0000
257 259 0.7232 700.0000
257 260 0.6008 700.0000
257 261 0.5503 700.0000
257 262 0.8212 700.0000
257 263 0.6845 700.0000
257 265 0.7877 700.0000
257 289 0.8442 700.0000
257 290 0.5834 700.0000
257 293 0.6349 700.0000
257 294 0.7251 700.0000
258 261 0.7785 700.0000
258 262 0.6366 700.0000
258 263 0.4603 700.0000
258 264 0.5316 700.0000
258 265 0.5441 700.0000
258 279 0.8668 700.0000
258 280 0.8984 700.0000
258 290 0.8748 700.0000
259 261 0.8429 700.0000
259 262 0.7423 700.0000
259 263 0.8184 700.0000
260 262 0.8608 700.0000
260 289 0.8362 700.0000
260 290 0.8187 700.0000
260 293 0.8138 700.0000
261 263 0.6163 700.0000
261 285 0.8149 700.0000
261 286 0.5253 700.0000
261 287 0.7832 700.0000
261 289 0.5415 700.0000
261 290 0.5043 700.0000
261 293 0.7578 700.0000
262 264 0.6868 700.0000
262 280 0.8172 700.0000
262 281 0.6321 700.0000
262 282 0.7593 700.0000
262 283 0.7524 700.0000
262 286 0.5888 700.0000
262 287 0.7987 700.0000
262 290 0.8549 700.0000
263 265 0.6344 700.0000
263 279 0.6669 700.0000
263 280 0.5876 700.0000
263 281 0.5872 700.0000
263 282 0.8603 700.0000
263 286 0.7046 700.0000
263 287 0.6614 700.0000
263 290 0.6961 700.0000
264 266 0.6655 700.0000
264 278 0.8321 700.0000
264 279 0.7375 700.0000
264 280 0.4668 700.0000
264 281 0.7324 700.0000
265 267 0.6381 700.0000
265 277 0.5979 700.0000
265 278 0.6521 700.0000
265 279 0.5191 700.0000
265 280 0.6793 700.0000
265 290 0.8991 700.0000
265 294 0.8800 700.0000
266 268 0.5904 700.0000
266 276 0.7890 700.0000
266 277 0.7401 700.0000
266 278 0.5038 700.0000
266 279 0.8031 700.0000
266 280 0.7084 700.0000
267 269 0.8220 700.0000
267 275 0.6709 700.0000
267 276 0.6418 700.0000
267 277 0.5635 700.0000
267 278 0.7762 700.0000
268 270 0.6793 700.0000
268 275 0.7072 700.0000
268 276 0.5063 700.0000
268 277 0.7554 700.0000
268 278 0.7282 700.0000
269 271 0.5732 700.0000
269 272 0.6937 700.0000
269 273 0.7976 700.0000
269 274 0.7296 700.0000
269 275 0.5888 700.0000
269 276 0.7737 700.0000
270 272 0.6771 700.0000
270 273 0.8856 700.0000
270 274 0.5506 700.0000
270 275 0.6100 700.0000
270 276 0.5769 700.0000
271 273 0.6146 700.0000
271 274 0.4434 700.0000
271 275 0.7174 700.0000
271 276 0.8636 700.0000
272 274 0.6081 700.0000
273 275 0.8122 700.0000
274 276 0.7638 700.0000
275 277 0.6069 700.0000
276 278 0.5953 700.0000
276 279 0.8826 700.0000
277 279 0.5835 700.0000
277 291 0.8602 700.0000
277 294 0.7398 700.0000
278 280 0.6061 700.0000
279 281 0.8123 700.0000
279 287 0.5733 700.0000
279 290 0.6520 700.0000
279 291 0.5622 700.0000
279 294 0.8093 700.0000
280 282 0.7866 700.0000
280 287 0.6935 700.0000
281 283 0.6502 700.0000
281 284 0.6663 700.0000
281 285 0.8092 700.0000
281 286 0.6817 700.0000
281 287 0.5455 700.0000
282 284 0.7235 700.0000
282 286 0.7826 700.0000
282 287 0.8485 700.0000
283 285 0.6617 700.0000
283 286 0.5419 700.0000
283 287 0.8743 700.0000
284 286 0.5999 700.0000
284 287 0.5474 700.0000
284 288 0.6551 700.0000
285 287 0.5405 700.0000
285 288 0.5093 700.0000
285 289 0.6108 700.0000
285 290 0.8166 700.0000
286 288 0.7556 700.0000
286 289 0.6018 700.0000
286 290 0.7087 700.0000
287 289 0.6274 700.0000
287 290 0.5709 700.0000
287 291 0.6199 700.0000
288 290 0.6930 700.0000
288 291 0.6017 700.0000
288 292 0.6552 700.0000
289 291 0.6912 700.0000
289 292 0.5051 700.0000
289 293 0.6033 700.0000
290 292 0.6301 700.0000
290 293 0.5026 700.0000
290 294 0.6813 700.0000
290 295 0.8332 700.0000
291 293 0.8228 700.0000
291 294 0.7290 700.0000
291 295 0.7504 700.0000
292 294 0.8511 700.0000
292 295 0.6338 700.0000
292 296 0.6936 700.0000
293 295 0.5622 700.0000
293 296 0.5399 700.0000
293 297 0.6077 700.0000
294 296 0.6893 700.0000
294 297 0.6654 700.0000
294 298 0.5646 700.0000
294 299 0.8684 700.0000
295 297 0.6523 700.0000
295 298 0.5645 700.0000
295 299 0.5295 700.0000
295 300 0.8943 700.0000
296 298 0.7207 700.0000
296 299 0.5211 700.0000
296 300 0.6084 700.0000
296 301 0.8431 700.0000
297 299 0.7667 700.0000
297 300 0.5311 700.0000
297 301 0.5964 700.0000
298 300 0.8230 700.0000
298 301 0.6276 700.0000
298 302 0.5074 700.0000
299 301 0.7609 700.0000
299 302 0.6042 700.0000
300 302 0.7526 700.0000
305 307 0.7688 700.0000
305 344 0.6088 700.0000
305 345 0.4435 700.0000
305 346 0.6405 700.0000
305 347 0.8630 700.0000
306 308 0.6640 700.0000
306 344 0.7394 700.0000
306 345 0.5488 700.0000
306 346 0.6696 700.0000
306 347 0.5339 700.0000
306 350 0.7184 700.0000
307 309 0.6396 700.0000
307 342 0.6201 700.0000
307 343 0.6260 700.0000
307 344 0.5240 700.0000
307 345 0.7299 700.0000
307 350 0.8590 700.0000
308 310 0.7276 700.0000
308 342 0.7558 700.0000
308 343 0.5246 700.0000
308 344 0.8079 700.0000
308 345 0.8188 700.0000
308 347 0.7538 700.0000
308 350 0.5411 700.0000
308 351 0.8124 700.0000
308 354 0.6766 700.0000
309 311 0.6840 700.0000
309 340 0.5601 700.0000
309 341 0.6453 700.0000
309 342 0.5234 700.0000
309 343 0.6231 700.0000
310 312 0.5745 700.0000
310 318 0.8583 700.0000
310 339 0.7496 700.0000
310 340 0.5724 700.0000
310 341 0.4342 700.0000
310 342 0.6976 700.0000
310 343 0.6726 700.0000
310 354 0.6895 700.0000
310 357 0.7241 700.0000
311 313 0.7188 700.0000
311 338 0.8579 700.0000
311 339 0.6027 700.0000
311 340 0.5285 700.0000
311 341 0.6801 700.0000
312 314 0.6065 700.0000
312 315 0.7623 700.0000
312 317 0.5917 700.0000
312 318 0.5619 700.0000
312 321 0.7451 700.0000
312 338 0.8065 700.0000
312 339 0.4676 700.0000
312 340 0.6995 700.0000
312 341 0.6383 700.0000
312 357 0.7915 700.0000
312 361 0.6973 700.0000
313 315 0.7328 700.0000
313 317 0.5813 700.0000
313 318 0.7994 700.0000
313 338 0.8917 700.0000
313 339 0.6347 700.0000
313 361 0.8018 700.0000
314 316 0.5560 700.0000
314 317 0.4346 700.0000
314 318 0.6312 700.0000
314 319 0.8401 700.0000
314 338 0.8052 700.0000
314 339 0.6085 700.0000
315 317 0.6628 700.0000
315 318 0.5202 700.0000
315 319 0.5648 700.0000
315 336 0.6209 700.0000
315 338 0.5661 700.0000
315 339 0.5058 700.0000
316 318 0.7100 700.0000
316 319 0.6448 700.0000
316 320 0.7372 700.0000
317 319 0.7547 700.0000
317 320 0.6069 700.0000
317 321 0.6017 700.0000
317 339 0.7975 700.0000
317 361 0.7861 700.0000
318 320 0.6460 700.0000
318 321 0.5232 700.0000
318 322 0.6307 700.0000
318 323 0.8479 700.0000
318 336 0.5752 700.0000
318 338 0.7881 700.0000
318 339 0.5499 700.0000
318 340 0.8626 700.0000
318 341 0.5907 700.0000
319 321 0.7488 700.0000
319 322 0.5096 700.0000
319 323 0.6337 700.0000
319 336 0.5397 700.0000
319 339 0.7986 700.0000
319 341 0.8315 700.0000
320 322 0.8133 700.0000
320 323 0.5868 700.0000
320 324 0.5350 700.0000
321 323 0.7877 700.0000
321 324 0.5374 700.0000
321 325 0.6334 700.0000
321 341 0.7822 700.0000
321 353 0.8812 700.0000
321 356 0.7587 700.0000
321 357 0.5690 700.0000
321 360 0.7601 700.0000
321 361 0.8369 700.0000
322 324 0.7976 700.0000
322 325 0.6583 700.0000
322 326 0.5473 700.0000
322 333 0.8852 700.0000
322 334 0.4701 700.0000
322 335 0.7811 700.0000
322 336 0.6634 700.0000
322 341 0.7127 700.0000
323 325 0.7609 700.0000
323 326 0.6436 700.0000
323 327 0.7098 700.0000
324 326 0.7799 700.0000
324 327 0.7206 700.0000
324 328 0.7287 700.0000
324 356 0.7670 700.0000
325 327 0.7432 700.0000
325 328 0.5541 700.0000
325 329 0.5082 700.0000
325 332 0.7063 700.0000
325 334 0.6820 700.0000
325 343 0.8881 700.0000
325 352 0.8628 700.0000
325 353 0.6173 700.0000
325 356 0.6866 700.0000
325 357 0.8006 700.0000
326 328 0.7418 700.0000
326 329 0.6623 700.0000
326 330 0.6767 700.0000
326 332 0.6543 700.0000
326 333 0.7970 700.0000
326 334 0.5673 700.0000
327 329 0.8346 700.0000
327 330 0.7916 700.0000
328 330 0.7865 700.0000
328 352 0.8880 700.0000
328 353 0.8531 700.0000
328 356 0.7655 700.0000
329 331 0.7678 700.0000
329 332 0.5223 700.0000
329 334 0.8747 700.0000
329 349 0.5435 700.0000
329 350 0.8469 700.0000
329 352 0.6895 700.0000
329 353 0.6434 700.0000
329 356 0.8568 700.0000
330 332 0.6571 700.0000
330 349 0.8737 700.0000
331 333 0.8861 700.0000
331 345 0.7838 700.0000
331 346 0.7436 700.0000
331 349 0.7026 700.0000
332 334 0.5462 700.0000
332 343 0.6171 700.0000
332 344 0.6104 700.0000
332 345 0.6041 700.0000
332 346 0.7482 700.0000
332 349 0.5786 700.0000
332 350 0.7081 700.0000
332 353 0.8108 700.0000
333 335 0.5930 700.0000
333 342 0.7190 700.0000
333 343 0.6832 700.0000
333 344 0.4495 700.0000
333 345 0.7400 700.0000
334 336 0.8106 700.0000
334 341 0.6388 700.0000
334 342 0.6120 700.0000
334 343 0.5794 700.0000
334 344 0.7416 700.0000
335 337 0.7133 700.0000
335 340 0.8723 700.0000
335 341 0.7240 700.0000
335 342 0.4665 700.0000
335 343 0.7870 700.0000
335 344 0.7916 700.0000
336 338 0.5270 700.0000
336 339 0.5601 700.0000
336 340 0.6867 700.0000
336 341 0.6022 700.0000
336 342 0.7787 700.0000
337 339 0.7122 700.0000
337 340 0.6047 700.0000
337 341 0.8565 700.0000
337 342 0.8056 700.0000
338 340 0.5341 700.0000
338 341 0.8057 700.0000
339 341 0.6039 700.0000
340 342 0.6151 700.0000
341 343 0.5950 700.0000
341 357 0.8666 700.0000
342 344 0.6704 700.0000
343 345 0.6992 700.0000
343 349 0.8719 700.0000
343 350 0.5435 700.0000
343 353 0.7458 700.0000
343 354 0.7716 700.0000
344 346 0.7907 700.0000
344 350 0.7821 700.0000
345 347 0.6851 700.0000
345 348 0.8396 700.0000
345 349 0.6170 700.0000
345 350 0.5863 700.0000
346 348 0.5055 700.0000
346 349 0.4288 700.0000
346 350 0.5957 700.0000
346 351 0.8201 700.0000
347 349 0.7103 700.0000
347 350 0.5070 700.0000
347 351 0.5642 700.0000
347 352 0.8944 700.0000
348 350 0.6720 700.0000
348 351 0.5752 700.0000
348 352 0.7116 700.0000
349 351 0.6520 700.0000
349 352 0.6006 700.0000
349 353 0.7010 700.0000
350 352 0.6165 700.0000
350 353 0.5753 700.0000
350 354 0.5910 700.0000
351 353 0.5609 700.0000
351 354 0.5108 700.0000
351 355 0.6102 700.0000
352 354 0.6201 700.0000
352 355 0.4876 700.0000
352 356 0.6427 700.0000
352 357 0.8342 700.0000
353 355 0.6079 700.0000
353 356 0.5402 700.0000
353 357 0.5685 700.0000
353 358 0.8458 700.0000
354 356 0.8474 700.0000
354 357 0.5939 700.0000
354 358 0.6966 700.0000
355 357 0.7310 700.0000
355 358 0.6023 700.0000
355 359 0.5744 700.0000
356 358 0.7154 700.0000
356 359 0.5415 700.0000
356 360 0.6933 700.0000
357 359 0.6889 700.0000
357 360 0.5796 700.0000
357 361 0.6098 700.0000
358 360 0.5427 700.0000
358 361 0.5635 700.0000
358 362 0.6086 700.0000
359 361 0.8586 700.0000
359 362 0.7035 700.0000
360 362 0.5672 700.0000
378 380 0.6346 700.0000
378 416 0.7841 700.0000
378 417 0.6400 700.0000
378 418 0.4222 700.0000
378 419 0.7129 700.0000
378 420 0.7657 700.0000
378 434 0.5914 700.0000
378 437 0.6633 700.0000
378 438 0.7448 700.0000
378 441 0.8976 700.0000
379 381 0.8595 700.0000
379 412 0.8306 700.0000
379 415 0.5007 700.0000
379 416 0.6522 700.0000
379 417 0.5329 700.0000
379 418 0.7550 700.0000
380 382 0.6271 700.0000
380 383 0.8390 700.0000
380 384 0.7068 700.0000
380 385 0.6659 700.0000
380 415 0.5844 700.0000
380 416 0.4344 700.0000
380 417 0.6611 700.0000
380 418 0.7235 700.0000
380 441 0.7395 700.0000
381 383 0.4657 700.0000
381 384 0.5427 700.0000
381 385 0.7739 700.0000
381 386 0.8440 700.0000
381 413 0.8767 700.0000
381 414 0.5941 700.0000
381 415 0.6131 700.0000
381 416 0.6505 700.0000
382 384 0.7080 700.0000
382 385 0.5979 700.0000
382 386 0.5578 700.0000
382 387 0.8957 700.0000
382 411 0.6021 700.0000
382 413 0.6890 700.0000
382 414 0.5765 700.0000
382 415 0.6625 700.0000
382 416 0.4953 700.0000
382 417 0.8980 700.0000
383 385 0.7091 700.0000
383 386 0.4921 700.0000
383 387 0.5976 700.0000
383 388 0.8588 700.0000
383 414 0.7516 700.0000
383 416 0.8551 700.0000
384 386 0.7795 700.0000
384 387 0.5502 700.0000
384 388 0.5780 700.0000
384 441 0.6703 700.0000
384 444 0.8442 700.0000
384 445 0.6525 700.0000
385 387 0.7473 700.0000
385 388 0.5787 700.0000
385 389 0.4828 700.0000
385 390 0.8615 700.0000
385 392 0.6030 700.0000
385 393 0.7949 700.0000
385 409 0.8027 700.0000
385 411 0.8668 700.0000
385 416 0.5772 700.0000
385 418 0.8421 700.0000
385 441 0.7900 700.0000
386 388 0.7676 700.0000
386 389 0.5538 700.0000
386 411 0.8644 700.0000
386 416 0.8714 700.0000
387 389 0.7431 700.0000
387 390 0.8682 700.0000
387 445 0.8696 700.0000
388 390 0.6451 700.0000
388 391 0.5744 700.0000
388 392 0.5439 700.0000
388 440 0.8751 700.0000
388 441 0.6555 700.0000
388 444 0.5546 700.0000
388 445 0.6560 700.0000
388 447 0.8360 700.0000
389 391 0.8214 700.0000
389 392 0.6265 700.0000
389 393 0.5730 700.0000
390 392 0.6363 700.0000
390 393 0.5856 700.0000
390 394 0.6722 700.0000
391 393 0.7735 700.0000
391 394 0.6176 700.0000
391 395 0.6912 700.0000
391 440 0.7523 700.0000
391 443 0.8251 700.0000
391 444 0.5935 700.0000
391 447 0.7476 700.0000
392 394 0.7235 700.0000
392 395 0.6061 700.0000
392 396 0.6163 700.0000
392 437 0.6484 700.0000
392 440 0.6609 700.0000
392 441 0.6728 700.0000
392 444 0.7631 700.0000
393 395 0.7611 700.0000
393 396 0.5306 700.0000
393 397 0.7074 700.0000
393 409 0.8895 700.0000
394 396 0.7348 700.0000
394 397 0.6270 700.0000
394 398 0.6579 700.0000
395 397 0.6605 700.0000
395 398 0.4877 700.0000
395 399 0.5961 700.0000
395 402 0.8650 700.0000
395 436 0.7514 700.0000
395 437 0.7207 700.0000
395 440 0.6042 700.0000
396 398 0.7189 700.0000
396 399 0.5217 700.0000
396 400 0.5776 700.0000
396 405 0.8635 700.0000
396 407 0.6379 700.0000
396 409 0.8905 700.0000
396 418 0.8540 700.0000
396 420 0.7669 700.0000
396 433 0.8754 700.0000
396 437 0.6839 700.0000
397 399 0.6024 700.0000
397 400 0.4772 700.0000
397 401 0.5369 700.0000
397 402 0.8822 700.0000
397 405 0.8989 700.0000
397 407 0.8570 700.0000
398 400 0.7733 700.0000
398 401 0.5852 700.0000
398 402 0.5695 700.0000
398 403 0.8966 700.0000
399 401 0.6992 700.0000
399 402 0.5355 700.0000
399 403 0.5272 700.0000
399 405 0.6463 700.0000
399 407 0.8680 700.0000
399 420 0.7401 700.0000
399 433 0.5532 700.0000
399 436 0.6360 700.0000
399 437 0.7646 700.0000
400 402 0.8604 700.0000
400 403 0.8015 700.0000
400 404 0.7046 700.0000
400 405 0.4399 700.0000
400 406 0.5789 700.0000
400 407 0.5750 700.0000
400 420 0.7782 700.0000
400 423 0.7724 700.0000
401 403 0.8427 700.0000
401 404 0.7585 700.0000
401 405 0.8137 700.0000
402 433 0.8453 700.0000
402 436 0.8123 700.0000
403 405 0.6412 700.0000
403 420 0.8970 700.0000
403 429 0.4905 700.0000
403 430 0.7523 700.0000
403 431 0.8625 700.0000
403 432 0.5822 700.0000
403 433 0.5469 700.0000
403 436 0.7561 700.0000
404 406 0.8076 700.0000
404 422 0.6232 700.0000
404 423 0.4132 700.0000
404 424 0.6251 700.0000
404 427 0.8153 700.0000
404 429 0.7376 700.0000
405 407 0.6544 700.0000
405 420 0.6005 700.0000
405 421 0.6721 700.0000
405 422 0.5555 700.0000
405 423 0.5243 700.0000
405 428 0.8681 700.0000
405 429 0.7118 700.0000
405 430 0.7319 700.0000
405 433 0.7395 700.0000
406 408 0.6919 700.0000
406 419 0.7909 700.0000
406 420 0.6722 700.0000
406 421 0.4893 700.0000
406 422 0.6958 700.0000
406 423 0.5728 700.0000
407 409 0.6500 700.0000
407 418 0.7572 700.0000
407 419 0.6503 700.0000
407 420 0.5705 700.0000
407 421 0.6967 700.0000
408 410 0.6304 700.0000
408 417 0.8062 700.0000
408 418 0.7308 700.0000
408 419 0.4818 700.0000
408 420 0.8076 700.0000
408 421 0.7180 700.0000
409 411 0.7897 700.0000
409 416 0.6825 700.0000
409 417 0.6366 700.0000
409 418 0.5615 700.0000
409 419 0.7028 700.0000
410 412 0.6597 700.0000
410 413 0.8928 700.0000
410 415 0.8624 700.0000
410 416 0.5449 700.0000
410 417 0.3950 700.0000
410 418 0.6719 700.0000
410 419 0.7589 700.0000
411 413 0.5115 700.0000
411 414 0.8134 700.0000
411 415 0.7615 700.0000
411 416 0.5460 700.0000
411 417 0.7294 700.0000
412 414 0.8646 700.0000
412 415 0.5617 700.0000
412 416 0.7532 700.0000
412 417 0.6350 700.0000
413 415 0.5741 700.0000
413 416 0.7699 700.0000
414 416 0.8610 700.0000
415 417 0.6315 700.0000
416 418 0.6389 700.0000
417 419 0.6708 700.0000
418 420 0.6107 700.0000
418 434 0.7237 700.0000
418 437 0.6840 700.0000
419 421 0.6047 700.0000
419 434 0.7423 700.0000
420 422 0.8584 700.0000
420 430 0.5933 700.0000
420 431 0.8646 700.0000
420 433 0.5439 700.0000
420 434 0.4614 700.0000
420 437 0.7630 700.0000
421 423 0.7491 700.0000
421 428 0.8782 700.0000
421 430 0.7844 700.0000
422 424 0.5450 700.0000
422 425 0.7345 700.0000
422 427 0.6926 700.0000
422 428 0.5302 700.0000
422 429 0.6870 700.0000
422 430 0.6951 700.0000
423 425 0.8552 700.0000
424 426 0.5350 700.0000
424 427 0.4384 700.0000
424 428 0.7298 700.0000
424 429 0.8226 700.0000
425 427 0.8720 700.0000
427 429 0.5896 700.0000
428 430 0.4818 700.0000
428 431 0.7017 700.0000
428 432 0.8296 700.0000
429 431 0.6431 700.0000
429 432 0.5192 700.0000
429 433 0.6887 700.0000
430 432 0.6156 700.0000
430 433 0.5233 700.0000
430 434 0.5242 700.0000
430 435 0.8720 700.0000
431 433 0.5773 700.0000
431 434 0.5662 700.0000
431 435 0.6676 700.0000
431 436 0.8906 700.0000
432 434 0.8128 700.0000
432 435 0.6352 700.0000
432 436 0.7224 700.0000
433 435 0.5081 700.0000
433 436 0.4821 700.0000
433 437 0.6770 700.0000
433 438 0.8211 700.0000
434 436 0.7717 700.0000
434 437 0.6813 700.0000
434 438 0.7548 700.0000
435 437 0.6708 700.0000
435 438 0.4799 700.0000
435 439 0.5822 700.0000
435 440 0.8514 700.0000
436 438 0.6029 700.0000
436 439 0.5174 700.0000
436 440 0.6513 700.0000
437 439 0.7223 700.0000
437 440 0.5439 700.0000
437 441 0.5957 700.0000
437 442 0.8851 700.0000
438 440 0.6202 700.0000
438 441 0.6172 700.0000
438 442 0.5977 700.0000
439 441 0.7923 700.0000
439 442 0.5497 700.0000
439 443 0.7114 700.0000
440 442 0.6104 700.0000
440 443 0.5517 700.0000
440 444 0.5910 700.0000
440 445 0.7947 700.0000
441 443 0.8278 700.0000
441 444 0.5867 700.0000
441 445 0.5526 700.0000
441 446 0.8767 700.0000
442 444 0.6990 700.0000
442 445 0.6044 700.0000
442 446 0.6539 700.0000
443 445 0.6704 700.0000
443 446 0.5489 700.0000
443 447 0.5742 700.0000
444 446 0.5347 700.0000
444 447 0.4469 700.0000
445 447 0.6243 700.0000
449 451 0.6931 700.0000
449 492 0.8963 700.0000
449 493 0.7338 700.0000
449 494 0.5215 700.0000
449 495 0.6643 700.0000
449 496 0.5467 700.0000
449 499 0.6577 700.0000
450 452 0.6420 700.0000
450 491 0.6158 700.0000
450 492 0.7236 700.0000
450 493 0.6294 700.0000
450 494 0.8578 700.0000
451 453 0.6114 700.0000
451 490 0.8401 700.0000
451 491 0.7096 700.0000
451 492 0.5083 700.0000
451 493 0.7766 700.0000
451 494 0.8391 700.0000
451 499 0.5993 700.0000
451 500 0.8442 700.0000
451 502 0.8928 700.0000
451 503 0.6292 700.0000
452 454 0.6433 700.0000
452 489 0.6453 700.0000
452 490 0.6877 700.0000
452 491 0.5369 700.0000
452 492 0.6821 700.0000
453 455 0.6625 700.0000
453 457 0.8137 700.0000
453 458 0.8436 700.0000
453 489 0.6359 700.0000
453 490 0.4746 700.0000
453 491 0.6770 700.0000
453 492 0.6738 700.0000
453 503 0.6729 700.0000
453 506 0.7613 700.0000
453 507 0.8092 700.0000
454 456 0.5720 700.0000
454 457 0.6075 700.0000
454 458 0.8115 700.0000
454 488 0.6904 700.0000
454 489 0.5932 700.0000
454 490 0.8137 700.0000
455 457 0.6112 700.0000
455 458 0.5381 700.0000
455 459 0.7096 700.0000
455 461 0.8895 700.0000
455 462 0.4655 700.0000
455 465 0.7559 700.0000
455 466 0.8746 700.0000
455 485 0.8249 700.0000
455 486 0.8304 700.0000
455 487 0.8358 700.0000
455 488 0.6424 700.0000
455 489 0.5652 700.0000
455 490 0.6824 700.0000
456 458 0.7792 700.0000
456 459 0.7448 700.0000
456 462 0.7465 700.0000
456 488 0.6627 700.0000
457 459 0.6111 700.0000
457 461 0.8795 700.0000
457 462 0.8786 700.0000
457 507 0.8118 700.0000
458 460 0.8323 700.0000
458 461 0.4926 700.0000
458 462 0.6749 700.0000
458 465 0.8006 700.0000
458 506 0.7514 700.0000
458 507 0.6723 700.0000
459 461 0.5419 700.0000
459 462 0.5813 700.0000
459 463 0.8212 700.0000
460 462 0.8604 700.0000
460 463 0.7337 700.0000
461 463 0.8034 700.0000
461 464 0.6517 700.0000
461 465 0.6993 700.0000
461 506 0.8173 700.0000
461 507 0.8502 700.0000
462 465 0.6778 700.0000
462 466 0.6437 700.0000
462 487 0.7410 700.0000
462 488 0.8132 700.0000
462 489 0.8922 700.0000
463 465 0.7680 700.0000
463 466 0.6643 700.0000
463 467 0.7483 700.0000
464 466 0.7532 700.0000
464 467 0.4372 700.0000
464 468 0.8903 700.0000
464 469 0.7496 700.0000
464 470 0.5981 700.0000
465 467 0.6491 700.0000
465 470 0.5005 700.0000
465 471 0.8323 700.0000
465 485 0.6906 700.0000
465 490 0.7425 700.0000
465 506 0.7306 700.0000
466 468 0.8488 700.0000
466 470 0.8157 700.0000
466 485 0.5922 700.0000
466 486 0.8462 700.0000
466 487 0.7793 700.0000
467 469 0.5963 700.0000
467 470 0.6477 700.0000
467 471 0.8096 700.0000
468 470 0.7224 700.0000
468 471 0.5639 700.0000
468 472 0.5996 700.0000
469 471 0.7028 700.0000
469 472 0.6135 700.0000
469 473 0.5974 700.0000
470 472 0.7117 700.0000
470 473 0.5992 700.0000
470 474 0.5851 700.0000
470 475 0.8422 700.0000
470 483 0.8094 700.0000
470 485 0.8965 700.0000
470 505 0.7312 700.0000
470 506 0.7804 700.0000
471 473 0.5961 700.0000
471 474 0.5689 700.0000
471 475 0.4763 700.0000
471 476 0.8599 700.0000
471 483 0.6731 700.0000
472 474 0.7864 700.0000
472 475 0.5188 700.0000
472 476 0.6477 700.0000
473 475 0.7766 700.0000
473 476 0.5529 700.0000
473 477 0.5359 700.0000
473 478 0.8660 700.0000
473 505 0.7882 700.0000
474 476 0.8078 700.0000
474 477 0.6613 700.0000
474 478 0.4490 700.0000
474 479 0.7549 700.0000
474 481 0.6506 700.0000
474 483 0.5968 700.0000
474 492 0.8846 700.0000
474 502 0.6662 700.0000
474 505 0.6339 700.0000
474 506 0.7992 700.0000
475 478 0.8353 700.0000
475 479 0.7223 700.0000
475 481 0.8363 700.0000
475 482 0.8532 700.0000
475 483 0.6477 700.0000
476 478 0.8234 700.0000
476 479 0.7571 700.0000
477 479 0.8834 700.0000
477 505 0.6095 700.0000
478 480 0.6937 700.0000
478 481 0.5471 700.0000
478 498 0.7132 700.0000
478 499 0.8635 700.0000
478 501 0.6702 700.0000
478 502 0.5406 700.0000
478 505 0.6862 700.0000
479 481 0.5709 700.0000
479 498 0.8015 700.0000
480 494 0.7771 700.0000
480 495 0.7380 700.0000
480 498 0.5433 700.0000
481 483 0.6964 700.0000
481 492 0.6452 700.0000
481 493 0.5769 700.0000
481 494 0.6133 700.0000
481 495 0.8159 700.0000
481 498 0.6453 700.0000
481 499 0.6550 700.0000
481 502 0.6995 700.0000
482 484 0.6152 700.0000
482 491 0.7158 700.0000
482 492 0.6682 700.0000
482 493 0.4667 700.0000
482 494 0.8022 700.0000
483 485 0.6301 700.0000
483 490 0.6478 700.0000
483 491 0.6961 700.0000
483 492 0.6778 700.0000
483 493 0.8223 700.0000
484 486 0.5811 700.0000
484 489 0.7319 700.0000
484 490 0.6021 700.0000
484 491 0.4286 700.0000
484 492 0.7220 700.0000
484 493 0.8354 700.0000
485 487 0.7930 700.0000
485 489 0.6186 700.0000
485 490 0.5319 700.0000
485 491 0.7300 700.0000
486 488 0.6634 700.0000
486 489 0.4159 700.0000
486 490 0.7095 700.0000
486 491 0.7301 700.0000
487 489 0.7434 700.0000
489 491 0.6251 700.0000
490 492 0.5584 700.0000
490 503 0.8901 700.0000
490 506 0.7174 700.0000
491 493 0.6624 700.0000
492 494 0.7163 700.0000
492 499 0.5732 700.0000
492 502 0.6943 700.0000
492 503 0.7396 700.0000
493 495 0.8122 700.0000
493 499 0.6799 700.0000
494 496 0.5930 700.0000
494 497 0.8680 700.0000
494 498 0.6492 700.0000
494 499 0.5051 700.0000
495 497 0.6029 700.0000
495 498 0.4889 700.0000
495 499 0.6504 700.0000
496 498 0.6141 700.0000
496 499 0.5404 700.0000
496 500 0.6855 700.0000
497 499 0.6991 700.0000
497 500 0.6155 700.0000
497 501 0.6528 700.0000
498 500 0.6931 700.0000
498 501 0.5900 700.0000
498 502 0.7770 700.0000
499 501 0.7191 700.0000
499 502 0.5636 700.0000
499 503 0.6435 700.0000
500 502 0.5202 700.0000
500 503 0.5193 700.0000
500 504 0.5632 700.0000
501 503 0.8325 700.0000
501 504 0.6120 700.0000
501 505 0.8580 700.0000
502 504 0.6012 700.0000
502 505 0.5839 700.0000
502 506 0.6042 700.0000
502 507 0.8239 700.0000
503 505 0.8955 700.0000
503 506 0.6297 700.0000
503 507 0.5782 700.0000
504 506 0.7394 700.0000
504 507 0.6211 700.0000
505 507 0.7818 700.0000
556 558 0.6808 700.0000
557 559 0.6757 700.0000
558 560 0.7899 700.0000
558 567 0.5249 700.0000
558 568 0.5571 700.0000
558 569 0.8314 700.0000
558 571 0.8835 700.0000
559 561 0.6847 700.0000
559 566 0.8297 700.0000
559 567 0.5442 700.0000
559 568 0.4360 700.0000
559 569 0.8705 700.0000
559 571 0.8140 700.0000
559 580 0.6872 700.0000
559 582 0.8848 700.0000
560 562 0.6380 700.0000
560 564 0.7683 700.0000
560 565 0.5996 700.0000
560 566 0.6433 700.0000
560 567 0.5866 700.0000
560 568 0.6400 700.0000
560 580 0.8698 700.0000
560 581 0.8964 700.0000
561 563 0.4788 700.0000
561 564 0.4357 700.0000
561 565 0.5777 700.0000
561 566 0.6100 700.0000
561 567 0.6954 700.0000
561 568 0.5763 700.0000
561 569 0.7861 700.0000
561 580 0.8124 700.0000
561 581 0.5462 700.0000
561 582 0.5112 700.0000
561 585 0.6714 700.0000
561 586 0.8803 700.0000
562 564 0.6506 700.0000
562 565 0.5547 700.0000
562 566 0.8977 700.0000
562 581 0.6627 700.0000
562 582 0.8750 700.0000
562 585 0.8811 700.0000
562 597 0.6946 700.0000
562 598 0.6956 700.0000
563 565 0.6826 700.0000
563 566 0.8852 700.0000
563 581 0.6759 700.0000
563 582 0.7086 700.0000
563 584 0.8929 700.0000
563 585 0.5090 700.0000
563 586 0.7330 700.0000
563 589 0.7930 700.0000
563 597 0.7032 700.0000
564 566 0.4453 700.0000
564 567 0.7650 700.0000
564 568 0.8451 700.0000
564 569 0.8672 700.0000
564 582 0.6643 700.0000
564 585 0.6352 700.0000
565 567 0.8555 700.0000
566 568 0.7431 700.0000
566 569 0.8082 700.0000
566 582 0.8222 700.0000
567 569 0.6334 700.0000
567 582 0.7949 700.0000
568 570 0.7382 700.0000
568 571 0.5678 700.0000
568 580 0.6875 700.0000
568 581 0.7323 700.0000
568 582 0.5114 700.0000
568 583 0.8780 700.0000
569 571 0.7129 700.0000
569 582 0.4337 700.0000
569 583 0.6728 700.0000
569 584 0.7292 700.0000
569 585 0.8193 700.0000
570 572 0.7724 700.0000
570 582 0.6337 700.0000
570 583 0.5600 700.0000
570 584 0.7269 700.0000
571 573 0.5985 700.0000
571 580 0.5431 700.0000
571 581 0.7517 700.0000
571 582 0.7243 700.0000
571 583 0.8026 700.0000
572 574 0.6017 700.0000
572 575 0.8744 700.0000
572 580 0.7750 700.0000
572 581 0.6143 700.0000
572 582 0.7158 700.0000
572 583 0.4938 700.0000
572 584 0.8164 700.0000
572 585 0.8856 700.0000
572 586 0.5888 700.0000
572 587 0.7053 700.0000
573 575 0.6194 700.0000
573 577 0.7842 700.0000
573 578 0.6007 700.0000
573 579 0.7269 700.0000
573 580 0.5568 700.0000
573 581 0.7104 700.0000
574 576 0.6841 700.0000
574 577 0.5035 700.0000
574 578 0.6344 700.0000
574 579 0.5675 700.0000
574 580 0.7565 700.0000
574 581 0.6775 700.0000
574 586 0.7632 700.0000
574 590 0.8826 700.0000
574 596 0.6818 700.0000
574 601 0.8211 700.0000
574 603 0.6065 700.0000
575 577 0.6114 700.0000
575 578 0.6090 700.0000
575 579 0.8746 700.0000
575 603 0.6286 700.0000
576 578 0.7874 700.0000
576 601 0.6197 700.0000
576 602 0.7115 700.0000
576 603 0.5151 700.0000
577 579 0.4090 700.0000
577 580 0.8915 700.0000
577 596 0.6456 700.0000
577 598 0.8011 700.0000
577 599 0.6154 700.0000
577 601 0.6136 700.0000
577 603 0.7407 700.0000
578 580 0.7583 700.0000
579 581 0.6497 700.0000
579 596 0.6166 700.0000
579 597 0.7894 700.0000
579 598 0.5742 700.0000
579 599 0.6518 700.0000
579 601 0.8515 700.0000
580 582 0.8468 700.0000
581 583 0.7165 700.0000
581 584 0.8896 700.0000
581 585 0.6880 700.0000
581 586 0.5299 700.0000
581 596 0.7789 700.0000
581 597 0.7260 700.0000
581 598 0.8120 700.0000
582 584 0.5213 700.0000
582 585 0.4548 700.0000
582 586 0.6681 700.0000
582 587 0.8710 700.0000
583 585 0.5383 700.0000
583 586 0.5359 700.0000
583 587 0.5190 700.0000
584 586 0.6315 700.0000
584 587 0.5461 700.0000
584 588 0.6830 700.0000
585 587 0.6586 700.0000
585 588 0.6138 700.0000
585 589 0.7036 700.0000
586 588 0.7284 700.0000
586 589 0.5196 700.0000
586 590 0.5520 700.0000
586 591 0.8744 700.0000
586 596 0.8185 700.0000
586 597 0.7631 700.0000
587 589 0.6388 700.0000
587 590 0.6118 700.0000
587 591 0.7133 700.0000
588 590 0.8208 700.0000
588 591 0.5798 700.0000
588 592 0.5768 700.0000
589 591 0.5077 700.0000
589 592 0.5303 700.0000
589 593 0.6657 700.0000
589 594 0.7335 700.0000
589 595 0.7196 700.0000
589 596 0.8748 700.0000
589 597 0.7306 700.0000
590 592 0.7954 700.0000
590 593 0.6805 700.0000
590 594 0.4463 700.0000
590 595 0.5781 700.0000
590 596 0.7763 700.0000
590 597 0.8272 700.0000
590 602 0.8673 700.0000
590 603 0.6838 700.0000
590 604 0.8084 700.0000
591 593 0.7665 700.0000
591 594 0.7230 700.0000
592 594 0.8985 700.0000
593 595 0.4466 700.0000
593 596 0.8815 700.0000
593 597 0.8352 700.0000
593 600 0.7948 700.0000
593 602 0.8812 700.0000
593 606 0.6914 700.0000
594 596 0.8418 700.0000
594 601 0.8376 700.0000
594 602 0.5811 700.0000
594 603 0.6498 700.0000
594 604 0.4887 700.0000
594 605 0.7516 700.0000
594 606 0.5691 700.0000
595 597 0.5901 700.0000
595 598 0.8776 700.0000
595 599 0.7498 700.0000
595 600 0.5406 700.0000
595 601 0.5769 700.0000
595 602 0.5699 700.0000
595 603 0.6637 700.0000
595 604 0.8038 700.0000
595 606 0.8352 700.0000
596 598 0.4751 700.0000
596 599 0.4268 700.0000
596 600 0.5815 700.0000
596 601 0.4912 700.0000
596 602 0.7782 700.0000
596 603 0.6886 700.0000
597 599 0.6501 700.0000
597 600 0.6684 700.0000
597 601 0.8292 700.0000
598 600 0.7114 700.0000
598 601 0.8317 700.0000
599 601 0.4614 700.0000
599 602 0.8791 700.0000
600 602 0.7924 700.0000
601 603 0.5391 700.0000
602 604 0.4997 700.0000
602 605 0.8690 700.0000
602 606 0.7768 700.0000
604 606 0.5799 700.0000
605 607 0.6158 700.0000
608 610 0.6037 700.0000
608 611 0.8759 700.0000
608 647 0.7002 700.0000
608 680 0.8902 700.0000
608 683 0.6888 700.0000
608 684 0.4026 700.0000
608 685 0.5419 700.0000
608 688 0.7945 700.0000
608 704 0.8376 700.0000
609 611 0.6681 700.0000
609 645 0.7825 700.0000
609 647 0.5249 700.0000
609 648 0.5260 700.0000
609 649 0.8817 700.0000
609 684 0.6146 700.0000
609 685 0.7966 700.0000
609 687 0.8568 700.0000
609 688 0.5047 700.0000
609 689 0.5865 700.0000
609 704 0.8263 700.0000
610 612 0.7660 700.0000
610 613 0.7350 700.0000
610 639 0.7306 700.0000
610 680 0.8295 700.0000
610 681 0.5979 700.0000
610 682 0.8795 700.0000
610 683 0.8894 700.0000
610 684 0.3681 700.0000
610 685 0.6633 700.0000
610 686 0.6364 700.0000
610 687 0.5242 700.0000
610 688 0.6657 700.0000
610 689 0.8522 700.0000
610 701 0.8717 700.0000
610 704 0.8601 700.0000
611 613 0.6486 700.0000
611 639 0.5572 700.0000
611 640 0.7121 700.0000
611 641 0.7939 700.0000
611 642 0.8220 700.0000
611 648 0.8697 700.0000
611 655 0.7054 700.0000
611 658 0.8876 700.0000
611 681 0.8650 700.0000
611 684 0.6717 700.0000
611 687 0.6493 700.0000
611 688 0.7145 700.0000
611 689 0.7207 700.0000
611 701 0.6878 700.0000
612 614 0.8530 700.0000
612 639 0.7176 700.0000
612 640 0.4725 700.0000
612 641 0.7392 700.0000
612 642 0.8379 700.0000
612 684 0.8979 700.0000
613 615 0.7964 700.0000
613 637 0.8533 700.0000
613 638 0.5789 700.0000
613 639 0.4919 700.0000
613 640 0.5448 700.0000
613 681 0.6972 700.0000
614 616 0.6073 700.0000
614 636 0.7052 700.0000
614 637 0.6452 700.0000
614 638 0.3933 700.0000
614 639 0.5870 700.0000
614 640 0.7756 700.0000
614 681 0.7275 700.0000
615 617 0.7466 700.0000
615 635 0.6522 700.0000
615 636 0.6619 700.0000
615 637 0.5121 700.0000
615 638 0.8023 700.0000
615 674 0.8184 700.0000
615 677 0.7472 700.0000
615 678 0.4521 700.0000
615 680 0.8956 700.0000
615 681 0.5258 700.0000
615 682 0.8467 700.0000
615 686 0.8717 700.0000
616 618 0.6961 700.0000
616 634 0.7800 700.0000
616 635 0.6112 700.0000
616 636 0.4355 700.0000
616 637 0.6782 700.0000
616 638 0.7645 700.0000
616 678 0.7873 700.0000
617 619 0.6883 700.0000
617 633 0.6693 700.0000
617 634 0.6601 700.0000
617 635 0.6575 700.0000
617 636 0.8079 700.0000
617 674 0.7081 700.0000
617 678 0.7740 700.0000
618 620 0.6817 700.0000
618 632 0.7789 700.0000
618 633 0.6294 700.0000
618 634 0.4097 700.0000
618 635 0.7056 700.0000
618 636 0.7670 700.0000
619 621 0.7768 700.0000
619 622 0.8587 700.0000
619 631 0.6932 700.0000
619 632 0.5851 700.0000
619 633 0.5730 700.0000
619 634 0.6420 700.0000
619 666 0.6701 700.0000
620 622 0.4373 700.0000
620 623 0.7783 700.0000
620 631 0.5697 700.0000
620 632 0.4085 700.0000
620 633 0.7096 700.0000
620 634 0.6965 700.0000
620 666 0.8016 700.0000
620 712 0.8472 700.0000
621 623 0.8794 700.0000
621 631 0.7088 700.0000
621 632 0.8594 700.0000
622 624 0.7495 700.0000
622 631 0.6449 700.0000
622 632 0.5598 700.0000
622 712 0.7015 700.0000
623 625 0.6246 700.0000
623 626 0.7831 700.0000
623 627 0.7566 700.0000
623 628 0.5436 700.0000
623 629 0.7421 700.0000
623 630 0.7445 700.0000
623 631 0.5586 700.0000
623 632 0.6319 700.0000
623 665 0.8654 700.0000
623 712 0.7442 700.0000
623 713 0.8811 700.0000
624 626 0.6192 700.0000
624 627 0.5337 700.0000
624 628 0.6704 700.0000
624 630 0.8086 700.0000
624 631 0.6490 700.0000
624 632 0.5954 700.0000
624 663 0.7929 700.0000
624 664 0.7916 700.0000
624 665 0.6216 700.0000
624 712 0.5983 700.0000
624 713 0.7190 700.0000
624 720 0.8746 700.0000
624 721 0.5191 700.0000
624 722 0.8012 700.0000
625 627 0.6074 700.0000
625 628 0.6179 700.0000
625 712 0.8087 700.0000
625 713 0.6492 700.0000
625 714 0.8626 700.0000
625 715 0.8476 700.0000
625 720 0.8014 700.0000
625 721 0.5181 700.0000
625 722 0.4884 700.0000
625 723 0.8554 700.0000
626 628 0.4666 700.0000
626 629 0.8089 700.0000
626 630 0.8192 700.0000
626 665 0.8653 700.0000
626 721 0.7561 700.0000
626 722 0.6729 700.0000
626 723 0.8649 700.0000
626 724 0.7182 700.0000
627 629 0.7306 700.0000
627 630 0.6047 700.0000
627 631 0.7803 700.0000
627 664 0.8683 700.0000
627 665 0.5349 700.0000
627 667 0.6987 700.0000
627 669 0.8945 700.0000
627 721 0.7079 700.0000
627 722 0.8435 700.0000
627 723 0.8698 700.0000
627 724 0.7603 700.0000
627 727 0.8555 700.0000
628 630 0.6793 700.0000
628 631 0.8555 700.0000
629 631 0.6889 700.0000
629 666 0.8767 700.0000
629 667 0.8557 700.0000
630 632 0.8427 700.0000
630 665 0.6560 700.0000
630 666 0.5749 700.0000
630 667 0.5484 700.0000
631 633 0.6627 700.0000
631 664 0.8247 700.0000
631 665 0.5816 700.0000
631 666 0.4212 700.0000
631 667 0.7306 700.0000
632 634 0.6075 700.0000
632 663 0.6806 700.0000
632 664 0.6517 700.0000
632 665 0.6120 700.0000
632 666 0.6196 700.0000
632 712 0.6631 700.0000
633 635 0.6349 700.0000
633 662 0.7389 700.0000
633 663 0.7045 700.0000
633 664 0.4167 700.0000
633 665 0.5705 700.0000
633 666 0.5628 700.0000
633 667 0.8476 700.0000
633 670 0.6960 700.0000
633 671 0.7438 700.0000
633 674 0.7114 700.0000
634 636 0.6482 700.0000
634 661 0.6781 700.0000
634 662 0.5546 700.0000
634 663 0.5557 700.0000
634 664 0.7293 700.0000
634 712 0.8358 700.0000
635 637 0.5495 700.0000
635 661 0.5924 700.0000
635 662 0.3832 700.0000
635 663 0.6625 700.0000
635 664 0.7071 700.0000
635 674 0.7475 700.0000
635 677 0.8275 700.0000
635 678 0.8654 700.0000
635 708 0.8030 700.0000
636 638 0.6240 700.0000
636 659 0.6958 700.0000
636 660 0.8283 700.0000
636 661 0.5480 700.0000
636 662 0.6763 700.0000
637 639 0.6770 700.0000
637 658 0.8427 700.0000
637 659 0.7913 700.0000
637 660 0.6830 700.0000
637 661 0.6803 700.0000
637 662 0.6899 700.0000
637 677 0.8576 700.0000
637 678 0.8880 700.0000
637 681 0.7193 700.0000
637 686 0.7102 700.0000
637 687 0.6907 700.0000
637 703 0.8356 700.0000
637 708 0.7902 700.0000
638 640 0.6841 700.0000
638 657 0.8432 700.0000
638 658 0.6566 700.0000
638 659 0.5270 700.0000
638 660 0.8358 700.0000
639 641 0.7666 700.0000
639 657 0.6550 700.0000
639 658 0.4928 700.0000
639 659 0.7302 700.0000
639 660 0.8231 700.0000
639 681 0.8604 700.0000
639 687 0.6567 700.0000
639 701 0.6947 700.0000
640 642 0.7530 700.0000
640 655 0.8433 700.0000
640 657 0.7143 700.0000
640 658 0.8422 700.0000
641 643 0.7650 700.0000
641 654 0.7777 700.0000
641 655 0.5015 700.0000
641 656 0.5719 700.0000
641 657 0.5314 700.0000
641 658 0.8367 700.0000
641 701 0.8906 700.0000
642 644 0.6939 700.0000
642 652 0.8368 700.0000
642 653 0.8949 700.0000
642 654 0.5250 700.0000
642 655 0.3262 700.0000
642 656 0.6524 700.0000
642 657 0.7928 700.0000
643 645 0.6687 700.0000
643 648 0.8522 700.0000
643 651 0.8240 700.0000
643 652 0.5137 700.0000
643 653 0.7470 700.0000
643 654 0.5405 700.0000
643 655 0.5806 700.0000
644 646 0.8690 700.0000
644 647 0.8681 700.0000
644 648 0.4469 700.0000
644 649 0.6178 700.0000
644 650 0.5067 700.0000
644 651 0.4890 700.0000
644 652 0.4892 700.0000
644 653 0.5099 700.0000
644 654 0.8036 700.0000
644 655 0.5855 700.0000
644 689 0.6405 700.0000
644 690 0.8354 700.0000
644 699 0.6626 700.0000
645 647 0.4903 700.0000
645 648 0.4101 700.0000
645 649 0.8172 700.0000
645 650 0.8636 700.0000
645 651 0.5923 700.0000
645 652 0.7230 700.0000
645 689 0.8718 700.0000
646 648 0.7241 700.0000
646 651 0.5990 700.0000
647 649 0.8683 700.0000
648 650 0.6936 700.0000
648 651 0.6517 700.0000
648 652 0.8711 700.0000
648 655 0.8214 700.0000
648 688 0.7610 700.0000
648 689 0.5153 700.0000
648 690 0.8063 700.0000
649 651 0.6261 700.0000
649 653 0.8192 700.0000
649 689 0.6407 700.0000
649 690 0.6337 700.0000
649 698 0.8727 700.0000
649 699 0.7443 700.0000
650 652 0.6671 700.0000
650 653 0.4571 700.0000
650 689 0.8227 700.0000
650 690 0.7780 700.0000
650 698 0.7918 700.0000
650 699 0.5800 700.0000
651 653 0.6077 700.0000
652 654 0.6809 700.0000
652 655 0.8867 700.0000
653 655 0.8129 700.0000
653 698 0.8658 700.0000
653 699 0.5398 700.0000
654 656 0.7908 700.0000
655 657 0.6776 700.0000
655 689 0.6581 700.0000
655 690 0.8836 700.0000
655 699 0.7190 700.0000
655 700 0.6968 700.0000
655 701 0.6521 700.0000
656 658 0.6779 700.0000
656 699 0.7984 700.0000
656 700 0.6256 700.0000
656 701 0.6329 700.0000
657 659 0.7593 700.0000
657 700 0.8340 700.0000
657 701 0.6388 700.0000
658 660 0.5283 700.0000
658 687 0.8016 700.0000
658 700 0.8711 700.0000
658 701 0.5435 700.0000
658 702 0.8909 700.0000
659 661 0.7273 700.0000
660 662 0.8296 700.0000
660 687 0.8485 700.0000
660 701 0.8483 700.0000
660 703 0.7078 700.0000
660 710 0.7329 700.0000
661 663 0.5702 700.0000
661 708 0.8618 700.0000
661 710 0.5751 700.0000
661 711 0.8120 700.0000
662 664 0.6569 700.0000
662 708 0.6160 700.0000
662 709 0.6885 700.0000
662 710 0.5754 700.0000
662 711 0.7700 700.0000
662 712 0.8561 700.0000
663 665 0.8854 700.0000
663 708 0.8664 700.0000
663 709 0.6421 700.0000
663 710 0.5874 700.0000
663 711 0.5625 700.0000
663 712 0.4906 700.0000
663 713 0.8647 700.0000
663 720 0.8234 700.0000
663 721 0.7412 700.0000
664 666 0.7501 700.0000
664 667 0.7788 700.0000
664 669 0.8927 700.0000
664 670 0.5398 700.0000
664 671 0.8713 700.0000
664 673 0.7001 700.0000
664 674 0.7131 700.0000
664 708 0.8780 700.0000
664 709 0.7707 700.0000
664 721 0.7914 700.0000
664 726 0.7834 700.0000
664 727 0.7720 700.0000
665 667 0.4659 700.0000
665 669 0.7326 700.0000
665 670 0.5097 700.0000
665 671 0.7961 700.0000
665 673 0.8631 700.0000
665 721 0.7868 700.0000
665 727 0.7483 700.0000
666 668 0.8921 700.0000
666 670 0.6706 700.0000
666 671 0.5103 700.0000
667 669 0.5355 700.0000
667 670 0.4721 700.0000
667 671 0.5897 700.0000
667 727 0.8543 700.0000
668 670 0.7068 700.0000
668 671 0.6383 700.0000
668 672 0.6925 700.0000
669 671 0.8546 700.0000
669 672 0.5988 700.0000
669 673 0.6623 700.0000
669 727 0.5048 700.0000
669 728 0.8867 700.0000
669 731 0.7387 700.0000
670 672 0.6027 700.0000
670 673 0.4478 700.0000
670 674 0.5946 700.0000
670 675 0.8376 700.0000
670 727 0.6678 700.0000
671 673 0.8377 700.0000
671 674 0.6829 700.0000
671 675 0.7766 700.0000
672 674 0.7601 700.0000
672 675 0.6024 700.0000
672 676 0.5936 700.0000
672 727 0.8872 700.0000
672 731 0.7107 700.0000
673 675 0.6875 700.0000
673 676 0.5005 700.0000
673 677 0.5671 700.0000
673 726 0.8622 700.0000
673 727 0.6620 700.0000
673 730 0.6561 700.0000
673 731 0.6481 700.0000
673 734 0.7935 700.0000
674 676 0.6633 700.0000
674 677 0.5308 700.0000
674 678 0.5681 700.0000
675 677 0.7684 700.0000
675 678 0.6668 700.0000
675 679 0.7934 700.0000
676 678 0.7983 700.0000
676 679 0.5672 700.0000
676 680 0.7044 700.0000
676 730 0.8340 700.0000
676 731 0.7563 700.0000
676 734 0.5767 700.0000
677 679 0.8103 700.0000
677 680 0.5548 700.0000
677 681 0.7473 700.0000
677 686 0.6789 700.0000
677 706 0.7552 700.0000
677 708 0.7808 700.0000
677 730 0.8171 700.0000
677 734 0.7124 700.0000
678 680 0.7416 700.0000
678 681 0.6231 700.0000
678 682 0.6815 700.0000
679 682 0.6705 700.0000
679 683 0.5816 700.0000
679 734 0.8344 700.0000
680 682 0.5575 700.0000
680 683 0.4600 700.0000
680 684 0.7498 700.0000
680 685 0.4669 700.0000
680 686 0.5587 700.0000
680 706 0.8211 700.0000
680 734 0.7397 700.0000
680 737 0.7738 700.0000
681 683 0.7731 700.0000
681 684 0.6524 700.0000
681 685 0.7573 700.0000
681 686 0.5904 700.0000
681 687 0.7433 700.0000
682 684 0.6995 700.0000
682 685 0.8639 700.0000
683 685 0.5393 700.0000
683 737 0.8103 700.0000
684 686 0.8110 700.0000
684 687 0.8444 700.0000
684 688 0.8986 700.0000
685 687 0.7550 700.0000
685 688 0.8337 700.0000
685 704 0.5537 700.0000
685 705 0.8301 700.0000
685 706 0.7381 700.0000
685 734 0.8490 700.0000
685 737 0.5717 700.0000
686 688 0.8045 700.0000
686 702 0.8823 700.0000
686 703 0.6342 700.0000
686 704 0.5897 700.0000
686 705 0.8601 700.0000
686 706 0.5561 700.0000
686 708 0.7400 700.0000
687 689 0.8453 700.0000
687 701 0.6211 700.0000
687 702 0.5881 700.0000
687 703 0.5233 700.0000
687 704 0.6537 700.0000
687 706 0.8289 700.0000
687 708 0.8904 700.0000
688 690 0.6149 700.0000
688 700 0.7838 700.0000
688 701 0.6087 700.0000
688 702 0.4342 700.0000
688 703 0.8023 700.0000
688 704 0.5582 700.0000
689 698 0.8675 700.0000
689 699 0.6913 700.0000
689 700 0.5769 700.0000
689 701 0.5642 700.0000
689 702 0.6006 700.0000
690 692 0.6502 700.0000
690 697 0.7250 700.0000
690 698 0.5199 700.0000
690 699 0.5293 700.0000
690 700 0.4336 700.0000
690 701 0.6843 700.0000
690 702 0.5780 700.0000
691 693 0.5493 700.0000
691 694 0.8304 700.0000
691 695 0.7829 700.0000
691 696 0.5232 700.0000
691 697 0.5319 700.0000
691 698 0.5390 700.0000
691 699 0.8589 700.0000
691 700 0.7705 700.0000
691 702 0.8466 700.0000
692 694 0.5135 700.0000
692 695 0.4616 700.0000
692 696 0.4906 700.0000
692 697 0.4771 700.0000
692 698 0.6746 700.0000
692 700 0.6288 700.0000
692 701 0.8775 700.0000
692 702 0.6499 700.0000
693 695 0.8735 700.0000
693 696 0.7782 700.0000
694 696 0.6580 700.0000
694 697 0.8248 700.0000
695 697 0.5174 700.0000
695 698 0.8808 700.0000
695 700 0.8335 700.0000
696 698 0.6567 700.0000
697 699 0.6955 700.0000
697 700 0.6089 700.0000
698 700 0.5552 700.0000
699 701 0.8682 700.0000
700 702 0.5885 700.0000
701 703 0.7940 700.0000
702 704 0.6876 700.0000
703 705 0.8144 700.0000
703 706 0.6649 700.0000
703 707 0.7269 700.0000
703 708 0.5823 700.0000
703 710 0.8982 700.0000
704 706 0.5737 700.0000
704 707 0.8980 700.0000
704 737 0.7370 700.0000
705 707 0.6755 700.0000
705 733 0.6552 700.0000
705 736 0.8796 700.0000
705 737 0.7158 700.0000
706 708 0.5749 700.0000
706 730 0.6571 700.0000
706 733 0.5193 700.0000
706 734 0.6453 700.0000
706 737 0.7394 700.0000
707 709 0.7710 700.0000
707 719 0.7856 700.0000
707 726 0.7277 700.0000
707 729 0.7311 700.0000
707 730 0.6881 700.0000
707 733 0.5968 700.0000
708 710 0.6873 700.0000
708 719 0.8604 700.0000
708 726 0.7706 700.0000
708 730 0.7907 700.0000
709 711 0.5518 700.0000
709 715 0.7553 700.0000
709 716 0.7647 700.0000
709 719 0.5972 700.0000
709 720 0.4418 700.0000
709 721 0.5381 700.0000
709 723 0.7384 700.0000
709 726 0.5630 700.0000
710 712 0.8723 700.0000
710 718 0.8235 700.0000
710 719 0.5957 700.0000
710 720 0.7109 700.0000
711 713 0.6094 700.0000
711 714 0.7007 700.0000
711 715 0.6988 700.0000
711 716 0.8963 700.0000
711 718 0.6295 700.0000
711 719 0.6709 700.0000
711 720 0.4714 700.0000
711 721 0.6721 700.0000
712 720 0.8441 700.0000
712 721 0.7283 700.0000
713 715 0.7383 700.0000
713 718 0.8590 700.0000
713 720 0.6887 700.0000
713 721 0.6917 700.0000
713 722 0.8039 700.0000
714 716 0.6132 700.0000
714 717 0.6353 700.0000
714 718 0.4755 700.0000
714 719 0.8715 700.0000
714 720 0.5128 700.0000
714 721 0.7637 700.0000
714 722 0.6355 700.0000
715 717 0.5606 700.0000
715 718 0.5379 700.0000
715 719 0.7188 700.0000
715 720 0.3317 700.0000
715 721 0.6217 700.0000
715 722 0.5105 700.0000
715 723 0.6880 700.0000
716 718 0.6745 700.0000
716 719 0.6272 700.0000
716 720 0.4905 700.0000
716 721 0.7832 700.0000
716 722 0.6767 700.0000
716 723 0.6023 700.0000
717 719 0.7394 700.0000
717 720 0.8048 700.0000
718 720 0.6283 700.0000
720 722 0.5980 700.0000
720 723 0.6328 700.0000
720 726 0.8113 700.0000
721 723 0.5613 700.0000
721 724 0.8204 700.0000
721 726 0.7239 700.0000
722 724 0.6741 700.0000
723 725 0.4848 700.0000
723 726 0.5575 700.0000
723 727 0.7770 700.0000
723 729 0.7131 700.0000
724 726 0.7896 700.0000
724 727 0.7731 700.0000
724 728 0.8946 700.0000
724 729 0.8547 700.0000
725 727 0.6367 700.0000
725 728 0.5534 700.0000
725 729 0.4598 700.0000
725 730 0.8855 700.0000
726 728 0.8114 700.0000
726 729 0.4981 700.0000
726 730 0.5294 700.0000
726 731 0.8387 700.0000
726 733 0.8693 700.0000
727 729 0.6882 700.0000
727 730 0.5879 700.0000
727 731 0.6036 700.0000
728 730 0.7278 700.0000
728 731 0.5593 700.0000
728 732 0.5408 700.0000
729 731 0.7935 700.0000
729 732 0.6605 700.0000
729 733 0.6815 700.0000
730 732 0.6427 700.0000
730 733 0.4593 700.0000
730 734 0.5674 700.0000
731 733 0.7451 700.0000
731 734 0.6281 700.0000
731 735 0.7366 700.0000
732 734 0.7498 700.0000
732 735 0.6151 700.0000
732 736 0.7646 700.0000
733 735 0.8209 700.0000
733 736 0.6682 700.0000
733 737 0.7262 700.0000
734 736 0.6252 700.0000
734 737 0.5616 700.0000
735 737 0.7884 700.0000
