i j d[nm] fc
751 753 0.5831 700.0000
751 770 0.8312 700.0000
751 795 0.7147 700.0000
751 796 0.4327 700.0000
751 797 0.7851 700.0000
751 798 0.7029 700.0000
751 804 0.6052 700.0000
751 807 0.8077 700.0000
751 808 0.7913 700.0000
751 826 0.6760 700.0000
751 827 0.6662 700.0000
752 754 0.6928 700.0000
752 786 0.7466 700.0000
752 789 0.7808 700.0000
752 793 0.6775 700.0000
752 794 0.7682 700.0000
752 795 0.6438 700.0000
752 796 0.6743 700.0000
752 825 0.8540 700.0000
752 826 0.7236 700.0000
752 827 0.4387 700.0000
753 755 0.6678 700.0000
753 766 0.7735 700.0000
753 770 0.8577 700.0000
753 783 0.8985 700.0000
753 786 0.8986 700.0000
753 792 0.7121 700.0000
753 793 0.5802 700.0000
753 794 0.5130 700.0000
753 795 0.8615 700.0000
753 796 0.6666 700.0000
753 824 0.6387 700.0000
753 825 0.6571 700.0000
753 826 0.5895 700.0000
753 827 0.6095 700.0000
754 789 0.7340 700.0000
754 790 0.6244 700.0000
754 791 0.7565 700.0000
754 792 0.5518 700.0000
754 793 0.4765 700.0000
754 794 0.7558 700.0000
754 824 0.8542 700.0000
754 825 0.5257 700.0000
754 826 0.7932 700.0000
754 827 0.6121 700.0000
755 757 0.6195 700.0000
755 758 0.6961 700.0000
755 759 0.8991 700.0000
755 762 0.7233 700.0000
755 766 0.8284 700.0000
755 791 0.8120 700.0000
755 792 0.4454 700.0000
755 793 0.6905 700.0000
755 794 0.6568 700.0000
755 815 0.8221 700.0000
755 822 0.6733 700.0000
755 823 0.6560 700.0000
755 824 0.6188 700.0000
755 825 0.7890 700.0000
756 758 0.7225 700.0000
756 791 0.8420 700.0000
756 792 0.7873 700.0000
756 822 0.8119 700.0000
756 823 0.8717 700.0000
757 759 0.7517 700.0000
757 761 0.8512 700.0000
757 762 0.6471 700.0000
757 792 0.8061 700.0000
757 815 0.8851 700.0000
757 817 0.5916 700.0000
757 818 0.7725 700.0000
757 820 0.8867 700.0000
757 822 0.6681 700.0000
758 760 0.7274 700.0000
758 762 0.6105 700.0000
758 791 0.6776 700.0000
758 792 0.5595 700.0000
758 793 0.8714 700.0000
758 794 0.8066 700.0000
759 761 0.7250 700.0000
759 762 0.4666 700.0000
759 763 0.6585 700.0000
759 764 0.8143 700.0000
759 785 0.7559 700.0000
759 792 0.7598 700.0000
759 794 0.7638 700.0000
760 762 0.5905 700.0000
760 763 0.5611 700.0000
760 764 0.5563 700.0000
760 785 0.8715 700.0000
761 764 0.6789 700.0000
761 765 0.5942 700.0000
761 817 0.6508 700.0000
761 818 0.6737 700.0000
762 764 0.7063 700.0000
762 765 0.5407 700.0000
762 766 0.5720 700.0000
762 792 0.8192 700.0000
762 794 0.7201 700.0000
762 815 0.7513 700.0000
762 817 0.6974 700.0000
762 822 0.8850 700.0000
763 765 0.8222 700.0000
763 766 0.6592 700.0000
763 767 0.5576 700.0000
763 782 0.8760 700.0000
763 783 0.4909 700.0000
763 784 0.6389 700.0000
763 785 0.6759 700.0000
763 794 0.7048 700.0000
764 766 0.8541 700.0000
764 767 0.6769 700.0000
764 768 0.8652 700.0000
764 783 0.8719 700.0000
765 767 0.8115 700.0000
765 768 0.6346 700.0000
765 769 0.8128 700.0000
765 815 0.5968 700.0000
765 816 0.6742 700.0000
765 817 0.6619 700.0000
766 768 0.6598 700.0000
766 769 0.6105 700.0000
766 770 0.5578 700.0000
766 771 0.8963 700.0000
766 783 0.6252 700.0000
766 794 0.6703 700.0000
766 796 0.8199 700.0000
766 815 0.6562 700.0000
766 824 0.7753 700.0000
767 769 0.8907 700.0000
767 770 0.7131 700.0000
767 771 0.5589 700.0000
767 781 0.5796 700.0000
767 782 0.6192 700.0000
767 783 0.4450 700.0000
767 784 0.8456 700.0000
767 796 0.8468 700.0000
768 770 0.6961 700.0000
768 771 0.4927 700.0000
768 772 0.6180 700.0000
768 775 0.8522 700.0000
768 781 0.8384 700.0000
769 771 0.7970 700.0000
769 772 0.5744 700.0000
769 773 0.8703 700.0000
769 775 0.5000 700.0000
769 776 0.4667 700.0000
769 777 0.8034 700.0000
769 778 0.8210 700.0000
769 807 0.8767 700.0000
769 813 0.6541 700.0000
769 814 0.7428 700.0000
769 815 0.6504 700.0000
769 824 0.7969 700.0000
770 772 0.6924 700.0000
770 775 0.8133 700.0000
770 776 0.5394 700.0000
770 777 0.7597 700.0000
770 778 0.6601 700.0000
770 779 0.6712 700.0000
770 781 0.6433 700.0000
770 783 0.7832 700.0000
770 796 0.6509 700.0000
770 798 0.7238 700.0000
770 803 0.8764 700.0000
770 807 0.6978 700.0000
770 813 0.7599 700.0000
770 824 0.8543 700.0000
771 773 0.8114 700.0000
771 776 0.8771 700.0000
771 778 0.7370 700.0000
771 779 0.4797 700.0000
771 780 0.6159 700.0000
771 781 0.4639 700.0000
771 782 0.8104 700.0000
771 783 0.8833 700.0000
771 798 0.8667 700.0000
772 774 0.5963 700.0000
772 775 0.4433 700.0000
772 776 0.5194 700.0000
772 777 0.6279 700.0000
772 778 0.5710 700.0000
772 779 0.6232 700.0000
773 775 0.5857 700.0000
773 776 0.5785 700.0000
773 777 0.4510 700.0000
773 778 0.4517 700.0000
773 779 0.6307 700.0000
773 803 0.8562 700.0000
773 806 0.7494 700.0000
774 776 0.7713 700.0000
774 777 0.7918 700.0000
775 777 0.6480 700.0000
775 778 0.7744 700.0000
775 810 0.8488 700.0000
775 813 0.8477 700.0000
775 814 0.8786 700.0000
776 778 0.4779 700.0000
776 779 0.7444 700.0000
776 803 0.8153 700.0000
776 806 0.7400 700.0000
776 807 0.5541 700.0000
776 810 0.6324 700.0000
776 813 0.6398 700.0000
777 779 0.6581 700.0000
777 802 0.8228 700.0000
777 803 0.5858 700.0000
777 806 0.4177 700.0000
777 807 0.5435 700.0000
777 810 0.6969 700.0000
778 780 0.8621 700.0000
778 781 0.8040 700.0000
778 798 0.7136 700.0000
778 800 0.8325 700.0000
778 802 0.7344 700.0000
778 803 0.4424 700.0000
778 804 0.8647 700.0000
778 806 0.4922 700.0000
778 807 0.6336 700.0000
779 781 0.5040 700.0000
779 798 0.5811 700.0000
779 799 0.7335 700.0000
779 800 0.7102 700.0000
779 802 0.8570 700.0000
779 803 0.5720 700.0000
779 806 0.7978 700.0000
780 782 0.7781 700.0000
780 798 0.7336 700.0000
780 799 0.5062 700.0000
780 800 0.6944 700.0000
781 783 0.6440 700.0000
781 796 0.6427 700.0000
781 797 0.6768 700.0000
781 798 0.5097 700.0000
781 799 0.6859 700.0000
781 803 0.8872 700.0000
782 784 0.6535 700.0000
782 795 0.7664 700.0000
782 796 0.6008 700.0000
782 797 0.4475 700.0000
782 798 0.7067 700.0000
782 799 0.8189 700.0000
783 785 0.7293 700.0000
783 794 0.6503 700.0000
783 795 0.7355 700.0000
783 796 0.5584 700.0000
783 797 0.7169 700.0000
784 786 0.6216 700.0000
784 787 0.8665 700.0000
784 793 0.8442 700.0000
784 794 0.5795 700.0000
784 795 0.4984 700.0000
784 796 0.6822 700.0000
784 797 0.7237 700.0000
785 787 0.5596 700.0000
785 789 0.8867 700.0000
785 792 0.7849 700.0000
785 793 0.6800 700.0000
785 794 0.5275 700.0000
785 795 0.7769 700.0000
786 788 0.5781 700.0000
786 789 0.4712 700.0000
786 790 0.7529 700.0000
786 792 0.8464 700.0000
786 793 0.5437 700.0000
786 794 0.6751 700.0000
786 795 0.5654 700.0000
787 789 0.7900 700.0000
787 793 0.8925 700.0000
788 790 0.8617 700.0000
789 791 0.7416 700.0000
789 792 0.7860 700.0000
789 793 0.4951 700.0000
789 794 0.8725 700.0000
790 792 0.5414 700.0000
790 793 0.4596 700.0000
790 794 0.8629 700.0000
791 793 0.5885 700.0000
791 794 0.8763 700.0000
792 794 0.4918 700.0000
793 795 0.8846 700.0000
793 827 0.8738 700.0000
794 796 0.7701 700.0000
795 797 0.5123 700.0000
796 798 0.5477 700.0000
796 804 0.8010 700.0000
797 799 0.7597 700.0000
798 800 0.6864 700.0000
798 801 0.8970 700.0000
798 802 0.7952 700.0000
798 803 0.5376 700.0000
798 804 0.5453 700.0000
798 807 0.8223 700.0000
799 802 0.8948 700.0000
799 803 0.8007 700.0000
800 802 0.5306 700.0000
800 803 0.5702 700.0000
800 804 0.8886 700.0000
800 806 0.8674 700.0000
801 803 0.7635 700.0000
801 804 0.6271 700.0000
801 805 0.5451 700.0000
802 804 0.6549 700.0000
802 805 0.4557 700.0000
802 806 0.4711 700.0000
802 807 0.8578 700.0000
803 805 0.5843 700.0000
803 806 0.4034 700.0000
803 807 0.6142 700.0000
803 808 0.8412 700.0000
804 806 0.7780 700.0000
804 807 0.6026 700.0000
804 808 0.5675 700.0000
805 807 0.7348 700.0000
805 808 0.6242 700.0000
805 809 0.7180 700.0000
806 808 0.8260 700.0000
806 809 0.7280 700.0000
806 810 0.8520 700.0000
807 809 0.7189 700.0000
807 810 0.5732 700.0000
807 811 0.6376 700.0000
807 813 0.6532 700.0000
807 826 0.7958 700.0000
808 810 0.7643 700.0000
808 811 0.6197 700.0000
808 813 0.8738 700.0000
808 826 0.6949 700.0000
809 811 0.7604 700.0000
810 812 0.5385 700.0000
810 813 0.5403 700.0000
811 813 0.4768 700.0000
811 824 0.8162 700.0000
811 826 0.6383 700.0000
812 814 0.7545 700.0000
812 824 0.8518 700.0000
813 815 0.8381 700.0000
813 823 0.8016 700.0000
813 824 0.4799 700.0000
813 825 0.8987 700.0000
813 826 0.6863 700.0000
814 816 0.7151 700.0000
814 821 0.6300 700.0000
814 822 0.6176 700.0000
814 823 0.6061 700.0000
814 824 0.6630 700.0000
815 817 0.5910 700.0000
815 821 0.6701 700.0000
815 822 0.4456 700.0000
815 823 0.6629 700.0000
815 824 0.6545 700.0000
816 818 0.7326 700.0000
816 819 0.6546 700.0000
816 820 0.6945 700.0000
816 821 0.5625 700.0000
816 822 0.6659 700.0000
817 819 0.7137 700.0000
817 820 0.5704 700.0000
817 821 0.6777 700.0000
817 822 0.5743 700.0000
818 820 0.5560 700.0000
818 821 0.8937 700.0000
819 821 0.8384 700.0000
820 822 0.7124 700.0000
821 823 0.6782 700.0000
822 824 0.6682 700.0000
823 825 0.8089 700.0000
824 826 0.6293 700.0000
825 827 0.5573 700.0000
878 880 0.6739 700.0000
878 914 0.7563 700.0000
878 915 0.5714 700.0000
878 916 0.4102 700.0000
878 917 0.6242 700.0000
878 918 0.6301 700.0000
878 920 0.8409 700.0000
878 921 0.5911 700.0000
879 881 0.6754 700.0000
879 903 0.8703 700.0000
879 913 0.6276 700.0000
879 914 0.5709 700.0000
879 915 0.5052 700.0000
879 916 0.6495 700.0000
879 921 0.7897 700.0000
880 882 0.6318 700.0000
880 912 0.7829 700.0000
880 913 0.5472 700.0000
880 914 0.4050 700.0000
880 915 0.6960 700.0000
880 916 0.8395 700.0000
880 921 0.6790 700.0000
880 924 0.8993 700.0000
881 883 0.8098 700.0000
881 910 0.8894 700.0000
881 911 0.5736 700.0000
881 912 0.7337 700.0000
881 913 0.4906 700.0000
881 914 0.6946 700.0000
882 884 0.5103 700.0000
882 885 0.8638 700.0000
882 886 0.8313 700.0000
882 887 0.7253 700.0000
882 892 0.6978 700.0000
882 904 0.8948 700.0000
882 910 0.7024 700.0000
882 911 0.6089 700.0000
882 912 0.4664 700.0000
882 913 0.7435 700.0000
882 914 0.6730 700.0000
882 928 0.8364 700.0000
883 885 0.4840 700.0000
883 886 0.4962 700.0000
883 887 0.6402 700.0000
883 892 0.8818 700.0000
883 910 0.5740 700.0000
883 911 0.6578 700.0000
883 912 0.8290 700.0000
884 886 0.6615 700.0000
884 887 0.5931 700.0000
884 888 0.7793 700.0000
884 889 0.8424 700.0000
884 892 0.5252 700.0000
884 907 0.8389 700.0000
884 910 0.4187 700.0000
884 911 0.6215 700.0000
884 912 0.5832 700.0000
885 887 0.7011 700.0000
885 909 0.8780 700.0000
885 910 0.5536 700.0000
885 911 0.8550 700.0000
886 888 0.8227 700.0000
886 891 0.8956 700.0000
886 928 0.8306 700.0000
886 932 0.6226 700.0000
887 891 0.5200 700.0000
887 892 0.6038 700.0000
887 927 0.8889 700.0000
887 928 0.5925 700.0000
887 931 0.7517 700.0000
887 932 0.7153 700.0000
888 890 0.5111 700.0000
888 891 0.3813 700.0000
888 892 0.5333 700.0000
888 893 0.8062 700.0000
888 931 0.8896 700.0000
889 891 0.7946 700.0000
889 892 0.5067 700.0000
889 893 0.6738 700.0000
890 892 0.7674 700.0000
890 893 0.6603 700.0000
890 894 0.8656 700.0000
891 893 0.6936 700.0000
891 894 0.7421 700.0000
891 895 0.8309 700.0000
891 927 0.7096 700.0000
891 928 0.6983 700.0000
891 931 0.5945 700.0000
892 895 0.7390 700.0000
892 904 0.8475 700.0000
892 910 0.8911 700.0000
892 912 0.6098 700.0000
893 895 0.5238 700.0000
893 896 0.5740 700.0000
893 897 0.7020 700.0000
893 904 0.8013 700.0000
894 896 0.6904 700.0000
894 897 0.4459 700.0000
894 898 0.5286 700.0000
894 899 0.8219 700.0000
894 924 0.8845 700.0000
894 927 0.6415 700.0000
895 897 0.6271 700.0000
895 898 0.5783 700.0000
895 899 0.5954 700.0000
895 900 0.8758 700.0000
895 902 0.6993 700.0000
895 904 0.7107 700.0000
895 912 0.8905 700.0000
895 914 0.7855 700.0000
895 920 0.8911 700.0000
895 924 0.5467 700.0000
895 927 0.7205 700.0000
895 928 0.8014 700.0000
896 898 0.6837 700.0000
896 899 0.5742 700.0000
896 900 0.5680 700.0000
896 901 0.7784 700.0000
896 902 0.5804 700.0000
896 904 0.6575 700.0000
897 899 0.6208 700.0000
897 900 0.6245 700.0000
898 900 0.7097 700.0000
898 902 0.8697 700.0000
898 920 0.7354 700.0000
898 923 0.6048 700.0000
898 924 0.6601 700.0000
898 927 0.7134 700.0000
899 901 0.5487 700.0000
899 902 0.5109 700.0000
899 916 0.8901 700.0000
899 917 0.8744 700.0000
899 920 0.4667 700.0000
899 921 0.8205 700.0000
899 923 0.6455 700.0000
899 924 0.6697 700.0000
900 902 0.5890 700.0000
900 920 0.8050 700.0000
901 903 0.6832 700.0000
901 915 0.8159 700.0000
901 916 0.7041 700.0000
901 917 0.6988 700.0000
901 920 0.6509 700.0000
902 904 0.6110 700.0000
902 914 0.6318 700.0000
902 915 0.5738 700.0000
902 916 0.6111 700.0000
902 917 0.7921 700.0000
902 920 0.6442 700.0000
902 921 0.8222 700.0000
902 924 0.8553 700.0000
903 905 0.7695 700.0000
903 914 0.7462 700.0000
903 915 0.3843 700.0000
903 916 0.6141 700.0000
904 906 0.6995 700.0000
904 912 0.5568 700.0000
904 913 0.7459 700.0000
904 914 0.5503 700.0000
904 915 0.7584 700.0000
905 907 0.6913 700.0000
905 912 0.6957 700.0000
905 913 0.4655 700.0000
905 914 0.7341 700.0000
905 915 0.7769 700.0000
906 908 0.7617 700.0000
906 911 0.8662 700.0000
906 912 0.5830 700.0000
906 913 0.8333 700.0000
907 909 0.7236 700.0000
907 910 0.6188 700.0000
907 911 0.5000 700.0000
907 912 0.5890 700.0000
907 913 0.6810 700.0000
908 910 0.7351 700.0000
908 911 0.6581 700.0000
909 911 0.6276 700.0000
910 912 0.6911 700.0000
911 913 0.6593 700.0000
912 914 0.6224 700.0000
913 915 0.7425 700.0000
914 916 0.7009 700.0000
914 921 0.6782 700.0000
914 924 0.7837 700.0000
915 917 0.7626 700.0000
915 920 0.8876 700.0000
915 921 0.8051 700.0000
916 918 0.7797 700.0000
916 920 0.6173 700.0000
916 921 0.6295 700.0000
917 919 0.6072 700.0000
917 920 0.5010 700.0000
917 921 0.7149 700.0000
918 920 0.7165 700.0000
918 921 0.5517 700.0000
918 922 0.5340 700.0000
918 923 0.8985 700.0000
919 921 0.7539 700.0000
919 922 0.5827 700.0000
919 923 0.5823 700.0000
920 922 0.7208 700.0000
920 923 0.5069 700.0000
920 924 0.6530 700.0000
921 923 0.7519 700.0000
921 924 0.5068 700.0000
921 925 0.7190 700.0000
922 924 0.7234 700.0000
922 925 0.6576 700.0000
922 926 0.6485 700.0000
923 926 0.6933 700.0000
923 927 0.8925 700.0000
924 926 0.7185 700.0000
924 927 0.6068 700.0000
924 928 0.6007 700.0000
924 929 0.8968 700.0000
925 927 0.7948 700.0000
925 928 0.5718 700.0000
925 929 0.5463 700.0000
925 930 0.8833 700.0000
926 928 0.7440 700.0000
926 929 0.6066 700.0000
926 930 0.5721 700.0000
927 929 0.6638 700.0000
927 930 0.5620 700.0000
927 931 0.5432 700.0000
928 930 0.6920 700.0000
928 931 0.5923 700.0000
928 932 0.7370 700.0000
929 931 0.6621 700.0000
929 932 0.5961 700.0000
929 933 0.5936 700.0000
929 934 0.8883 700.0000
930 932 0.8602 700.0000
930 933 0.6480 700.0000
930 934 0.6663 700.0000
931 933 0.7094 700.0000
931 934 0.4936 700.0000
931 935 0.6860 700.0000
932 934 0.7726 700.0000
932 935 0.5339 700.0000
932 936 0.5593 700.0000
933 935 0.6206 700.0000
933 936 0.5841 700.0000
933 937 0.6064 700.0000
934 936 0.8326 700.0000
934 937 0.5994 700.0000
934 938 0.6172 700.0000
935 937 0.6209 700.0000
935 938 0.5218 700.0000
935 939 0.5847 700.0000
935 940 0.8790 700.0000
936 938 0.7890 700.0000
936 939 0.5693 700.0000
936 940 0.6093 700.0000
937 939 0.7777 700.0000
937 940 0.5962 700.0000
937 941 0.6085 700.0000
938 940 0.8044 700.0000
938 941 0.6815 700.0000
939 941 0.8241 700.0000
973 975 0.4854 700.0000
973 1018 0.7259 700.0000
973 1019 0.8952 700.0000
974 976 0.7380 700.0000
974 1018 0.7142 700.0000
974 1019 0.5720 700.0000
974 1020 0.8301 700.0000
974 1027 0.6277 700.0000
974 1028 0.7915 700.0000
974 1031 0.5241 700.0000
975 977 0.6163 700.0000
975 1016 0.6052 700.0000
975 1017 0.7120 700.0000
975 1018 0.6176 700.0000
975 1019 0.8272 700.0000
975 1031 0.8331 700.0000
976 978 0.6943 700.0000
976 1015 0.8877 700.0000
976 1016 0.7198 700.0000
976 1017 0.5087 700.0000
976 1018 0.7816 700.0000
976 1019 0.6769 700.0000
976 1031 0.5300 700.0000
976 1034 0.6471 700.0000
976 1035 0.7347 700.0000
976 1038 0.8620 700.0000
977 979 0.7295 700.0000
977 1010 0.6482 700.0000
977 1011 0.7769 700.0000
977 1014 0.5397 700.0000
977 1015 0.5974 700.0000
977 1016 0.5456 700.0000
977 1017 0.7534 700.0000
978 980 0.6951 700.0000
978 981 0.8143 700.0000
978 982 0.6961 700.0000
978 983 0.6350 700.0000
978 1010 0.8952 700.0000
978 1014 0.5407 700.0000
978 1015 0.4447 700.0000
978 1016 0.6988 700.0000
978 1017 0.6940 700.0000
978 1038 0.7500 700.0000
979 981 0.5280 700.0000
979 982 0.4430 700.0000
979 983 0.7281 700.0000
979 984 0.8762 700.0000
979 1013 0.6939 700.0000
979 1014 0.4921 700.0000
979 1015 0.6333 700.0000
979 1038 0.8820 700.0000
980 982 0.7068 700.0000
980 983 0.5865 700.0000
980 984 0.5002 700.0000
980 1009 0.7549 700.0000
980 1011 0.8832 700.0000
980 1012 0.8641 700.0000
980 1013 0.5102 700.0000
980 1014 0.6200 700.0000
980 1015 0.5855 700.0000
981 983 0.7148 700.0000
981 984 0.5006 700.0000
981 985 0.7937 700.0000
981 1013 0.6984 700.0000
981 1014 0.8493 700.0000
981 1015 0.8997 700.0000
982 984 0.7965 700.0000
982 985 0.7440 700.0000
982 1038 0.7572 700.0000
982 1042 0.6021 700.0000
983 985 0.8632 700.0000
983 986 0.5836 700.0000
983 987 0.5315 700.0000
983 1007 0.7876 700.0000
983 1015 0.6042 700.0000
983 1017 0.7945 700.0000
983 1038 0.7525 700.0000
984 986 0.8510 700.0000
984 987 0.6451 700.0000
984 988 0.8062 700.0000
985 987 0.8496 700.0000
985 988 0.6051 700.0000
985 989 0.5260 700.0000
985 990 0.8085 700.0000
985 1038 0.8967 700.0000
985 1041 0.6846 700.0000
985 1042 0.6785 700.0000
986 988 0.8796 700.0000
986 989 0.6179 700.0000
986 990 0.4568 700.0000
986 991 0.7264 700.0000
986 993 0.7089 700.0000
986 994 0.7745 700.0000
986 1034 0.7590 700.0000
986 1037 0.7453 700.0000
986 1038 0.5391 700.0000
986 1041 0.5986 700.0000
986 1042 0.7534 700.0000
987 989 0.7921 700.0000
987 990 0.6785 700.0000
987 991 0.5467 700.0000
987 992 0.8556 700.0000
987 994 0.7509 700.0000
988 990 0.7963 700.0000
988 991 0.7703 700.0000
989 991 0.6740 700.0000
989 1041 0.6529 700.0000
990 992 0.6548 700.0000
990 993 0.5174 700.0000
990 994 0.8118 700.0000
990 1037 0.7603 700.0000
990 1041 0.6723 700.0000
991 993 0.6831 700.0000
991 994 0.7559 700.0000
991 995 0.8059 700.0000
992 994 0.6986 700.0000
992 995 0.5614 700.0000
992 996 0.6697 700.0000
993 995 0.7174 700.0000
993 996 0.4928 700.0000
993 997 0.6043 700.0000
993 1033 0.8175 700.0000
993 1034 0.7941 700.0000
993 1037 0.6144 700.0000
994 996 0.6051 700.0000
994 997 0.5600 700.0000
994 998 0.5866 700.0000
994 1005 0.6206 700.0000
994 1007 0.8989 700.0000
994 1034 0.7256 700.0000
995 997 0.6779 700.0000
995 998 0.4983 700.0000
995 999 0.6143 700.0000
995 1005 0.8245 700.0000
996 998 0.6158 700.0000
996 999 0.5476 700.0000
996 1000 0.6467 700.0000
996 1001 0.8127 700.0000
997 999 0.7175 700.0000
997 1000 0.5976 700.0000
997 1001 0.5573 700.0000
997 1002 0.8243 700.0000
997 1003 0.6813 700.0000
997 1005 0.7912 700.0000
997 1029 0.8496 700.0000
997 1030 0.5859 700.0000
997 1033 0.6275 700.0000
997 1034 0.7273 700.0000
998 1001 0.7815 700.0000
998 1002 0.6420 700.0000
998 1003 0.4652 700.0000
998 1004 0.5464 700.0000
998 1005 0.5523 700.0000
998 1019 0.8714 700.0000
998 1020 0.8977 700.0000
998 1030 0.8779 700.0000
999 1001 0.8437 700.0000
999 1002 0.7451 700.0000
999 1003 0.8156 700.0000
1000 1002 0.8581 700.0000
1000 1029 0.8334 700.0000
1000 1030 0.8100 700.0000
1000 1033 0.8081 700.0000
1001 1003 0.6085 700.0000
1001 1025 0.8203 700.0000
1001 1026 0.5399 700.0000
1001 1027 0.7884 700.0000
1001 1029 0.5506 700.0000
1001 1030 0.5082 700.0000
1001 1033 0.7637 700.0000
1002 1004 0.7363 700.0000
1002 1020 0.8073 700.0000
1002 1021 0.6537 700.0000
1002 1022 0.7515 700.0000
1002 1023 0.8112 700.0000
1002 1026 0.6155 700.0000
1002 1027 0.8117 700.0000
1002 1030 0.8592 700.0000
1003 1005 0.6479 700.0000
1003 1019 0.6764 700.0000
1003 1020 0.5802 700.0000
1003 1021 0.6026 700.0000
1003 1022 0.8595 700.0000
1003 1026 0.7193 700.0000
1003 1027 0.6693 700.0000
1003 1030 0.6939 700.0000
1004 1006 0.5957 700.0000
1004 1018 0.8253 700.0000
1004 1019 0.7034 700.0000
1004 1020 0.4619 700.0000
1004 1021 0.7747 700.0000
1005 1007 0.6388 700.0000
1005 1017 0.6183 700.0000
1005 1018 0.6609 700.0000
1005 1019 0.5197 700.0000
1005 1020 0.6841 700.0000
1005 1034 0.8675 700.0000
1006 1008 0.6189 700.0000
1006 1016 0.7956 700.0000
1006 1017 0.7372 700.0000
1006 1018 0.4827 700.0000
1006 1019 0.7797 700.0000
1006 1020 0.6996 700.0000
1007 1009 0.8280 700.0000
1007 1015 0.6792 700.0000
1007 1016 0.6409 700.0000
1007 1017 0.5646 700.0000
1007 1018 0.7306 700.0000
1008 1010 0.6754 700.0000
1008 1015 0.7104 700.0000
1008 1016 0.5196 700.0000
1008 1017 0.7641 700.0000
1008 1018 0.7013 700.0000
1009 1011 0.5663 700.0000
1009 1012 0.6834 700.0000
1009 1013 0.7623 700.0000
1009 1014 0.7139 700.0000
1009 1015 0.5820 700.0000
1009 1016 0.7754 700.0000
1010 1012 0.6809 700.0000
1010 1013 0.8836 700.0000
1010 1014 0.5605 700.0000
1010 1015 0.6094 700.0000
1010 1016 0.5739 700.0000
1011 1013 0.6115 700.0000
1011 1014 0.4421 700.0000
1011 1015 0.7147 700.0000
1011 1016 0.8603 700.0000
1012 1014 0.5993 700.0000
1013 1015 0.8108 700.0000
1014 1016 0.7746 700.0000
1015 1017 0.6118 700.0000
1016 1018 0.5419 700.0000
1017 1019 0.6048 700.0000
1017 1031 0.8560 700.0000
1017 1034 0.7444 700.0000
1018 1020 0.6878 700.0000
1019 1021 0.8110 700.0000
1019 1027 0.5803 700.0000
1019 1030 0.6530 700.0000
1019 1031 0.5490 700.0000
1019 1034 0.7917 700.0000
1020 1022 0.7951 700.0000
1020 1027 0.6754 700.0000
1021 1023 0.6815 700.0000
1021 1024 0.6646 700.0000
1021 1025 0.8068 700.0000
1021 1026 0.6774 700.0000
1021 1027 0.5279 700.0000
1022 1024 0.7300 700.0000
1022 1025 0.8902 700.0000
1022 1026 0.7497 700.0000
1022 1027 0.8358 700.0000
1023 1025 0.6515 700.0000
1023 1026 0.5377 700.0000
1023 1027 0.8761 700.0000
1024 1026 0.5934 700.0000
1024 1027 0.5381 700.0000
1024 1028 0.6292 700.0000
1024 1029 0.8950 700.0000
1025 1027 0.5377 700.0000
1025 1028 0.4939 700.0000
1025 1029 0.5983 700.0000
1025 1030 0.8067 700.0000
1026 1028 0.7505 700.0000
1026 1029 0.6029 700.0000
1026 1030 0.7125 700.0000
1027 1029 0.6285 700.0000
1027 1030 0.5718 700.0000
1027 1031 0.6313 700.0000
1028 1030 0.6952 700.0000
1028 1031 0.6206 700.0000
1028 1032 0.6235 700.0000
1029 1031 0.7109 700.0000
1029 1032 0.4857 700.0000
1029 1033 0.6061 700.0000
1030 1032 0.6126 700.0000
1030 1033 0.4989 700.0000
1030 1034 0.6850 700.0000
1030 1035 0.8335 700.0000
1031 1033 0.8251 700.0000
1031 1034 0.7122 700.0000
1031 1035 0.7389 700.0000
1032 1034 0.8532 700.0000
1032 1035 0.6474 700.0000
1032 1036 0.7228 700.0000
1033 1035 0.5635 700.0000
1033 1036 0.5377 700.0000
1033 1037 0.5894 700.0000
1034 1036 0.6850 700.0000
1034 1037 0.6623 700.0000
1034 1038 0.5671 700.0000
1035 1037 0.6441 700.0000
1035 1038 0.5674 700.0000
1035 1039 0.5901 700.0000
1035 1040 0.8918 700.0000
1036 1038 0.7205 700.0000
1036 1039 0.5359 700.0000
1036 1040 0.6021 700.0000
1036 1041 0.8376 700.0000
1037 1039 0.7676 700.0000
1037 1040 0.5245 700.0000
1037 1041 0.6039 700.0000
1038 1040 0.8211 700.0000
1038 1041 0.6347 700.0000
1038 1042 0.5148 700.0000
1039 1041 0.7406 700.0000
1039 1042 0.5950 700.0000
1040 1042 0.7434 700.0000
1045 1047 0.7515 700.0000
1045 1084 0.6119 700.0000
1045 1085 0.4491 700.0000
1045 1086 0.6630 700.0000
1045 1087 0.8861 700.0000
1046 1048 0.6673 700.0000
1046 1083 0.8960 700.0000
1046 1084 0.7566 700.0000
1046 1085 0.5335 700.0000
1046 1086 0.6399 700.0000
1046 1087 0.5201 700.0000
1046 1090 0.7028 700.0000
1047 1049 0.6382 700.0000
1047 1082 0.6302 700.0000
1047 1083 0.6336 700.0000
1047 1084 0.5377 700.0000
1047 1085 0.7538 700.0000
1047 1090 0.8788 700.0000
1048 1050 0.7379 700.0000
1048 1082 0.7582 700.0000
1048 1083 0.5247 700.0000
1048 1084 0.8028 700.0000
1048 1085 0.8174 700.0000
1048 1087 0.7571 700.0000
1048 1090 0.5385 700.0000
1048 1091 0.8132 700.0000
1048 1094 0.6851 700.0000
1049 1051 0.6925 700.0000
1049 1080 0.5813 700.0000
1049 1081 0.6380 700.0000
1049 1082 0.5208 700.0000
1049 1083 0.6146 700.0000
1049 1094 0.8965 700.0000
1050 1052 0.5879 700.0000
1050 1058 0.8647 700.0000
1050 1079 0.7591 700.0000
1050 1080 0.5799 700.0000
1050 1081 0.4494 700.0000
1050 1082 0.7161 700.0000
1050 1083 0.6995 700.0000
1050 1094 0.6791 700.0000
1050 1097 0.7466 700.0000
1051 1053 0.7291 700.0000
1051 1078 0.8625 700.0000
1051 1079 0.5980 700.0000
1051 1080 0.5190 700.0000
1051 1081 0.6775 700.0000
1052 1054 0.6099 700.0000
1052 1055 0.7514 700.0000
1052 1057 0.5734 700.0000
1052 1058 0.5775 700.0000
1052 1061 0.7831 700.0000
1052 1078 0.7968 700.0000
1052 1079 0.4619 700.0000
1052 1080 0.6918 700.0000
1052 1081 0.6593 700.0000
1052 1097 0.8222 700.0000
1052 1101 0.7801 700.0000
1053 1055 0.7234 700.0000
1053 1057 0.6069 700.0000
1053 1058 0.8172 700.0000
1053 1078 0.8209 700.0000
1053 1079 0.6130 700.0000
1054 1056 0.5482 700.0000
1054 1057 0.4630 700.0000
1054 1058 0.6372 700.0000
1054 1059 0.8439 700.0000
1054 1078 0.7449 700.0000
1054 1079 0.5939 700.0000
1055 1057 0.6860 700.0000
1055 1058 0.5198 700.0000
1055 1059 0.5736 700.0000
1055 1076 0.5844 700.0000
1055 1077 0.8676 700.0000
1055 1078 0.5068 700.0000
1055 1079 0.4742 700.0000
1055 1080 0.8982 700.0000
1056 1058 0.6952 700.0000
1056 1059 0.6502 700.0000
1056 1060 0.7038 700.0000
1057 1059 0.7567 700.0000
1057 1060 0.5977 700.0000
1057 1061 0.5976 700.0000
1057 1079 0.7815 700.0000
1057 1101 0.7686 700.0000
1058 1060 0.6377 700.0000
1058 1061 0.5325 700.0000
1058 1062 0.6313 700.0000
1058 1063 0.8562 700.0000
1058 1076 0.5941 700.0000
1058 1078 0.8110 700.0000
1058 1079 0.5601 700.0000
1058 1080 0.8597 700.0000
1058 1081 0.5921 700.0000
1059 1061 0.7530 700.0000
1059 1062 0.5016 700.0000
1059 1063 0.6379 700.0000
1059 1076 0.5565 700.0000
1059 1079 0.8105 700.0000
1059 1081 0.8266 700.0000
1060 1062 0.8140 700.0000
1060 1063 0.6036 700.0000
1060 1064 0.5503 700.0000
1061 1063 0.7861 700.0000
1061 1064 0.5366 700.0000
1061 1065 0.6385 700.0000
1061 1081 0.7986 700.0000
1061 1093 0.8665 700.0000
1061 1096 0.7114 700.0000
1061 1097 0.5609 700.0000
1061 1100 0.7811 700.0000
1061 1101 0.8279 700.0000
1062 1064 0.7962 700.0000
1062 1065 0.6541 700.0000
1062 1066 0.5604 700.0000
1062 1073 0.8848 700.0000
1062 1074 0.4695 700.0000
1062 1075 0.7954 700.0000
1062 1076 0.6920 700.0000
1062 1081 0.7164 700.0000
1063 1065 0.7603 700.0000
1063 1066 0.6479 700.0000
1063 1067 0.7441 700.0000
1064 1066 0.7792 700.0000
1064 1067 0.7248 700.0000
1064 1068 0.7750 700.0000
1064 1096 0.7113 700.0000
1065 1067 0.7595 700.0000
1065 1068 0.5760 700.0000
1065 1069 0.5038 700.0000
1065 1072 0.6924 700.0000
1065 1074 0.6990 700.0000
1065 1083 0.8925 700.0000
1065 1092 0.8482 700.0000
1065 1093 0.6060 700.0000
1065 1096 0.6523 700.0000
1065 1097 0.8156 700.0000
1066 1068 0.7741 700.0000
1066 1069 0.6648 700.0000
1066 1070 0.6801 700.0000
1066 1072 0.6439 700.0000
1066 1073 0.7954 700.0000
1066 1074 0.5901 700.0000
1067 1069 0.8303 700.0000
1067 1070 0.7992 700.0000
1068 1070 0.7716 700.0000
1068 1089 0.8762 700.0000
1068 1092 0.8218 700.0000
1068 1093 0.8170 700.0000
1068 1096 0.7394 700.0000
1069 1071 0.7655 700.0000
1069 1072 0.5351 700.0000
1069 1089 0.5386 700.0000
1069 1090 0.8495 700.0000
1069 1092 0.6793 700.0000
1069 1093 0.6437 700.0000
1069 1096 0.8356 700.0000
1070 1072 0.6620 700.0000
1070 1089 0.8617 700.0000
1071 1073 0.8908 700.0000
1071 1085 0.7685 700.0000
1071 1086 0.7244 700.0000
1071 1089 0.6868 700.0000
1072 1074 0.5550 700.0000
1072 1083 0.6205 700.0000
1072 1084 0.6170 700.0000
1072 1085 0.6018 700.0000
1072 1086 0.7516 700.0000
1072 1089 0.5812 700.0000
1072 1090 0.7128 700.0000
1072 1093 0.8137 700.0000
1073 1075 0.6047 700.0000
1073 1082 0.7379 700.0000
1073 1083 0.6855 700.0000
1073 1084 0.4441 700.0000
1073 1085 0.7418 700.0000
1074 1076 0.8173 700.0000
1074 1081 0.6474 700.0000
1074 1082 0.6109 700.0000
1074 1083 0.5792 700.0000
1074 1084 0.7159 700.0000
1075 1077 0.7737 700.0000
1075 1080 0.8884 700.0000
1075 1081 0.7298 700.0000
1075 1082 0.4675 700.0000
1075 1083 0.7808 700.0000
1075 1084 0.7622 700.0000
1076 1078 0.5698 700.0000
1076 1079 0.5660 700.0000
1076 1080 0.6786 700.0000
1076 1081 0.6057 700.0000
1076 1082 0.7780 700.0000
1077 1079 0.6841 700.0000
1077 1080 0.5792 700.0000
1077 1081 0.8592 700.0000
1077 1082 0.8328 700.0000
1078 1080 0.5702 700.0000
1078 1081 0.8518 700.0000
1079 1081 0.6105 700.0000
1080 1082 0.6300 700.0000
1081 1083 0.6030 700.0000
1081 1097 0.8930 700.0000
1082 1084 0.6481 700.0000
1083 1085 0.6940 700.0000
1083 1089 0.8787 700.0000
1083 1090 0.5531 700.0000
1083 1093 0.7633 700.0000
1083 1094 0.7815 700.0000
1084 1086 0.8202 700.0000
1084 1090 0.7952 700.0000
1085 1087 0.6923 700.0000
1085 1088 0.8414 700.0000
1085 1089 0.6147 700.0000
1085 1090 0.5888 700.0000
1086 1088 0.5075 700.0000
1086 1089 0.4300 700.0000
1086 1090 0.5986 700.0000
1086 1091 0.8249 700.0000
1087 1089 0.7066 700.0000
1087 1090 0.5082 700.0000
1087 1091 0.5651 700.0000
1087 1092 0.8947 700.0000
1088 1090 0.6725 700.0000
1088 1091 0.5779 700.0000
1088 1092 0.7161 700.0000
1089 1091 0.6523 700.0000
1089 1092 0.6017 700.0000
1089 1093 0.7033 700.0000
1090 1092 0.6190 700.0000
1090 1093 0.5789 700.0000
1090 1094 0.5963 700.0000
1091 1093 0.5616 700.0000
1091 1094 0.5210 700.0000
1091 1095 0.6540 700.0000
1092 1094 0.6234 700.0000
1092 1095 0.4866 700.0000
1092 1096 0.6519 700.0000
1092 1097 0.8417 700.0000
1093 1095 0.6037 700.0000
1093 1096 0.5338 700.0000
1093 1097 0.5811 700.0000
1093 1098 0.8324 700.0000
1094 1096 0.8452 700.0000
1094 1097 0.5943 700.0000
1094 1098 0.7014 700.0000
1095 1097 0.7144 700.0000
1095 1098 0.5683 700.0000
1095 1099 0.5362 700.0000
1096 1098 0.7018 700.0000
1096 1099 0.5668 700.0000
1096 1100 0.7114 700.0000
1097 1099 0.6857 700.0000
1097 1100 0.6079 700.0000
1097 1101 0.6124 700.0000
1098 1100 0.5689 700.0000
1098 1101 0.5907 700.0000
1098 1102 0.8743 700.0000
1099 1101 0.8231 700.0000
1100 1102 0.6226 700.0000
1118 1120 0.6463 700.0000
1118 1156 0.7912 700.0000
1118 1157 0.6367 700.0000
1118 1158 0.4204 700.0000
1118 1159 0.7084 700.0000
1118 1160 0.7700 700.0000
1118 1174 0.5934 700.0000
1118 1177 0.6763 700.0000
1118 1178 0.7603 700.0000
1119 1121 0.8746 700.0000
1119 1152 0.7873 700.0000
1119 1155 0.5087 700.0000
1119 1156 0.6576 700.0000
1119 1157 0.5324 700.0000
1119 1158 0.7496 700.0000
1120 1122 0.6198 700.0000
1120 1123 0.8368 700.0000
1120 1124 0.7055 700.0000
1120 1125 0.6713 700.0000
1120 1155 0.5822 700.0000
1120 1156 0.4397 700.0000
1120 1157 0.6640 700.0000
1120 1158 0.7289 700.0000
1120 1181 0.7493 700.0000
1121 1123 0.4664 700.0000
1121 1124 0.5328 700.0000
1121 1125 0.7827 700.0000
1121 1126 0.8534 700.0000
1121 1153 0.8821 700.0000
1121 1154 0.6207 700.0000
1121 1155 0.6267 700.0000
1121 1156 0.6636 700.0000
1122 1124 0.7058 700.0000
1122 1125 0.6029 700.0000
1122 1126 0.5653 700.0000
1122 1127 0.8996 700.0000
1122 1151 0.6230 700.0000
1122 1153 0.6787 700.0000
1122 1154 0.6145 700.0000
1122 1155 0.6575 700.0000
1122 1156 0.4919 700.0000
1122 1157 0.8974 700.0000
1123 1125 0.7111 700.0000
1123 1126 0.4986 700.0000
1123 1127 0.6010 700.0000
1123 1128 0.8702 700.0000
1123 1154 0.7986 700.0000
1123 1156 0.8542 700.0000
1124 1126 0.7867 700.0000
1124 1127 0.5573 700.0000
1124 1128 0.6062 700.0000
1124 1181 0.6619 700.0000
1124 1184 0.8651 700.0000
1124 1185 0.6579 700.0000
1125 1127 0.7454 700.0000
1125 1128 0.5820 700.0000
1125 1129 0.4831 700.0000
1125 1130 0.8781 700.0000
1125 1132 0.6050 700.0000
1125 1133 0.7936 700.0000
1125 1149 0.8096 700.0000
1125 1151 0.8665 700.0000
1125 1156 0.5797 700.0000
1125 1158 0.8406 700.0000
1125 1181 0.7646 700.0000
1126 1128 0.7642 700.0000
1126 1129 0.5386 700.0000
1126 1151 0.8703 700.0000
1126 1156 0.8666 700.0000
1127 1129 0.7464 700.0000
1127 1130 0.8979 700.0000
1127 1185 0.8560 700.0000
1128 1130 0.6715 700.0000
1128 1131 0.5688 700.0000
1128 1132 0.5436 700.0000
1128 1180 0.8731 700.0000
1128 1181 0.6445 700.0000
1128 1184 0.5701 700.0000
1128 1185 0.6667 700.0000
1128 1187 0.8639 700.0000
1129 1131 0.8249 700.0000
1129 1132 0.6284 700.0000
1129 1133 0.5723 700.0000
1130 1132 0.6493 700.0000
1130 1133 0.5759 700.0000
1130 1134 0.6635 700.0000
1131 1133 0.7684 700.0000
1131 1134 0.6162 700.0000
1131 1135 0.6902 700.0000
1131 1180 0.7452 700.0000
1131 1181 0.8964 700.0000
1131 1183 0.8489 700.0000
1131 1184 0.6158 700.0000
1131 1187 0.8022 700.0000
1132 1134 0.7209 700.0000
1132 1135 0.6046 700.0000
1132 1136 0.6182 700.0000
1132 1177 0.6437 700.0000
1132 1180 0.6727 700.0000
1132 1181 0.6662 700.0000
1132 1184 0.7898 700.0000
1133 1135 0.7613 700.0000
1133 1136 0.5296 700.0000
1133 1137 0.7082 700.0000
1133 1149 0.8827 700.0000
1134 1136 0.7364 700.0000
1134 1137 0.6315 700.0000
1134 1138 0.6352 700.0000
1135 1137 0.6572 700.0000
1135 1138 0.4694 700.0000
1135 1139 0.5825 700.0000
1135 1142 0.8341 700.0000
1135 1176 0.7002 700.0000
1135 1177 0.7177 700.0000
1135 1180 0.6343 700.0000
1136 1138 0.6998 700.0000
1136 1139 0.5201 700.0000
1136 1140 0.5821 700.0000
1136 1145 0.8976 700.0000
1136 1147 0.6414 700.0000
1136 1149 0.8836 700.0000
1136 1158 0.8588 700.0000
1136 1160 0.7763 700.0000
1136 1173 0.8711 700.0000
1136 1177 0.6864 700.0000
1137 1139 0.6043 700.0000
1137 1140 0.4827 700.0000
1137 1141 0.5420 700.0000
1137 1142 0.8755 700.0000
1137 1147 0.8531 700.0000
1138 1140 0.7720 700.0000
1138 1141 0.5948 700.0000
1138 1142 0.5879 700.0000
1139 1141 0.7000 700.0000
1139 1142 0.5089 700.0000
1139 1143 0.5362 700.0000
1139 1145 0.6605 700.0000
1139 1147 0.8566 700.0000
1139 1160 0.7416 700.0000
1139 1173 0.5531 700.0000
1139 1176 0.6339 700.0000
1139 1177 0.7738 700.0000
1140 1142 0.8454 700.0000
1140 1143 0.8113 700.0000
1140 1144 0.7158 700.0000
1140 1145 0.4709 700.0000
1140 1146 0.5715 700.0000
1140 1147 0.5635 700.0000
1140 1160 0.7745 700.0000
1140 1163 0.8411 700.0000
1141 1143 0.8513 700.0000
1141 1144 0.7610 700.0000
1141 1145 0.8322 700.0000
1142 1172 0.8817 700.0000
1142 1173 0.8168 700.0000
1142 1176 0.7935 700.0000
1143 1145 0.6374 700.0000
1143 1169 0.5049 700.0000
1143 1170 0.7421 700.0000
1143 1171 0.8535 700.0000
1143 1172 0.5757 700.0000
1143 1173 0.5588 700.0000
1143 1176 0.7847 700.0000
1144 1146 0.8095 700.0000
1144 1162 0.6596 700.0000
1144 1163 0.4346 700.0000
1144 1164 0.6914 700.0000
1144 1167 0.8759 700.0000
1144 1169 0.7683 700.0000
1145 1147 0.6706 700.0000
1145 1160 0.6003 700.0000
1145 1161 0.6770 700.0000
1145 1162 0.5545 700.0000
1145 1163 0.5512 700.0000
1145 1168 0.8767 700.0000
1145 1169 0.7283 700.0000
1145 1170 0.7118 700.0000
1145 1173 0.7467 700.0000
1146 1148 0.6810 700.0000
1146 1159 0.7993 700.0000
1146 1160 0.6767 700.0000
1146 1161 0.5079 700.0000
1146 1162 0.7214 700.0000
1146 1163 0.6157 700.0000
1147 1149 0.6544 700.0000
1147 1158 0.7632 700.0000
1147 1159 0.6444 700.0000
1147 1160 0.5627 700.0000
1147 1161 0.7129 700.0000
1148 1150 0.6495 700.0000
1148 1157 0.8231 700.0000
1148 1158 0.7473 700.0000
1148 1159 0.4923 700.0000
1148 1160 0.8032 700.0000
1148 1161 0.7275 700.0000
1149 1151 0.7620 700.0000
1149 1156 0.6857 700.0000
1149 1157 0.6325 700.0000
1149 1158 0.5650 700.0000
1149 1159 0.7027 700.0000
1150 1152 0.5757 700.0000
1150 1153 0.8767 700.0000
1150 1155 0.8600 700.0000
1150 1156 0.5492 700.0000
1150 1157 0.3973 700.0000
1150 1158 0.6767 700.0000
1150 1159 0.7615 700.0000
1151 1153 0.5214 700.0000
1151 1154 0.8665 700.0000
1151 1155 0.7688 700.0000
1151 1156 0.5385 700.0000
1151 1157 0.7168 700.0000
1152 1154 0.8919 700.0000
1152 1155 0.5557 700.0000
1152 1156 0.6973 700.0000
1152 1157 0.5576 700.0000
1153 1155 0.5624 700.0000
1153 1156 0.7519 700.0000
1154 1156 0.8756 700.0000
1155 1157 0.6338 700.0000
1156 1158 0.6399 700.0000
1157 1159 0.6674 700.0000
1158 1160 0.6182 700.0000
1158 1174 0.7286 700.0000
1158 1177 0.6826 700.0000
1159 1161 0.6199 700.0000
1159 1174 0.7498 700.0000
1160 1162 0.8527 700.0000
1160 1170 0.5985 700.0000
1160 1171 0.8673 700.0000
1160 1173 0.5507 700.0000
1160 1174 0.4689 700.0000
1160 1177 0.7783 700.0000
1161 1163 0.7466 700.0000
1161 1170 0.8066 700.0000
1162 1164 0.5560 700.0000
1162 1165 0.7335 700.0000
1162 1167 0.7230 700.0000
1162 1168 0.5458 700.0000
1162 1169 0.7115 700.0000
1162 1170 0.6802 700.0000
1163 1165 0.8785 700.0000
1164 1166 0.5274 700.0000
1164 1167 0.4646 700.0000
1164 1168 0.7337 700.0000
1164 1169 0.8437 700.0000
1165 1167 0.8847 700.0000
1167 1169 0.5901 700.0000
1168 1170 0.4812 700.0000
1168 1171 0.6913 700.0000
1168 1172 0.8546 700.0000
1169 1171 0.6354 700.0000
1169 1172 0.5311 700.0000
1169 1173 0.7211 700.0000
1170 1172 0.6311 700.0000
1170 1173 0.5306 700.0000
1170 1174 0.5238 700.0000
1170 1175 0.8729 700.0000
1171 1173 0.5755 700.0000
1171 1174 0.5587 700.0000
1171 1175 0.6600 700.0000
1172 1174 0.8155 700.0000
1172 1175 0.6198 700.0000
1172 1176 0.7382 700.0000
1173 1175 0.5021 700.0000
1173 1176 0.4969 700.0000
1173 1177 0.6711 700.0000
1173 1178 0.8152 700.0000
1174 1176 0.7929 700.0000
1174 1177 0.6916 700.0000
1174 1178 0.7623 700.0000
1175 1177 0.6690 700.0000
1175 1178 0.4747 700.0000
1175 1179 0.5452 700.0000
1175 1180 0.8411 700.0000
1176 1178 0.6018 700.0000
1176 1179 0.5058 700.0000
1176 1180 0.6141 700.0000
1177 1179 0.7188 700.0000
1177 1180 0.5592 700.0000
1177 1181 0.5919 700.0000
1177 1182 0.8691 700.0000
1178 1180 0.6203 700.0000
1178 1181 0.6256 700.0000
1178 1182 0.5691 700.0000
1179 1181 0.7948 700.0000
1179 1182 0.5315 700.0000
1179 1183 0.7430 700.0000
1180 1182 0.5944 700.0000
1180 1183 0.5526 700.0000
1180 1184 0.5957 700.0000
1180 1185 0.7993 700.0000
1181 1183 0.8341 700.0000
1181 1184 0.6005 700.0000
1181 1185 0.5672 700.0000
1182 1184 0.7100 700.0000
1182 1185 0.6245 700.0000
1182 1186 0.6903 700.0000
1183 1185 0.6674 700.0000
1183 1186 0.5513 700.0000
1183 1187 0.5718 700.0000
1184 1186 0.5382 700.0000
1184 1187 0.4479 700.0000
1185 1187 0.6262 700.0000
1189 1191 0.6522 700.0000
1189 1232 0.8831 700.0000
1189 1233 0.7323 700.0000
1189 1234 0.5315 700.0000
1189 1235 0.6817 700.0000
1189 1236 0.5506 700.0000
1189 1239 0.6569 700.0000
1190 1192 0.6896 700.0000
1190 1222 0.8789 700.0000
1190 1231 0.5898 700.0000
1190 1232 0.6876 700.0000
1190 1233 0.5333 700.0000
1190 1234 0.7869 700.0000
1191 1193 0.6254 700.0000
1191 1230 0.8580 700.0000
1191 1231 0.7291 700.0000
1191 1232 0.5233 700.0000
1191 1233 0.7817 700.0000
1191 1234 0.8223 700.0000
1191 1239 0.5793 700.0000
1191 1240 0.8300 700.0000
1191 1242 0.8954 700.0000
1191 1243 0.6342 700.0000
1192 1194 0.6654 700.0000
1192 1229 0.6708 700.0000
1192 1230 0.6708 700.0000
1192 1231 0.5268 700.0000
1192 1232 0.6567 700.0000
1193 1195 0.6549 700.0000
1193 1197 0.8158 700.0000
1193 1198 0.8527 700.0000
1193 1229 0.6360 700.0000
1193 1230 0.4739 700.0000
1193 1231 0.6828 700.0000
1193 1232 0.6719 700.0000
1193 1243 0.6625 700.0000
1193 1246 0.7541 700.0000
1193 1247 0.8007 700.0000
1194 1196 0.5750 700.0000
1194 1197 0.6021 700.0000
1194 1198 0.8157 700.0000
1194 1228 0.6653 700.0000
1194 1229 0.5949 700.0000
1194 1230 0.8127 700.0000
1195 1197 0.6117 700.0000
1195 1198 0.5428 700.0000
1195 1199 0.7106 700.0000
1195 1202 0.4476 700.0000
1195 1205 0.7451 700.0000
1195 1206 0.8595 700.0000
1195 1225 0.8337 700.0000
1195 1226 0.8292 700.0000
1195 1227 0.8511 700.0000
1195 1228 0.6120 700.0000
1195 1229 0.5497 700.0000
1195 1230 0.6752 700.0000
1196 1198 0.7752 700.0000
1196 1199 0.7220 700.0000
1196 1202 0.7075 700.0000
1196 1228 0.6009 700.0000
1196 1229 0.8931 700.0000
1197 1199 0.6058 700.0000
1197 1202 0.8580 700.0000
1197 1247 0.7869 700.0000
1198 1200 0.8350 700.0000
1198 1201 0.5138 700.0000
1198 1202 0.6616 700.0000
1198 1205 0.8079 700.0000
1198 1246 0.7351 700.0000
1198 1247 0.6409 700.0000
1199 1201 0.5498 700.0000
1199 1202 0.5747 700.0000
1199 1203 0.8129 700.0000
1200 1202 0.8565 700.0000
1200 1203 0.7316 700.0000
1201 1203 0.7964 700.0000
1201 1204 0.6683 700.0000
1201 1205 0.7292 700.0000
1201 1246 0.8373 700.0000
1201 1247 0.8589 700.0000
1202 1205 0.6702 700.0000
1202 1206 0.6421 700.0000
1202 1227 0.7615 700.0000
1202 1228 0.7621 700.0000
1202 1229 0.8603 700.0000
1203 1205 0.7659 700.0000
1203 1206 0.6628 700.0000
1203 1207 0.7631 700.0000
1204 1206 0.7494 700.0000
1204 1207 0.4389 700.0000
1204 1208 0.8951 700.0000
1204 1209 0.7602 700.0000
1204 1210 0.6045 700.0000
1205 1207 0.6495 700.0000
1205 1210 0.4979 700.0000
1205 1211 0.8336 700.0000
1205 1225 0.7034 700.0000
1205 1230 0.7506 700.0000
1205 1246 0.7180 700.0000
1206 1208 0.8471 700.0000
1206 1210 0.8167 700.0000
1206 1225 0.5961 700.0000
1206 1226 0.8321 700.0000
1206 1227 0.7719 700.0000
1207 1209 0.5974 700.0000
1207 1210 0.6489 700.0000
1207 1211 0.8141 700.0000
1208 1210 0.7243 700.0000
1208 1211 0.5673 700.0000
1208 1212 0.6094 700.0000
1209 1211 0.7030 700.0000
1209 1212 0.6128 700.0000
1209 1213 0.6078 700.0000
1210 1212 0.7128 700.0000
1210 1213 0.5971 700.0000
1210 1214 0.5827 700.0000
1210 1215 0.8609 700.0000
1210 1223 0.8094 700.0000
1210 1225 0.8954 700.0000
1210 1245 0.7306 700.0000
1210 1246 0.7850 700.0000
1211 1213 0.6038 700.0000
1211 1214 0.5686 700.0000
1211 1215 0.4911 700.0000
1211 1216 0.8954 700.0000
1211 1223 0.6624 700.0000
1212 1214 0.7855 700.0000
1212 1215 0.5160 700.0000
1212 1216 0.6877 700.0000
1213 1215 0.7845 700.0000
1213 1216 0.5571 700.0000
1213 1217 0.5385 700.0000
1213 1218 0.8623 700.0000
1213 1245 0.7969 700.0000
1214 1216 0.8229 700.0000
1214 1217 0.6686 700.0000
1214 1218 0.4527 700.0000
1214 1219 0.7523 700.0000
1214 1221 0.6482 700.0000
1214 1223 0.5922 700.0000
1214 1232 0.8810 700.0000
1214 1242 0.6715 700.0000
1214 1245 0.6426 700.0000
1214 1246 0.8038 700.0000
1215 1218 0.8465 700.0000
1215 1219 0.7168 700.0000
1215 1221 0.8381 700.0000
1215 1222 0.8431 700.0000
1215 1223 0.6558 700.0000
1216 1218 0.8210 700.0000
1216 1219 0.7596 700.0000
1217 1219 0.8864 700.0000
1217 1245 0.6158 700.0000
1218 1220 0.6975 700.0000
1218 1221 0.5509 700.0000
1218 1238 0.7156 700.0000
1218 1239 0.8731 700.0000
1218 1241 0.6754 700.0000
1218 1242 0.5435 700.0000
1218 1245 0.6930 700.0000
1219 1221 0.5708 700.0000
1219 1238 0.8055 700.0000
1220 1234 0.7762 700.0000
1220 1235 0.7414 700.0000
1220 1238 0.5525 700.0000
1221 1223 0.6920 700.0000
1221 1232 0.6373 700.0000
1221 1233 0.5785 700.0000
1221 1234 0.6125 700.0000
1221 1235 0.8176 700.0000
1221 1238 0.6486 700.0000
1221 1239 0.6687 700.0000
1221 1242 0.7046 700.0000
1222 1224 0.6196 700.0000
1222 1231 0.7204 700.0000
1222 1232 0.6822 700.0000
1222 1233 0.4813 700.0000
1222 1234 0.8143 700.0000
1223 1225 0.6280 700.0000
1223 1230 0.6493 700.0000
1223 1231 0.6925 700.0000
1223 1232 0.6787 700.0000
1223 1233 0.8260 700.0000
1224 1226 0.6000 700.0000
1224 1229 0.7439 700.0000
1224 1230 0.6033 700.0000
1224 1231 0.4322 700.0000
1224 1232 0.7259 700.0000
1224 1233 0.8376 700.0000
1225 1227 0.8000 700.0000
1225 1229 0.6107 700.0000
1225 1230 0.5366 700.0000
1225 1231 0.7357 700.0000
1226 1228 0.6827 700.0000
1226 1229 0.4108 700.0000
1226 1230 0.7081 700.0000
1226 1231 0.7498 700.0000
1227 1229 0.7316 700.0000
1229 1231 0.6490 700.0000
1230 1232 0.5570 700.0000
1230 1243 0.8893 700.0000
1230 1246 0.7187 700.0000
1231 1233 0.6532 700.0000
1232 1234 0.7070 700.0000
1232 1239 0.5732 700.0000
1232 1242 0.6971 700.0000
1232 1243 0.7464 700.0000
1233 1235 0.8111 700.0000
1233 1239 0.6937 700.0000
1234 1236 0.5917 700.0000
1234 1237 0.8619 700.0000
1234 1238 0.6415 700.0000
1234 1239 0.5081 700.0000
1235 1237 0.5993 700.0000
1235 1238 0.4833 700.0000
1235 1239 0.6518 700.0000
1236 1238 0.6222 700.0000
1236 1239 0.5345 700.0000
1236 1240 0.6886 700.0000
1237 1239 0.6931 700.0000
1237 1240 0.6174 700.0000
1237 1241 0.6522 700.0000
1238 1240 0.6994 700.0000
1238 1241 0.5880 700.0000
1238 1242 0.7749 700.0000
1239 1241 0.7174 700.0000
1239 1242 0.5657 700.0000
1239 1243 0.6397 700.0000
1240 1242 0.5207 700.0000
1240 1243 0.5157 700.0000
1240 1244 0.5793 700.0000
1241 1243 0.8344 700.0000
1241 1244 0.6312 700.0000
1241 1245 0.8668 700.0000
1242 1244 0.6145 700.0000
1242 1245 0.5840 700.0000
1242 1246 0.6041 700.0000
1242 1247 0.8249 700.0000
1243 1245 0.8921 700.0000
1243 1246 0.6253 700.0000
1243 1247 0.5711 700.0000
1244 1246 0.7388 700.0000
1244 1247 0.6158 700.0000
1245 1247 0.7826 700.0000
1296 1298 0.8192 700.0000
1296 1311 0.8482 700.0000
1297 1299 0.6635 700.0000
1298 1300 0.8215 700.0000
1298 1307 0.5535 700.0000
1298 1308 0.5561 700.0000
1298 1309 0.8155 700.0000
1298 1311 0.8331 700.0000
1299 1301 0.6896 700.0000
1299 1306 0.7955 700.0000
1299 1307 0.5389 700.0000
1299 1308 0.4295 700.0000
1299 1309 0.8639 700.0000
1299 1311 0.7872 700.0000
1299 1320 0.6785 700.0000
1299 1321 0.8962 700.0000
1299 1322 0.8836 700.0000
1300 1302 0.6370 700.0000
1300 1304 0.7720 700.0000
1300 1305 0.6254 700.0000
1300 1306 0.6265 700.0000
1300 1307 0.5790 700.0000
1300 1308 0.6324 700.0000
1300 1320 0.8556 700.0000
1300 1321 0.8875 700.0000
1301 1303 0.4809 700.0000
1301 1304 0.4316 700.0000
1301 1305 0.6033 700.0000
1301 1306 0.5998 700.0000
1301 1307 0.6870 700.0000
1301 1308 0.5697 700.0000
1301 1309 0.7824 700.0000
1301 1320 0.8077 700.0000
1301 1321 0.5419 700.0000
1301 1322 0.5114 700.0000
1301 1325 0.6676 700.0000
1301 1326 0.8724 700.0000
1302 1304 0.6469 700.0000
1302 1305 0.5543 700.0000
1302 1321 0.6721 700.0000
1302 1322 0.8899 700.0000
1302 1325 0.8944 700.0000
1302 1337 0.6902 700.0000
1302 1338 0.6849 700.0000
1303 1305 0.6960 700.0000
1303 1321 0.6714 700.0000
1303 1322 0.7140 700.0000
1303 1324 0.8992 700.0000
1303 1325 0.5138 700.0000
1303 1326 0.7210 700.0000
1303 1328 0.8842 700.0000
1303 1329 0.7755 700.0000
1303 1337 0.7009 700.0000
1304 1306 0.4764 700.0000
1304 1307 0.7675 700.0000
1304 1308 0.8439 700.0000
1304 1309 0.8728 700.0000
1304 1321 0.8953 700.0000
1304 1322 0.6695 700.0000
1304 1325 0.6304 700.0000
1305 1307 0.8758 700.0000
1306 1308 0.6987 700.0000
1306 1309 0.7755 700.0000
1306 1322 0.8069 700.0000
1307 1309 0.6342 700.0000
1307 1322 0.7943 700.0000
1308 1310 0.7524 700.0000
1308 1311 0.5529 700.0000
1308 1320 0.6867 700.0000
1308 1321 0.7274 700.0000
1308 1322 0.5096 700.0000
1308 1323 0.8788 700.0000
1309 1311 0.6994 700.0000
1309 1322 0.4332 700.0000
1309 1323 0.6766 700.0000
1309 1324 0.7312 700.0000
1309 1325 0.8145 700.0000
1310 1312 0.7432 700.0000
1310 1322 0.6365 700.0000
1310 1323 0.5456 700.0000
1310 1324 0.7249 700.0000
1311 1313 0.6070 700.0000
1311 1320 0.5483 700.0000
1311 1321 0.7513 700.0000
1311 1322 0.7139 700.0000
1311 1323 0.8020 700.0000
1312 1314 0.6007 700.0000
1312 1315 0.8726 700.0000
1312 1320 0.7740 700.0000
1312 1321 0.6107 700.0000
1312 1322 0.7082 700.0000
1312 1323 0.4879 700.0000
1312 1324 0.8086 700.0000
1312 1325 0.8824 700.0000
1312 1326 0.5931 700.0000
1312 1327 0.7099 700.0000
1313 1315 0.6137 700.0000
1313 1317 0.7850 700.0000
1313 1318 0.6066 700.0000
1313 1319 0.7317 700.0000
1313 1320 0.5532 700.0000
1313 1321 0.7111 700.0000
1314 1316 0.6846 700.0000
1314 1317 0.5074 700.0000
1314 1318 0.6438 700.0000
1314 1319 0.5710 700.0000
1314 1320 0.7469 700.0000
1314 1321 0.6735 700.0000
1314 1326 0.7694 700.0000
1314 1330 0.8901 700.0000
1314 1336 0.6829 700.0000
1314 1341 0.8183 700.0000
1314 1343 0.5817 700.0000
1315 1317 0.6153 700.0000
1315 1318 0.6135 700.0000
1315 1319 0.8764 700.0000
1315 1343 0.6303 700.0000
1316 1318 0.7863 700.0000
1316 1341 0.6298 700.0000
1316 1342 0.7095 700.0000
1316 1343 0.5200 700.0000
1317 1319 0.4069 700.0000
1317 1320 0.8797 700.0000
1317 1336 0.6476 700.0000
1317 1338 0.8002 700.0000
1317 1339 0.6107 700.0000
1317 1341 0.6029 700.0000
1317 1343 0.7182 700.0000
1318 1320 0.7520 700.0000
1319 1321 0.6545 700.0000
1319 1336 0.6140 700.0000
1319 1337 0.7839 700.0000
1319 1338 0.5662 700.0000
1319 1339 0.6380 700.0000
1319 1341 0.8336 700.0000
1320 1322 0.8461 700.0000
1321 1323 0.7182 700.0000
1321 1324 0.8886 700.0000
1321 1325 0.6894 700.0000
1321 1326 0.5295 700.0000
1321 1336 0.7777 700.0000
1321 1337 0.7266 700.0000
1321 1338 0.8071 700.0000
1322 1324 0.5203 700.0000
1322 1325 0.4521 700.0000
1322 1326 0.6658 700.0000
1322 1327 0.8664 700.0000
1323 1325 0.5417 700.0000
1323 1326 0.5412 700.0000
1323 1327 0.5210 700.0000
1324 1326 0.6297 700.0000
1324 1327 0.5394 700.0000
1324 1328 0.6948 700.0000
1325 1327 0.6536 700.0000
1325 1328 0.6097 700.0000
1325 1329 0.7046 700.0000
1326 1328 0.7313 700.0000
1326 1329 0.5272 700.0000
1326 1330 0.5502 700.0000
1326 1331 0.8689 700.0000
1326 1336 0.8254 700.0000
1326 1337 0.7712 700.0000
1327 1329 0.6438 700.0000
1327 1330 0.6096 700.0000
1327 1331 0.7059 700.0000
1328 1330 0.8304 700.0000
1328 1331 0.5979 700.0000
1328 1332 0.6025 700.0000
1329 1331 0.5099 700.0000
1329 1332 0.5527 700.0000
1329 1333 0.6626 700.0000
1329 1334 0.7523 700.0000
1329 1335 0.7384 700.0000
1329 1336 0.8983 700.0000
1329 1337 0.7510 700.0000
1330 1332 0.8098 700.0000
1330 1333 0.6725 700.0000
1330 1334 0.4539 700.0000
1330 1335 0.5893 700.0000
1330 1336 0.7877 700.0000
1330 1337 0.8371 700.0000
1330 1342 0.8880 700.0000
1330 1343 0.6894 700.0000
1330 1344 0.7944 700.0000
1331 1333 0.7645 700.0000
1331 1334 0.7313 700.0000
1333 1335 0.4458 700.0000
1333 1336 0.8841 700.0000
1333 1337 0.8370 700.0000
1333 1340 0.7806 700.0000
1333 1342 0.8971 700.0000
1334 1336 0.8420 700.0000
1334 1341 0.8534 700.0000
1334 1342 0.5992 700.0000
1334 1343 0.6609 700.0000
1334 1344 0.5254 700.0000
1334 1345 0.7240 700.0000
1335 1337 0.5854 700.0000
1335 1338 0.8778 700.0000
1335 1339 0.7597 700.0000
1335 1340 0.4995 700.0000
1335 1341 0.5911 700.0000
1335 1342 0.5785 700.0000
1335 1343 0.6601 700.0000
1335 1344 0.8236 700.0000
1336 1338 0.4752 700.0000
1336 1339 0.4284 700.0000
1336 1340 0.5342 700.0000
1336 1341 0.4837 700.0000
1336 1342 0.7668 700.0000
1336 1343 0.6607 700.0000
1337 1339 0.6453 700.0000
1337 1340 0.6161 700.0000
1337 1341 0.8190 700.0000
1338 1340 0.6851 700.0000
1338 1341 0.8207 700.0000
1339 1341 0.4522 700.0000
1339 1342 0.8691 700.0000
1339 1343 0.8949 700.0000
1340 1342 0.7684 700.0000
1341 1343 0.5338 700.0000
1342 1344 0.5130 700.0000
1344 1346 0.6979 700.0000
1344 1347 0.7050 700.0000
1345 1347 0.5654 700.0000
1348 1350 0.6029 700.0000
1348 1351 0.8725 700.0000
1348 1387 0.6946 700.0000
1348 1420 0.8856 700.0000
1348 1423 0.6858 700.0000
1348 1424 0.4182 700.0000
1348 1425 0.5402 700.0000
1348 1428 0.8102 700.0000
1348 1444 0.8452 700.0000
1349 1351 0.6660 700.0000
1349 1385 0.7836 700.0000
1349 1387 0.5297 700.0000
1349 1388 0.5283 700.0000
1349 1389 0.8945 700.0000
1349 1424 0.6214 700.0000
1349 1425 0.7845 700.0000
1349 1427 0.8556 700.0000
1349 1428 0.5100 700.0000
1349 1429 0.6040 700.0000
1349 1444 0.8134 700.0000
1350 1352 0.6733 700.0000
1350 1353 0.7330 700.0000
1350 1379 0.7253 700.0000
1350 1420 0.8240 700.0000
1350 1421 0.5980 700.0000
1350 1422 0.8803 700.0000
1350 1423 0.8836 700.0000
1350 1424 0.3528 700.0000
1350 1425 0.6559 700.0000
1350 1426 0.6331 700.0000
1350 1427 0.5214 700.0000
1350 1428 0.6689 700.0000
1350 1429 0.8638 700.0000
1350 1441 0.8776 700.0000
1350 1444 0.8522 700.0000
1351 1353 0.6506 700.0000
1351 1379 0.5539 700.0000
1351 1380 0.6857 700.0000
1351 1381 0.7974 700.0000
1351 1382 0.8235 700.0000
1351 1388 0.8736 700.0000
1351 1395 0.7061 700.0000
1351 1398 0.8828 700.0000
1351 1421 0.8654 700.0000
1351 1424 0.6561 700.0000
1351 1427 0.6363 700.0000
1351 1428 0.7045 700.0000
1351 1429 0.7231 700.0000
1351 1441 0.6810 700.0000
1352 1354 0.8338 700.0000
1352 1379 0.7012 700.0000
1352 1380 0.5327 700.0000
1352 1381 0.8057 700.0000
1352 1382 0.8903 700.0000
1352 1424 0.7776 700.0000
1353 1355 0.8006 700.0000
1353 1377 0.8563 700.0000
1353 1378 0.5784 700.0000
1353 1379 0.4948 700.0000
1353 1380 0.5332 700.0000
1353 1421 0.6992 700.0000
1353 1424 0.8936 700.0000
1354 1356 0.6161 700.0000
1354 1376 0.7065 700.0000
1354 1377 0.6431 700.0000
1354 1378 0.3937 700.0000
1354 1379 0.5872 700.0000
1354 1380 0.7656 700.0000
1354 1421 0.7221 700.0000
1355 1357 0.7562 700.0000
1355 1375 0.6559 700.0000
1355 1376 0.6570 700.0000
1355 1377 0.5081 700.0000
1355 1378 0.8022 700.0000
1355 1414 0.8269 700.0000
1355 1417 0.7519 700.0000
1355 1418 0.4513 700.0000
1355 1420 0.8944 700.0000
1355 1421 0.5222 700.0000
1355 1422 0.8422 700.0000
1355 1426 0.8695 700.0000
1356 1358 0.7043 700.0000
1356 1374 0.7857 700.0000
1356 1375 0.6150 700.0000
1356 1376 0.4351 700.0000
1356 1377 0.6822 700.0000
1356 1378 0.7764 700.0000
1356 1418 0.7795 700.0000
1357 1359 0.6809 700.0000
1357 1373 0.6670 700.0000
1357 1374 0.6517 700.0000
1357 1375 0.6540 700.0000
1357 1376 0.7995 700.0000
1357 1414 0.7176 700.0000
1357 1418 0.7762 700.0000
1358 1360 0.6793 700.0000
1358 1372 0.7783 700.0000
1358 1373 0.6316 700.0000
1358 1374 0.4111 700.0000
1358 1375 0.7108 700.0000
1358 1376 0.7719 700.0000
1359 1361 0.8184 700.0000
1359 1362 0.8663 700.0000
1359 1371 0.6976 700.0000
1359 1372 0.5817 700.0000
1359 1373 0.5710 700.0000
1359 1374 0.6403 700.0000
1359 1406 0.6755 700.0000
1360 1362 0.4488 700.0000
1360 1363 0.7766 700.0000
1360 1371 0.5559 700.0000
1360 1372 0.3988 700.0000
1360 1373 0.7002 700.0000
1360 1374 0.6974 700.0000
1360 1406 0.7897 700.0000
1360 1452 0.8531 700.0000
1361 1363 0.8896 700.0000
1361 1371 0.7557 700.0000
1361 1372 0.8878 700.0000
1362 1364 0.7479 700.0000
1362 1371 0.6484 700.0000
1362 1372 0.5618 700.0000
1362 1452 0.7018 700.0000
1363 1365 0.6291 700.0000
1363 1366 0.7920 700.0000
1363 1367 0.7673 700.0000
1363 1368 0.5517 700.0000
1363 1369 0.7604 700.0000
1363 1370 0.7493 700.0000
1363 1371 0.5619 700.0000
1363 1372 0.6380 700.0000
1363 1405 0.8750 700.0000
1363 1452 0.7642 700.0000
1363 1453 0.8809 700.0000
1364 1366 0.6182 700.0000
1364 1367 0.5330 700.0000
1364 1368 0.6714 700.0000
1364 1370 0.8041 700.0000
1364 1371 0.6491 700.0000
1364 1372 0.5986 700.0000
1364 1403 0.8005 700.0000
1364 1404 0.7940 700.0000
1364 1405 0.6179 700.0000
1364 1452 0.6202 700.0000
1364 1453 0.7207 700.0000
1364 1460 0.8745 700.0000
1364 1461 0.5208 700.0000
1364 1462 0.7965 700.0000
1365 1367 0.6097 700.0000
1365 1368 0.6172 700.0000
1365 1452 0.8323 700.0000
1365 1453 0.6516 700.0000
1365 1454 0.8537 700.0000
1365 1455 0.8446 700.0000
1365 1460 0.8010 700.0000
1365 1461 0.5232 700.0000
1365 1462 0.4845 700.0000
1365 1463 0.8652 700.0000
1366 1368 0.4673 700.0000
1366 1369 0.8149 700.0000
1366 1370 0.8186 700.0000
1366 1405 0.8652 700.0000
1366 1461 0.7551 700.0000
1366 1462 0.6627 700.0000
1366 1463 0.8714 700.0000
1366 1464 0.7280 700.0000
1367 1369 0.7497 700.0000
1367 1370 0.6037 700.0000
1367 1371 0.7842 700.0000
1367 1404 0.8733 700.0000
1367 1405 0.5358 700.0000
1367 1407 0.6914 700.0000
1367 1409 0.8966 700.0000
1367 1461 0.7069 700.0000
1367 1462 0.8347 700.0000
1367 1463 0.8787 700.0000
1367 1464 0.7671 700.0000
1367 1467 0.8660 700.0000
1368 1370 0.6788 700.0000
1368 1371 0.8583 700.0000
1369 1371 0.7202 700.0000
1369 1407 0.8909 700.0000
1370 1372 0.8419 700.0000
1370 1405 0.6622 700.0000
1370 1406 0.5791 700.0000
1370 1407 0.5537 700.0000
1371 1373 0.6712 700.0000
1371 1404 0.8347 700.0000
1371 1405 0.5907 700.0000
1371 1406 0.4285 700.0000
1371 1407 0.7382 700.0000
1372 1374 0.6104 700.0000
1372 1403 0.6865 700.0000
1372 1404 0.6546 700.0000
1372 1405 0.6125 700.0000
1372 1406 0.6175 700.0000
1372 1452 0.6701 700.0000
1373 1375 0.6385 700.0000
1373 1402 0.7401 700.0000
1373 1403 0.7023 700.0000
1373 1404 0.4169 700.0000
1373 1405 0.5725 700.0000
1373 1406 0.5643 700.0000
1373 1407 0.8529 700.0000
1373 1410 0.7004 700.0000
1373 1411 0.7524 700.0000
1373 1414 0.7001 700.0000
1374 1376 0.6513 700.0000
1374 1401 0.6777 700.0000
1374 1402 0.5570 700.0000
1374 1403 0.5520 700.0000
1374 1404 0.7318 700.0000
1374 1452 0.8193 700.0000
1375 1377 0.5521 700.0000
1375 1401 0.5854 700.0000
1375 1402 0.3808 700.0000
1375 1403 0.6572 700.0000
1375 1404 0.7094 700.0000
1375 1414 0.7346 700.0000
1375 1417 0.8301 700.0000
1375 1418 0.8540 700.0000
1375 1448 0.8009 700.0000
1376 1378 0.6312 700.0000
1376 1399 0.6677 700.0000
1376 1400 0.8284 700.0000
1376 1401 0.5481 700.0000
1376 1402 0.6784 700.0000
1377 1379 0.6718 700.0000
1377 1398 0.8472 700.0000
1377 1399 0.7668 700.0000
1377 1400 0.6752 700.0000
1377 1401 0.6775 700.0000
1377 1402 0.6915 700.0000
1377 1417 0.8553 700.0000
1377 1418 0.8770 700.0000
1377 1421 0.7184 700.0000
1377 1426 0.7128 700.0000
1377 1427 0.6908 700.0000
1377 1443 0.8292 700.0000
1377 1448 0.7869 700.0000
1378 1380 0.6614 700.0000
1378 1397 0.8464 700.0000
1378 1398 0.6602 700.0000
1378 1399 0.5407 700.0000
1378 1400 0.8175 700.0000
1379 1381 0.7726 700.0000
1379 1397 0.6653 700.0000
1379 1398 0.4933 700.0000
1379 1399 0.7521 700.0000
1379 1400 0.8000 700.0000
1379 1421 0.8554 700.0000
1379 1427 0.6425 700.0000
1379 1441 0.6878 700.0000
1380 1382 0.7502 700.0000
1380 1395 0.8229 700.0000
1380 1397 0.6872 700.0000
1380 1398 0.8016 700.0000
1381 1383 0.7627 700.0000
1381 1394 0.7276 700.0000
1381 1395 0.4969 700.0000
1381 1396 0.5644 700.0000
1381 1397 0.5229 700.0000
1381 1398 0.8251 700.0000
1381 1441 0.8697 700.0000
1382 1384 0.6987 700.0000
1382 1392 0.8424 700.0000
1382 1393 0.8750 700.0000
1382 1394 0.4861 700.0000
1382 1395 0.3192 700.0000
1382 1396 0.6481 700.0000
1382 1397 0.7869 700.0000
1383 1385 0.6652 700.0000
1383 1388 0.8451 700.0000
1383 1391 0.8160 700.0000
1383 1392 0.5133 700.0000
1383 1393 0.7309 700.0000
1383 1394 0.5364 700.0000
1383 1395 0.5704 700.0000
1384 1386 0.8785 700.0000
1384 1387 0.8818 700.0000
1384 1388 0.4466 700.0000
1384 1389 0.6113 700.0000
1384 1390 0.5039 700.0000
1384 1391 0.4875 700.0000
1384 1392 0.4942 700.0000
1384 1393 0.5131 700.0000
1384 1394 0.8011 700.0000
1384 1395 0.5932 700.0000
1384 1429 0.6301 700.0000
1384 1430 0.8322 700.0000
1384 1439 0.6632 700.0000
1385 1387 0.5066 700.0000
1385 1388 0.4088 700.0000
1385 1389 0.8148 700.0000
1385 1390 0.8639 700.0000
1385 1391 0.5937 700.0000
1385 1392 0.7241 700.0000
1385 1429 0.8754 700.0000
1386 1388 0.7257 700.0000
1386 1391 0.6337 700.0000
1387 1389 0.8716 700.0000
1388 1390 0.6930 700.0000
1388 1391 0.6522 700.0000
1388 1392 0.8726 700.0000
1388 1395 0.8303 700.0000
1388 1428 0.7586 700.0000
1388 1429 0.5259 700.0000
1388 1430 0.8263 700.0000
1389 1391 0.6152 700.0000
1389 1393 0.8298 700.0000
1389 1429 0.6575 700.0000
1389 1430 0.6707 700.0000
1389 1439 0.7675 700.0000
1390 1392 0.6695 700.0000
1390 1393 0.4838 700.0000
1390 1429 0.8166 700.0000
1390 1430 0.7846 700.0000
1390 1438 0.8130 700.0000
1390 1439 0.5948 700.0000
1391 1393 0.6353 700.0000
1392 1394 0.7143 700.0000
1392 1395 0.8938 700.0000
1393 1395 0.7954 700.0000
1393 1438 0.8441 700.0000
1393 1439 0.5155 700.0000
1394 1396 0.7358 700.0000
1394 1439 0.8816 700.0000
1395 1397 0.6792 700.0000
1395 1429 0.6503 700.0000
1395 1430 0.8753 700.0000
1395 1439 0.7195 700.0000
1395 1440 0.6813 700.0000
1395 1441 0.6357 700.0000
1396 1398 0.6668 700.0000
1396 1439 0.8026 700.0000
1396 1440 0.6080 700.0000
1396 1441 0.6184 700.0000
1397 1399 0.8036 700.0000
1397 1400 0.8926 700.0000
1397 1440 0.8254 700.0000
1397 1441 0.6345 700.0000
1398 1400 0.5138 700.0000
1398 1427 0.7993 700.0000
1398 1440 0.8599 700.0000
1398 1441 0.5354 700.0000
1398 1442 0.8793 700.0000
1399 1401 0.6761 700.0000
1400 1402 0.8363 700.0000
1400 1427 0.8432 700.0000
1400 1441 0.8407 700.0000
1400 1443 0.7074 700.0000
1400 1450 0.7441 700.0000
1401 1403 0.5674 700.0000
1401 1448 0.8599 700.0000
1401 1450 0.5769 700.0000
1401 1451 0.8329 700.0000
1402 1404 0.6574 700.0000
1402 1448 0.6167 700.0000
1402 1449 0.6836 700.0000
1402 1450 0.5748 700.0000
1402 1451 0.7809 700.0000
1402 1452 0.8418 700.0000
1403 1405 0.8849 700.0000
1403 1448 0.8692 700.0000
1403 1449 0.6405 700.0000
1403 1450 0.5907 700.0000
1403 1451 0.5550 700.0000
1403 1452 0.4794 700.0000
1403 1453 0.8629 700.0000
1403 1460 0.8267 700.0000
1403 1461 0.7457 700.0000
1404 1406 0.7488 700.0000
1404 1407 0.7799 700.0000
1404 1409 0.8963 700.0000
1404 1410 0.5370 700.0000
1404 1411 0.8653 700.0000
1404 1413 0.6979 700.0000
1404 1414 0.6930 700.0000
1404 1448 0.8789 700.0000
1404 1449 0.7601 700.0000
1404 1461 0.7879 700.0000
1404 1466 0.7836 700.0000
1404 1467 0.7748 700.0000
1405 1407 0.4664 700.0000
1405 1409 0.7383 700.0000
1405 1410 0.5081 700.0000
1405 1411 0.7791 700.0000
1405 1413 0.8636 700.0000
1405 1461 0.7781 700.0000
1405 1467 0.7538 700.0000
1406 1408 0.8871 700.0000
1406 1410 0.6717 700.0000
1406 1411 0.4972 700.0000
1407 1409 0.5400 700.0000
1407 1410 0.4741 700.0000
1407 1411 0.5635 700.0000
1407 1467 0.8566 700.0000
1408 1410 0.7075 700.0000
1408 1411 0.6061 700.0000
1408 1412 0.6860 700.0000
1409 1411 0.8329 700.0000
1409 1412 0.5971 700.0000
1409 1413 0.6625 700.0000
1409 1467 0.5039 700.0000
1409 1468 0.8818 700.0000
1409 1471 0.7421 700.0000
1410 1412 0.6030 700.0000
1410 1413 0.4491 700.0000
1410 1414 0.5952 700.0000
1410 1415 0.8959 700.0000
1410 1467 0.6618 700.0000
1411 1413 0.8394 700.0000
1411 1414 0.7090 700.0000
1412 1414 0.7717 700.0000
1412 1415 0.6111 700.0000
1412 1416 0.6089 700.0000
1412 1467 0.8864 700.0000
1412 1471 0.7142 700.0000
1413 1415 0.6825 700.0000
1413 1416 0.5069 700.0000
1413 1417 0.5752 700.0000
1413 1466 0.8484 700.0000
1413 1467 0.6527 700.0000
1413 1470 0.6503 700.0000
1413 1471 0.6391 700.0000
1413 1474 0.7947 700.0000
1414 1416 0.6681 700.0000
1414 1417 0.5285 700.0000
1414 1418 0.5713 700.0000
1415 1417 0.7148 700.0000
1415 1418 0.6578 700.0000
1415 1419 0.6732 700.0000
1416 1418 0.7971 700.0000
1416 1419 0.5673 700.0000
1416 1420 0.7068 700.0000
1416 1470 0.8301 700.0000
1416 1471 0.7502 700.0000
1416 1474 0.5727 700.0000
1417 1419 0.8101 700.0000
1417 1420 0.5583 700.0000
1417 1421 0.7508 700.0000
1417 1426 0.6731 700.0000
1417 1446 0.7484 700.0000
1417 1448 0.7713 700.0000
1417 1470 0.8134 700.0000
1417 1474 0.7052 700.0000
1418 1420 0.7389 700.0000
1418 1421 0.6234 700.0000
1418 1422 0.6881 700.0000
1419 1422 0.6809 700.0000
1419 1423 0.5790 700.0000
1419 1474 0.8314 700.0000
1420 1422 0.5607 700.0000
1420 1423 0.4532 700.0000
1420 1424 0.7462 700.0000
1420 1425 0.4634 700.0000
1420 1426 0.5553 700.0000
1420 1446 0.8221 700.0000
1420 1474 0.7387 700.0000
1420 1477 0.7702 700.0000
1421 1423 0.7653 700.0000
1421 1424 0.6361 700.0000
1421 1425 0.7557 700.0000
1421 1426 0.5908 700.0000
1421 1427 0.7421 700.0000
1422 1424 0.6947 700.0000
1422 1425 0.8636 700.0000
1423 1425 0.5360 700.0000
1423 1426 0.8977 700.0000
1423 1477 0.8115 700.0000
1424 1426 0.8030 700.0000
1424 1427 0.8327 700.0000
1425 1427 0.7560 700.0000
1425 1428 0.8365 700.0000
1425 1444 0.5589 700.0000
1425 1445 0.8543 700.0000
1425 1446 0.7432 700.0000
1425 1474 0.8447 700.0000
1425 1477 0.5656 700.0000
1426 1428 0.8045 700.0000
1426 1442 0.8838 700.0000
1426 1443 0.6333 700.0000
1426 1444 0.5879 700.0000
1426 1445 0.8668 700.0000
1426 1446 0.5535 700.0000
1426 1448 0.7417 700.0000
1427 1429 0.8477 700.0000
1427 1441 0.6261 700.0000
1427 1442 0.5895 700.0000
1427 1443 0.5212 700.0000
1427 1444 0.6507 700.0000
1427 1446 0.8255 700.0000
1427 1448 0.8900 700.0000
1428 1430 0.6178 700.0000
1428 1440 0.7892 700.0000
1428 1441 0.6119 700.0000
1428 1442 0.4355 700.0000
1428 1443 0.8001 700.0000
1428 1444 0.5495 700.0000
1429 1438 0.8689 700.0000
1429 1439 0.6869 700.0000
1429 1440 0.5772 700.0000
1429 1441 0.5643 700.0000
1429 1442 0.5945 700.0000
1430 1432 0.6448 700.0000
1430 1437 0.7348 700.0000
1430 1438 0.5232 700.0000
1430 1439 0.5248 700.0000
1430 1440 0.4334 700.0000
1430 1441 0.6812 700.0000
1430 1442 0.5696 700.0000
1431 1433 0.5644 700.0000
1431 1434 0.8305 700.0000
1431 1435 0.7904 700.0000
1431 1436 0.5358 700.0000
1431 1437 0.5507 700.0000
1431 1438 0.5326 700.0000
1431 1439 0.8486 700.0000
1431 1440 0.7711 700.0000
1431 1442 0.8544 700.0000
1432 1434 0.5047 700.0000
1432 1435 0.4676 700.0000
1432 1436 0.4975 700.0000
1432 1437 0.4807 700.0000
1432 1438 0.6694 700.0000
1432 1440 0.6243 700.0000
1432 1441 0.8713 700.0000
1432 1442 0.6518 700.0000
1433 1436 0.8063 700.0000
1434 1436 0.6660 700.0000
1434 1437 0.8108 700.0000
1435 1437 0.4945 700.0000
1435 1438 0.8685 700.0000
1435 1440 0.8046 700.0000
1436 1438 0.6464 700.0000
1436 1440 0.8880 700.0000
1437 1439 0.6930 700.0000
1437 1440 0.5962 700.0000
1438 1440 0.5535 700.0000
1439 1441 0.8671 700.0000
1440 1442 0.5894 700.0000
1441 1443 0.7938 700.0000
1442 1444 0.6872 700.0000
1443 1445 0.8091 700.0000
1443 1446 0.6625 700.0000
1443 1447 0.7115 700.0000
1443 1448 0.5797 700.0000
1443 1450 0.8959 700.0000
1444 1446 0.5730 700.0000
1444 1447 0.8919 700.0000
1444 1477 0.7308 700.0000
1445 1447 0.6619 700.0000
1445 1473 0.6457 700.0000
1445 1476 0.8838 700.0000
1445 1477 0.7358 700.0000
1446 1448 0.5788 700.0000
1446 1470 0.6528 700.0000
1446 1473 0.5075 700.0000
1446 1474 0.6335 700.0000
1446 1477 0.7387 700.0000
1447 1449 0.7809 700.0000
1447 1459 0.7822 700.0000
1447 1466 0.7366 700.0000
1447 1469 0.7305 700.0000
1447 1470 0.6900 700.0000
1447 1473 0.5934 700.0000
1448 1450 0.6866 700.0000
1448 1459 0.8554 700.0000
1448 1466 0.7672 700.0000
1448 1470 0.7846 700.0000
1449 1451 0.5668 700.0000
1449 1455 0.7583 700.0000
1449 1456 0.7739 700.0000
1449 1459 0.5980 700.0000
1449 1460 0.4478 700.0000
1449 1461 0.5362 700.0000
1449 1463 0.7411 700.0000
1449 1466 0.5565 700.0000
1450 1452 0.8639 700.0000
1450 1458 0.8539 700.0000
1450 1459 0.5847 700.0000
1450 1460 0.7133 700.0000
1451 1453 0.5606 700.0000
1451 1454 0.6840 700.0000
1451 1455 0.6985 700.0000
1451 1458 0.6767 700.0000
1451 1459 0.7016 700.0000
1451 1460 0.4633 700.0000
1451 1461 0.6468 700.0000
1452 1460 0.8485 700.0000
1452 1461 0.7418 700.0000
1453 1455 0.7492 700.0000
1453 1458 0.8814 700.0000
1453 1460 0.6857 700.0000
1453 1461 0.6939 700.0000
1453 1462 0.8086 700.0000
1454 1456 0.6195 700.0000
1454 1457 0.6697 700.0000
1454 1458 0.4758 700.0000
1454 1459 0.8707 700.0000
1454 1460 0.5035 700.0000
1454 1461 0.7565 700.0000
1454 1462 0.6287 700.0000
1455 1457 0.5769 700.0000
1455 1458 0.5370 700.0000
1455 1459 0.7240 700.0000
1455 1460 0.3313 700.0000
1455 1461 0.6184 700.0000
1455 1462 0.5055 700.0000
1455 1463 0.6693 700.0000
1456 1458 0.6742 700.0000
1456 1459 0.6500 700.0000
1456 1460 0.4999 700.0000
1456 1461 0.7801 700.0000
1456 1462 0.6709 700.0000
1456 1463 0.5724 700.0000
1457 1459 0.7304 700.0000
1457 1460 0.8099 700.0000
1458 1460 0.6333 700.0000
1460 1462 0.5985 700.0000
1460 1463 0.6326 700.0000
1460 1466 0.8122 700.0000
1461 1463 0.5667 700.0000
1461 1464 0.8221 700.0000
1461 1466 0.7261 700.0000
1462 1464 0.6752 700.0000
1463 1465 0.4780 700.0000
1463 1466 0.5661 700.0000
1463 1467 0.7782 700.0000
1463 1469 0.7215 700.0000
1464 1466 0.7918 700.0000
1464 1467 0.7689 700.0000
1464 1468 0.8961 700.0000
1464 1469 0.8670 700.0000
1465 1467 0.6385 700.0000
1465 1468 0.5636 700.0000
1465 1469 0.4634 700.0000
1465 1470 0.8846 700.0000
1466 1468 0.8131 700.0000
1466 1469 0.5161 700.0000
1466 1470 0.5293 700.0000
1466 1471 0.8351 700.0000
1466 1473 0.8731 700.0000
1467 1469 0.7133 700.0000
1467 1470 0.5908 700.0000
1467 1471 0.6050 700.0000
1468 1470 0.7283 700.0000
1468 1471 0.5592 700.0000
1468 1472 0.5427 700.0000
1469 1471 0.8159 700.0000
1469 1472 0.6681 700.0000
1469 1473 0.6877 700.0000
1470 1472 0.6392 700.0000
1470 1473 0.4615 700.0000
1470 1474 0.5675 700.0000
1471 1473 0.7488 700.0000
1471 1474 0.6290 700.0000
1471 1475 0.7391 700.0000
1472 1474 0.7499 700.0000
1472 1475 0.6234 700.0000
1472 1476 0.7713 700.0000
1473 1475 0.8271 700.0000
1473 1476 0.6736 700.0000
1473 1477 0.7328 700.0000
1474 1476 0.6254 700.0000
1474 1477 0.5637 700.0000
1475 1477 0.7847 700.0000
