parp9 1 60 | parp9 1 519 | 0.801 350.0
parp9 1 60 | parp9 1 520 | 0.565 350.0
parp9 1 60 | parp9 1 521 | 0.536 350.0
parp9 1 60 | parp9 1 522 | 0.598 350.0
parp9 1 60 | parp9 1 523 | 0.719 350.0
parp9 1 60 | parp9 1 524 | 0.709 350.0
parp9 1 60 | parp9 1 527 | 0.744 350.0
parp9 1 61 | parp9 1 518 | 0.697 350.0
parp9 1 61 | parp9 1 519 | 0.563 350.0
parp9 1 61 | parp9 1 520 | 0.449 350.0
parp9 1 61 | parp9 1 521 | 0.671 350.0
parp9 1 61 | parp9 1 522 | 0.889 350.0
parp9 1 61 | parp9 1 527 | 0.844 350.0
parp9 1 62 | parp9 1 517 | 0.810 350.0
parp9 1 62 | parp9 1 518 | 0.583 350.0
parp9 1 62 | parp9 1 519 | 0.507 350.0
parp9 1 62 | parp9 1 520 | 0.646 350.0
parp9 1 62 | parp9 1 521 | 0.877 350.0
parp9 1 62 | parp9 1 527 | 0.795 350.0
parp9 1 62 | parp9 1 531 | 0.886 350.0
parp9 1 63 | parp9 1 516 | 0.614 350.0
parp9 1 63 | parp9 1 517 | 0.569 350.0
parp9 1 63 | parp9 1 518 | 0.453 350.0
parp9 1 63 | parp9 1 519 | 0.615 350.0
parp9 1 63 | parp9 1 520 | 0.882 350.0
parp9 1 64 | parp9 1 516 | 0.539 350.0
parp9 1 64 | parp9 1 517 | 0.502 350.0
parp9 1 64 | parp9 1 518 | 0.634 350.0
parp9 1 64 | parp9 1 519 | 0.744 350.0
parp9 1 64 | parp9 1 531 | 0.787 350.0
parp9 1 64 | parp9 1 534 | 0.886 350.0
parp9 1 65 | parp9 1 516 | 0.447 350.0
parp9 1 65 | parp9 1 517 | 0.655 350.0
parp9 1 65 | parp9 1 518 | 0.875 350.0
parp9 1 66 | parp9 1 516 | 0.522 350.0
parp9 1 66 | parp9 1 517 | 0.707 350.0
parp9 1 66 | parp9 1 538 | 0.840 350.0
parp9 1 67 | parp9 1 516 | 0.804 350.0
parp9 1 70 | parp9 1 538 | 0.715 350.0
parp9 1 71 | parp9 1 516 | 0.745 350.0
parp9 1 71 | parp9 1 517 | 0.846 350.0
parp9 1 85 | parp9 1 519 | 0.891 350.0
parp9 1 85 | parp9 1 530 | 0.642 350.0
parp9 1 85 | parp9 1 533 | 0.886 350.0
parp9 1 85 | parp9 1 534 | 0.884 350.0
parp9 1 88 | parp9 1 530 | 0.814 350.0
parp9 1 89 | parp9 1 521 | 0.861 350.0
parp9 1 89 | parp9 1 525 | 0.881 350.0
parp9 1 89 | parp9 1 526 | 0.532 350.0
parp9 1 89 | parp9 1 527 | 0.758 350.0
parp9 1 89 | parp9 1 529 | 0.684 350.0
parp9 1 89 | parp9 1 530 | 0.582 350.0
parp9 1 90 | parp9 1 520 | 0.898 350.0
parp9 1 90 | parp9 1 521 | 0.677 350.0
parp9 1 90 | parp9 1 522 | 0.826 350.0
parp9 1 90 | parp9 1 523 | 0.890 350.0
parp9 1 90 | parp9 1 526 | 0.652 350.0
parp9 1 90 | parp9 1 527 | 0.858 350.0
parp9 1 90 | parp9 1 530 | 0.855 350.0
parp9 1 91 | parp9 1 519 | 0.660 350.0
parp9 1 91 | parp9 1 520 | 0.555 350.0
parp9 1 91 | parp9 1 521 | 0.466 350.0
parp9 1 91 | parp9 1 522 | 0.775 350.0
parp9 1 91 | parp9 1 523 | 0.889 350.0
parp9 1 91 | parp9 1 526 | 0.660 350.0
parp9 1 91 | parp9 1 527 | 0.674 350.0
parp9 1 91 | parp9 1 530 | 0.708 350.0
parp9 1 92 | parp9 1 518 | 0.820 350.0
parp9 1 92 | parp9 1 519 | 0.588 350.0
parp9 1 92 | parp9 1 520 | 0.509 350.0
parp9 1 92 | parp9 1 521 | 0.642 350.0
parp9 1 93 | parp9 1 517 | 0.655 350.0
parp9 1 93 | parp9 1 518 | 0.555 350.0
parp9 1 93 | parp9 1 519 | 0.458 350.0
parp9 1 93 | parp9 1 520 | 0.627 350.0
parp9 1 93 | parp9 1 521 | 0.886 350.0
parp9 1 94 | parp9 1 516 | 0.841 350.0
parp9 1 94 | parp9 1 517 | 0.578 350.0
parp9 1 94 | parp9 1 518 | 0.509 350.0
parp9 1 94 | parp9 1 519 | 0.667 350.0
parp9 1 94 | parp9 1 520 | 0.858 350.0
parp9 1 95 | parp9 1 516 | 0.609 350.0
parp9 1 95 | parp9 1 517 | 0.480 350.0
parp9 1 95 | parp9 1 518 | 0.624 350.0
parp9 1 95 | parp9 1 519 | 0.891 350.0
parp9 1 96 | parp9 1 516 | 0.503 350.0
parp9 1 96 | parp9 1 517 | 0.596 350.0
parp9 1 96 | parp9 1 518 | 0.668 350.0
