parp9 1 60 | parp9 1 519 | 0.823 350.0
parp9 1 60 | parp9 1 520 | 0.567 350.0
parp9 1 60 | parp9 1 521 | 0.549 350.0
parp9 1 60 | parp9 1 522 | 0.618 350.0
parp9 1 60 | parp9 1 523 | 0.723 350.0
parp9 1 60 | parp9 1 524 | 0.688 350.0
parp9 1 60 | parp9 1 527 | 0.764 350.0
parp9 1 61 | parp9 1 518 | 0.692 350.0
parp9 1 61 | parp9 1 519 | 0.569 350.0
parp9 1 61 | parp9 1 520 | 0.444 350.0
parp9 1 61 | parp9 1 521 | 0.675 350.0
parp9 1 61 | parp9 1 527 | 0.841 350.0
parp9 1 62 | parp9 1 517 | 0.812 350.0
parp9 1 62 | parp9 1 518 | 0.579 350.0
parp9 1 62 | parp9 1 519 | 0.514 350.0
parp9 1 62 | parp9 1 520 | 0.643 350.0
parp9 1 62 | parp9 1 521 | 0.899 350.0
parp9 1 62 | parp9 1 527 | 0.820 350.0
parp9 1 62 | parp9 1 531 | 0.875 350.0
parp9 1 63 | parp9 1 516 | 0.623 350.0
parp9 1 63 | parp9 1 517 | 0.576 350.0
parp9 1 63 | parp9 1 518 | 0.459 350.0
parp9 1 63 | parp9 1 519 | 0.625 350.0
parp9 1 63 | parp9 1 520 | 0.886 350.0
parp9 1 64 | parp9 1 516 | 0.527 350.0
parp9 1 64 | parp9 1 517 | 0.498 350.0
parp9 1 64 | parp9 1 518 | 0.629 350.0
parp9 1 64 | parp9 1 519 | 0.735 350.0
parp9 1 64 | parp9 1 531 | 0.790 350.0
parp9 1 64 | parp9 1 534 | 0.888 350.0
parp9 1 64 | parp9 1 535 | 0.899 350.0
parp9 1 65 | parp9 1 516 | 0.418 350.0
parp9 1 65 | parp9 1 517 | 0.645 350.0
parp9 1 65 | parp9 1 518 | 0.869 350.0
parp9 1 66 | parp9 1 516 | 0.502 350.0
parp9 1 66 | parp9 1 517 | 0.707 350.0
parp9 1 66 | parp9 1 538 | 0.835 350.0
parp9 1 67 | parp9 1 516 | 0.785 350.0
parp9 1 70 | parp9 1 538 | 0.700 350.0
parp9 1 71 | parp9 1 516 | 0.749 350.0
parp9 1 71 | parp9 1 517 | 0.849 350.0
parp9 1 85 | parp9 1 530 | 0.648 350.0
parp9 1 85 | parp9 1 533 | 0.900 350.0
parp9 1 85 | parp9 1 534 | 0.889 350.0
parp9 1 88 | parp9 1 526 | 0.895 350.0
parp9 1 88 | parp9 1 530 | 0.803 350.0
parp9 1 89 | parp9 1 521 | 0.853 350.0
parp9 1 89 | parp9 1 526 | 0.533 350.0
parp9 1 89 | parp9 1 527 | 0.734 350.0
parp9 1 89 | parp9 1 529 | 0.713 350.0
parp9 1 89 | parp9 1 530 | 0.597 350.0
parp9 1 90 | parp9 1 521 | 0.679 350.0
parp9 1 90 | parp9 1 522 | 0.809 350.0
parp9 1 90 | parp9 1 523 | 0.869 350.0
parp9 1 90 | parp9 1 526 | 0.685 350.0
parp9 1 90 | parp9 1 527 | 0.845 350.0
parp9 1 90 | parp9 1 530 | 0.875 350.0
parp9 1 91 | parp9 1 519 | 0.686 350.0
parp9 1 91 | parp9 1 520 | 0.570 350.0
parp9 1 91 | parp9 1 521 | 0.472 350.0
parp9 1 91 | parp9 1 522 | 0.771 350.0
parp9 1 91 | parp9 1 523 | 0.867 350.0
parp9 1 91 | parp9 1 526 | 0.684 350.0
parp9 1 91 | parp9 1 527 | 0.649 350.0
parp9 1 91 | parp9 1 530 | 0.701 350.0
parp9 1 92 | parp9 1 518 | 0.818 350.0
parp9 1 92 | parp9 1 519 | 0.579 350.0
parp9 1 92 | parp9 1 520 | 0.504 350.0
parp9 1 92 | parp9 1 521 | 0.627 350.0
parp9 1 93 | parp9 1 517 | 0.649 350.0
parp9 1 93 | parp9 1 518 | 0.548 350.0
parp9 1 93 | parp9 1 519 | 0.458 350.0
parp9 1 93 | parp9 1 520 | 0.627 350.0
parp9 1 93 | parp9 1 521 | 0.896 350.0
parp9 1 94 | parp9 1 516 | 0.834 350.0
parp9 1 94 | parp9 1 517 | 0.562 350.0
parp9 1 94 | parp9 1 518 | 0.517 350.0
parp9 1 94 | parp9 1 519 | 0.680 350.0
parp9 1 94 | parp9 1 520 | 0.882 350.0
parp9 1 95 | parp9 1 516 | 0.599 350.0
parp9 1 95 | parp9 1 517 | 0.474 350.0
parp9 1 95 | parp9 1 518 | 0.639 350.0
parp9 1 96 | parp9 1 516 | 0.506 350.0
parp9 1 96 | parp9 1 517 | 0.599 350.0
parp9 1 96 | parp9 1 518 | 0.688 350.0
parp9 2 60 | parp9 2 519 | 0.823 350.0
parp9 2 60 | parp9 2 520 | 0.567 350.0
parp9 2 60 | parp9 2 521 | 0.549 350.0
parp9 2 60 | parp9 2 522 | 0.618 350.0
parp9 2 60 | parp9 2 523 | 0.723 350.0
parp9 2 60 | parp9 2 524 | 0.688 350.0
parp9 2 60 | parp9 2 527 | 0.764 350.0
parp9 2 61 | parp9 2 518 | 0.692 350.0
parp9 2 61 | parp9 2 519 | 0.569 350.0
parp9 2 61 | parp9 2 520 | 0.444 350.0
parp9 2 61 | parp9 2 521 | 0.675 350.0
parp9 2 61 | parp9 2 527 | 0.841 350.0
parp9 2 62 | parp9 2 517 | 0.812 350.0
parp9 2 62 | parp9 2 518 | 0.579 350.0
parp9 2 62 | parp9 2 519 | 0.514 350.0
parp9 2 62 | parp9 2 520 | 0.643 350.0
parp9 2 62 | parp9 2 521 | 0.899 350.0
parp9 2 62 | parp9 2 527 | 0.820 350.0
parp9 2 62 | parp9 2 531 | 0.875 350.0
parp9 2 63 | parp9 2 516 | 0.623 350.0
parp9 2 63 | parp9 2 517 | 0.576 350.0
parp9 2 63 | parp9 2 518 | 0.459 350.0
parp9 2 63 | parp9 2 519 | 0.625 350.0
parp9 2 63 | parp9 2 520 | 0.886 350.0
parp9 2 64 | parp9 2 516 | 0.527 350.0
parp9 2 64 | parp9 2 517 | 0.498 350.0
parp9 2 64 | parp9 2 518 | 0.629 350.0
parp9 2 64 | parp9 2 519 | 0.735 350.0
parp9 2 64 | parp9 2 531 | 0.790 350.0
parp9 2 64 | parp9 2 534 | 0.888 350.0
parp9 2 64 | parp9 2 535 | 0.899 350.0
parp9 2 65 | parp9 2 516 | 0.418 350.0
parp9 2 65 | parp9 2 517 | 0.645 350.0
parp9 2 65 | parp9 2 518 | 0.869 350.0
parp9 2 66 | parp9 2 516 | 0.502 350.0
parp9 2 66 | parp9 2 517 | 0.707 350.0
parp9 2 66 | parp9 2 538 | 0.835 350.0
parp9 2 67 | parp9 2 516 | 0.785 350.0
parp9 2 70 | parp9 2 538 | 0.700 350.0
parp9 2 71 | parp9 2 516 | 0.749 350.0
parp9 2 71 | parp9 2 517 | 0.849 350.0
parp9 2 85 | parp9 2 530 | 0.648 350.0
parp9 2 85 | parp9 2 533 | 0.900 350.0
parp9 2 85 | parp9 2 534 | 0.889 350.0
parp9 2 88 | parp9 2 526 | 0.895 350.0
parp9 2 88 | parp9 2 530 | 0.803 350.0
parp9 2 89 | parp9 2 521 | 0.853 350.0
parp9 2 89 | parp9 2 526 | 0.533 350.0
parp9 2 89 | parp9 2 527 | 0.734 350.0
parp9 2 89 | parp9 2 529 | 0.713 350.0
parp9 2 89 | parp9 2 530 | 0.597 350.0
parp9 2 90 | parp9 2 521 | 0.679 350.0
parp9 2 90 | parp9 2 522 | 0.809 350.0
parp9 2 90 | parp9 2 523 | 0.869 350.0
parp9 2 90 | parp9 2 526 | 0.685 350.0
parp9 2 90 | parp9 2 527 | 0.845 350.0
parp9 2 90 | parp9 2 530 | 0.875 350.0
parp9 2 91 | parp9 2 519 | 0.686 350.0
parp9 2 91 | parp9 2 520 | 0.570 350.0
parp9 2 91 | parp9 2 521 | 0.472 350.0
parp9 2 91 | parp9 2 522 | 0.771 350.0
parp9 2 91 | parp9 2 523 | 0.867 350.0
parp9 2 91 | parp9 2 526 | 0.684 350.0
parp9 2 91 | parp9 2 527 | 0.649 350.0
parp9 2 91 | parp9 2 530 | 0.701 350.0
parp9 2 92 | parp9 2 518 | 0.818 350.0
parp9 2 92 | parp9 2 519 | 0.579 350.0
parp9 2 92 | parp9 2 520 | 0.504 350.0
parp9 2 92 | parp9 2 521 | 0.627 350.0
parp9 2 93 | parp9 2 517 | 0.649 350.0
parp9 2 93 | parp9 2 518 | 0.548 350.0
parp9 2 93 | parp9 2 519 | 0.458 350.0
parp9 2 93 | parp9 2 520 | 0.627 350.0
parp9 2 93 | parp9 2 521 | 0.896 350.0
parp9 2 94 | parp9 2 516 | 0.834 350.0
parp9 2 94 | parp9 2 517 | 0.562 350.0
parp9 2 94 | parp9 2 518 | 0.517 350.0
parp9 2 94 | parp9 2 519 | 0.680 350.0
parp9 2 94 | parp9 2 520 | 0.882 350.0
parp9 2 95 | parp9 2 516 | 0.599 350.0
parp9 2 95 | parp9 2 517 | 0.474 350.0
parp9 2 95 | parp9 2 518 | 0.639 350.0
parp9 2 96 | parp9 2 516 | 0.506 350.0
parp9 2 96 | parp9 2 517 | 0.599 350.0
parp9 2 96 | parp9 2 518 | 0.688 350.0
