parp14 1 739 | parp14 1 1431 | 0.824 350.0
parp14 1 739 | parp14 1 1432 | 0.575 350.0
parp14 1 739 | parp14 1 1433 | 0.542 350.0
parp14 1 739 | parp14 1 1434 | 0.595 350.0
parp14 1 739 | parp14 1 1435 | 0.535 350.0
parp14 1 739 | parp14 1 1436 | 0.566 350.0
parp14 1 739 | parp14 1 1438 | 0.887 350.0
parp14 1 739 | parp14 1 1439 | 0.706 350.0
parp14 1 740 | parp14 1 1430 | 0.695 350.0
parp14 1 740 | parp14 1 1431 | 0.573 350.0
parp14 1 740 | parp14 1 1432 | 0.446 350.0
parp14 1 740 | parp14 1 1433 | 0.660 350.0
parp14 1 740 | parp14 1 1434 | 0.881 350.0
parp14 1 740 | parp14 1 1435 | 0.862 350.0
parp14 1 740 | parp14 1 1436 | 0.789 350.0
parp14 1 740 | parp14 1 1439 | 0.733 350.0
parp14 1 741 | parp14 1 1429 | 0.826 350.0
parp14 1 741 | parp14 1 1430 | 0.581 350.0
parp14 1 741 | parp14 1 1431 | 0.536 350.0
parp14 1 741 | parp14 1 1432 | 0.655 350.0
parp14 1 741 | parp14 1 1433 | 0.878 350.0
parp14 1 741 | parp14 1 1436 | 0.823 350.0
parp14 1 741 | parp14 1 1439 | 0.694 350.0
parp14 1 741 | parp14 1 1440 | 0.809 350.0
parp14 1 741 | parp14 1 1443 | 0.843 350.0
parp14 1 742 | parp14 1 1428 | 0.662 350.0
parp14 1 742 | parp14 1 1429 | 0.559 350.0
parp14 1 742 | parp14 1 1430 | 0.438 350.0
parp14 1 742 | parp14 1 1431 | 0.623 350.0
parp14 1 742 | parp14 1 1432 | 0.875 350.0
parp14 1 742 | parp14 1 1443 | 0.885 350.0
parp14 1 743 | parp14 1 1427 | 0.824 350.0
parp14 1 743 | parp14 1 1428 | 0.555 350.0
parp14 1 743 | parp14 1 1429 | 0.514 350.0
parp14 1 743 | parp14 1 1430 | 0.639 350.0
parp14 1 743 | parp14 1 1431 | 0.788 350.0
parp14 1 743 | parp14 1 1443 | 0.733 350.0
parp14 1 744 | parp14 1 1427 | 0.589 350.0
parp14 1 744 | parp14 1 1428 | 0.448 350.0
parp14 1 744 | parp14 1 1429 | 0.645 350.0
parp14 1 744 | parp14 1 1430 | 0.887 350.0
parp14 1 745 | parp14 1 1427 | 0.532 350.0
parp14 1 745 | parp14 1 1428 | 0.626 350.0
parp14 1 745 | parp14 1 1429 | 0.797 350.0
parp14 1 745 | parp14 1 1447 | 0.817 350.0
parp14 1 746 | parp14 1 1427 | 0.648 350.0
parp14 1 746 | parp14 1 1428 | 0.874 350.0
parp14 1 747 | parp14 1 1427 | 0.790 350.0
parp14 1 747 | parp14 1 1450 | 0.791 350.0
parp14 1 747 | parp14 1 1451 | 0.801 350.0
parp14 1 748 | parp14 1 1427 | 0.857 350.0
parp14 1 749 | parp14 1 1427 | 0.861 350.0
parp14 1 750 | parp14 1 1427 | 0.654 350.0
parp14 1 750 | parp14 1 1450 | 0.624 350.0
parp14 1 750 | parp14 1 1451 | 0.884 350.0
parp14 1 750 | parp14 1 1453 | 0.871 350.0
parp14 1 751 | parp14 1 1427 | 0.534 350.0
parp14 1 751 | parp14 1 1428 | 0.818 350.0
parp14 1 751 | parp14 1 1429 | 0.899 350.0
parp14 1 753 | parp14 1 1450 | 0.764 350.0
parp14 1 753 | parp14 1 1453 | 0.832 350.0
parp14 1 754 | parp14 1 1450 | 0.835 350.0
parp14 1 761 | parp14 1 1446 | 0.829 350.0
parp14 1 765 | parp14 1 1442 | 0.606 350.0
parp14 1 765 | parp14 1 1445 | 0.827 350.0
parp14 1 765 | parp14 1 1446 | 0.824 350.0
parp14 1 766 | parp14 1 1433 | 0.885 350.0
parp14 1 766 | parp14 1 1442 | 0.875 350.0
parp14 1 768 | parp14 1 1442 | 0.796 350.0
parp14 1 769 | parp14 1 1433 | 0.783 350.0
parp14 1 769 | parp14 1 1438 | 0.548 350.0
parp14 1 769 | parp14 1 1439 | 0.743 350.0
parp14 1 769 | parp14 1 1441 | 0.709 350.0
parp14 1 769 | parp14 1 1442 | 0.605 350.0
parp14 1 770 | parp14 1 1432 | 0.890 350.0
parp14 1 770 | parp14 1 1433 | 0.640 350.0
parp14 1 770 | parp14 1 1434 | 0.747 350.0
parp14 1 770 | parp14 1 1438 | 0.726 350.0
parp14 1 770 | parp14 1 1439 | 0.868 350.0
parp14 1 770 | parp14 1 1442 | 0.866 350.0
parp14 1 771 | parp14 1 1431 | 0.662 350.0
parp14 1 771 | parp14 1 1432 | 0.547 350.0
parp14 1 771 | parp14 1 1433 | 0.429 350.0
parp14 1 771 | parp14 1 1434 | 0.721 350.0
parp14 1 771 | parp14 1 1438 | 0.690 350.0
parp14 1 771 | parp14 1 1439 | 0.644 350.0
parp14 1 771 | parp14 1 1442 | 0.685 350.0
parp14 1 772 | parp14 1 1430 | 0.819 350.0
parp14 1 772 | parp14 1 1431 | 0.568 350.0
parp14 1 772 | parp14 1 1432 | 0.510 350.0
parp14 1 772 | parp14 1 1433 | 0.635 350.0
parp14 1 772 | parp14 1 1439 | 0.877 350.0
parp14 1 772 | parp14 1 1442 | 0.881 350.0
parp14 1 773 | parp14 1 1429 | 0.679 350.0
parp14 1 773 | parp14 1 1430 | 0.565 350.0
parp14 1 773 | parp14 1 1431 | 0.449 350.0
parp14 1 773 | parp14 1 1432 | 0.636 350.0
parp14 1 773 | parp14 1 1433 | 0.884 350.0
parp14 1 773 | parp14 1 1442 | 0.858 350.0
parp14 1 774 | parp14 1 1428 | 0.860 350.0
parp14 1 774 | parp14 1 1429 | 0.581 350.0
parp14 1 774 | parp14 1 1430 | 0.520 350.0
parp14 1 774 | parp14 1 1431 | 0.655 350.0
parp14 1 774 | parp14 1 1432 | 0.853 350.0
parp14 1 775 | parp14 1 1427 | 0.731 350.0
parp14 1 775 | parp14 1 1428 | 0.610 350.0
parp14 1 775 | parp14 1 1429 | 0.469 350.0
parp14 1 775 | parp14 1 1430 | 0.632 350.0
parp14 1 775 | parp14 1 1431 | 0.883 350.0
parp14 1 776 | parp14 1 1427 | 0.721 350.0
parp14 1 776 | parp14 1 1428 | 0.521 350.0
parp14 1 776 | parp14 1 1429 | 0.558 350.0
parp14 1 776 | parp14 1 1430 | 0.644 350.0
