i j d[nm] fc
11 13 0.5861 700.0000
11 30 0.8329 700.0000
11 55 0.7107 700.0000
11 56 0.4333 700.0000
11 57 0.7823 700.0000
11 58 0.7068 700.0000
11 64 0.6209 700.0000
11 67 0.8056 700.0000
11 68 0.7909 700.0000
11 86 0.6801 700.0000
11 87 0.7145 700.0000
12 14 0.7902 700.0000
12 46 0.7242 700.0000
12 49 0.7916 700.0000
12 53 0.6673 700.0000
12 54 0.7602 700.0000
12 55 0.6412 700.0000
12 56 0.6738 700.0000
12 86 0.7095 700.0000
12 87 0.4422 700.0000
13 15 0.6688 700.0000
13 26 0.7731 700.0000
13 30 0.8643 700.0000
13 43 0.8986 700.0000
13 46 0.8954 700.0000
13 52 0.7135 700.0000
13 53 0.5787 700.0000
13 54 0.5135 700.0000
13 55 0.8634 700.0000
13 56 0.6665 700.0000
13 84 0.6380 700.0000
13 85 0.7238 700.0000
13 86 0.5935 700.0000
13 87 0.5809 700.0000
14 49 0.7963 700.0000
14 50 0.6512 700.0000
14 51 0.7485 700.0000
14 52 0.5310 700.0000
14 53 0.5204 700.0000
14 54 0.7850 700.0000
14 84 0.8303 700.0000
14 85 0.5696 700.0000
14 86 0.8124 700.0000
14 87 0.6099 700.0000
15 17 0.6024 700.0000
15 18 0.7000 700.0000
15 19 0.8921 700.0000
15 22 0.7159 700.0000
15 26 0.8163 700.0000
15 51 0.8431 700.0000
15 52 0.4610 700.0000
15 53 0.7009 700.0000
15 54 0.6538 700.0000
15 75 0.8013 700.0000
15 82 0.6658 700.0000
15 83 0.6497 700.0000
15 84 0.6134 700.0000
15 85 0.6709 700.0000
16 18 0.7927 700.0000
16 52 0.8293 700.0000
16 77 0.7846 700.0000
16 80 0.8910 700.0000
16 81 0.8833 700.0000
16 82 0.5595 700.0000
16 83 0.6330 700.0000
16 85 0.8926 700.0000
17 19 0.7487 700.0000
17 22 0.6632 700.0000
17 52 0.8039 700.0000
17 75 0.8915 700.0000
17 77 0.5714 700.0000
17 78 0.7619 700.0000
17 80 0.8692 700.0000
17 82 0.6798 700.0000
18 20 0.7345 700.0000
18 22 0.6176 700.0000
18 51 0.6949 700.0000
18 52 0.5728 700.0000
18 53 0.8873 700.0000
18 54 0.8122 700.0000
19 21 0.7197 700.0000
19 22 0.4489 700.0000
19 23 0.6764 700.0000
19 24 0.8593 700.0000
19 45 0.8251 700.0000
19 52 0.7796 700.0000
19 54 0.7744 700.0000
20 22 0.5825 700.0000
20 23 0.5735 700.0000
20 24 0.6048 700.0000
21 24 0.6650 700.0000
21 25 0.6466 700.0000
21 77 0.7374 700.0000
21 78 0.7197 700.0000
22 24 0.7381 700.0000
22 25 0.5174 700.0000
22 26 0.5737 700.0000
22 52 0.8337 700.0000
22 54 0.7253 700.0000
22 75 0.7586 700.0000
22 77 0.6810 700.0000
22 82 0.8999 700.0000
23 25 0.8446 700.0000
23 26 0.6791 700.0000
23 27 0.5638 700.0000
23 42 0.8442 700.0000
23 43 0.4710 700.0000
23 44 0.6282 700.0000
23 45 0.6997 700.0000
23 54 0.7164 700.0000
24 26 0.8696 700.0000
24 27 0.6786 700.0000
24 28 0.8376 700.0000
24 43 0.8960 700.0000
25 27 0.8131 700.0000
25 28 0.6372 700.0000
25 29 0.8197 700.0000
25 75 0.5924 700.0000
25 76 0.6522 700.0000
25 77 0.6526 700.0000
26 28 0.6594 700.0000
26 29 0.6160 700.0000
26 30 0.5619 700.0000
26 31 0.8953 700.0000
26 43 0.6277 700.0000
26 54 0.6780 700.0000
26 56 0.8117 700.0000
26 75 0.6572 700.0000
26 84 0.7656 700.0000
27 29 0.8883 700.0000
27 30 0.7057 700.0000
27 31 0.5623 700.0000
27 41 0.5575 700.0000
27 42 0.6049 700.0000
27 43 0.4544 700.0000
27 44 0.8573 700.0000
27 56 0.8336 700.0000
28 30 0.7011 700.0000
28 31 0.4966 700.0000
28 32 0.6252 700.0000
28 35 0.8572 700.0000
28 41 0.8385 700.0000
29 31 0.7927 700.0000
29 32 0.5697 700.0000
29 33 0.8656 700.0000
29 35 0.4948 700.0000
29 36 0.4624 700.0000
29 37 0.7964 700.0000
29 38 0.8094 700.0000
29 67 0.8701 700.0000
29 73 0.6508 700.0000
29 74 0.7926 700.0000
29 75 0.6461 700.0000
29 84 0.7823 700.0000
30 32 0.6927 700.0000
30 35 0.8042 700.0000
30 36 0.5297 700.0000
30 37 0.7454 700.0000
30 38 0.6461 700.0000
30 39 0.6664 700.0000
30 41 0.6361 700.0000
30 43 0.8016 700.0000
30 56 0.6552 700.0000
30 58 0.7122 700.0000
30 63 0.8649 700.0000
30 67 0.6868 700.0000
30 73 0.7592 700.0000
30 84 0.8472 700.0000
31 33 0.8069 700.0000
31 36 0.8748 700.0000
31 38 0.7220 700.0000
31 39 0.4720 700.0000
31 40 0.6201 700.0000
31 41 0.4703 700.0000
31 42 0.8237 700.0000
31 58 0.8660 700.0000
32 34 0.5707 700.0000
32 35 0.4362 700.0000
32 36 0.5219 700.0000
32 37 0.6244 700.0000
32 38 0.5620 700.0000
32 39 0.6305 700.0000
33 35 0.5850 700.0000
33 36 0.5767 700.0000
33 37 0.4375 700.0000
33 38 0.4315 700.0000
33 39 0.6267 700.0000
33 63 0.8254 700.0000
33 66 0.6991 700.0000
34 36 0.7760 700.0000
34 37 0.7373 700.0000
34 38 0.8367 700.0000
35 37 0.6376 700.0000
35 38 0.7584 700.0000
35 70 0.8200 700.0000
35 73 0.8366 700.0000
36 38 0.4760 700.0000
36 39 0.7499 700.0000
36 63 0.8044 700.0000
36 66 0.7178 700.0000
36 67 0.5420 700.0000
36 70 0.6162 700.0000
36 71 0.8853 700.0000
36 73 0.6362 700.0000
37 39 0.6589 700.0000
37 62 0.8049 700.0000
37 63 0.5687 700.0000
37 66 0.3896 700.0000
37 67 0.5323 700.0000
37 70 0.6848 700.0000
38 40 0.8540 700.0000
38 41 0.7986 700.0000
38 58 0.7086 700.0000
38 60 0.8158 700.0000
38 62 0.7309 700.0000
38 63 0.4392 700.0000
38 64 0.8619 700.0000
38 66 0.4862 700.0000
38 67 0.6329 700.0000
39 41 0.5031 700.0000
39 58 0.5787 700.0000
39 59 0.7132 700.0000
39 60 0.6953 700.0000
39 62 0.8520 700.0000
39 63 0.5695 700.0000
39 66 0.7955 700.0000
40 42 0.7910 700.0000
40 58 0.7347 700.0000
40 59 0.5101 700.0000
40 60 0.6847 700.0000
41 43 0.6515 700.0000
41 56 0.6468 700.0000
41 57 0.6778 700.0000
41 58 0.5092 700.0000
41 59 0.7020 700.0000
41 63 0.8874 700.0000
42 44 0.6581 700.0000
42 55 0.7722 700.0000
42 56 0.6017 700.0000
42 57 0.4484 700.0000
42 58 0.7072 700.0000
42 59 0.8494 700.0000
43 45 0.7291 700.0000
43 54 0.6499 700.0000
43 55 0.7279 700.0000
43 56 0.5559 700.0000
43 57 0.7101 700.0000
44 46 0.6452 700.0000
44 47 0.8874 700.0000
44 53 0.8508 700.0000
44 54 0.5829 700.0000
44 55 0.4880 700.0000
44 56 0.6756 700.0000
44 57 0.7188 700.0000
45 47 0.5722 700.0000
45 52 0.8133 700.0000
45 53 0.6992 700.0000
45 54 0.5513 700.0000
45 55 0.7465 700.0000
46 48 0.6142 700.0000
46 49 0.4832 700.0000
46 50 0.7728 700.0000
46 52 0.8431 700.0000
46 53 0.5404 700.0000
46 54 0.6850 700.0000
46 55 0.5787 700.0000
47 49 0.7933 700.0000
48 50 0.8653 700.0000
49 51 0.7311 700.0000
49 52 0.7823 700.0000
49 53 0.5022 700.0000
49 54 0.8906 700.0000
49 87 0.8889 700.0000
50 52 0.5561 700.0000
50 53 0.4894 700.0000
50 54 0.8924 700.0000
51 53 0.6005 700.0000
51 54 0.8850 700.0000
52 54 0.4901 700.0000
53 55 0.8909 700.0000
53 87 0.7936 700.0000
54 56 0.7693 700.0000
55 57 0.5167 700.0000
56 58 0.5535 700.0000
56 64 0.8126 700.0000
57 59 0.7846 700.0000
58 60 0.6878 700.0000
58 62 0.8000 700.0000
58 63 0.5396 700.0000
58 64 0.5436 700.0000
58 67 0.8118 700.0000
59 62 0.8550 700.0000
59 63 0.7663 700.0000
60 62 0.5166 700.0000
60 63 0.5557 700.0000
60 64 0.8747 700.0000
60 66 0.8606 700.0000
61 63 0.7810 700.0000
61 64 0.6400 700.0000
61 65 0.5854 700.0000
62 64 0.6532 700.0000
62 65 0.4590 700.0000
62 66 0.4841 700.0000
62 67 0.8552 700.0000
63 65 0.5877 700.0000
63 66 0.4124 700.0000
63 67 0.6103 700.0000
63 68 0.8403 700.0000
64 66 0.7893 700.0000
64 67 0.5993 700.0000
64 68 0.5663 700.0000
65 67 0.7331 700.0000
65 68 0.6239 700.0000
65 69 0.7161 700.0000
66 68 0.8351 700.0000
66 69 0.7420 700.0000
66 70 0.8316 700.0000
67 69 0.7240 700.0000
67 70 0.5734 700.0000
67 71 0.6387 700.0000
67 73 0.6616 700.0000
67 86 0.8276 700.0000
68 70 0.7670 700.0000
68 71 0.6246 700.0000
68 73 0.8829 700.0000
68 86 0.7155 700.0000
69 71 0.7556 700.0000
70 72 0.5681 700.0000
70 73 0.5503 700.0000
71 73 0.4751 700.0000
71 84 0.8161 700.0000
71 86 0.6562 700.0000
72 74 0.7071 700.0000
72 84 0.8340 700.0000
73 75 0.8263 700.0000
73 83 0.7912 700.0000
73 84 0.4685 700.0000
73 85 0.7982 700.0000
73 86 0.7185 700.0000
74 76 0.7640 700.0000
74 81 0.6173 700.0000
74 82 0.5553 700.0000
74 83 0.5291 700.0000
74 84 0.6152 700.0000
75 77 0.6023 700.0000
75 81 0.6817 700.0000
75 82 0.4397 700.0000
75 83 0.6624 700.0000
75 84 0.6351 700.0000
76 78 0.7003 700.0000
76 79 0.6345 700.0000
76 80 0.6786 700.0000
76 81 0.5654 700.0000
76 82 0.6407 700.0000
77 79 0.7234 700.0000
77 80 0.5736 700.0000
77 81 0.6889 700.0000
77 82 0.5771 700.0000
78 80 0.5621 700.0000
78 81 0.8989 700.0000
79 81 0.8336 700.0000
80 82 0.7125 700.0000
81 83 0.6892 700.0000
82 84 0.6567 700.0000
82 85 0.8745 700.0000
83 85 0.5491 700.0000
84 86 0.6668 700.0000
85 87 0.7568 700.0000
138 140 0.6808 700.0000
138 174 0.7658 700.0000
138 175 0.5687 700.0000
138 176 0.4200 700.0000
138 177 0.6338 700.0000
138 178 0.6406 700.0000
138 180 0.8570 700.0000
138 181 0.5928 700.0000
139 141 0.6650 700.0000
139 165 0.8514 700.0000
139 173 0.6785 700.0000
139 174 0.5814 700.0000
139 175 0.5104 700.0000
139 176 0.6607 700.0000
139 181 0.7786 700.0000
140 142 0.5856 700.0000
140 165 0.8351 700.0000
140 173 0.5419 700.0000
140 174 0.4203 700.0000
140 175 0.7025 700.0000
140 176 0.8514 700.0000
140 181 0.6725 700.0000
140 184 0.8713 700.0000
141 143 0.8218 700.0000
141 165 0.8606 700.0000
141 172 0.7100 700.0000
141 173 0.4697 700.0000
141 174 0.7094 700.0000
142 144 0.5539 700.0000
142 147 0.7233 700.0000
142 152 0.6622 700.0000
142 171 0.6683 700.0000
142 172 0.6016 700.0000
142 173 0.6166 700.0000
142 174 0.6680 700.0000
142 188 0.8519 700.0000
143 145 0.4879 700.0000
143 146 0.4670 700.0000
143 147 0.5695 700.0000
143 152 0.8799 700.0000
144 146 0.6848 700.0000
144 147 0.6204 700.0000
144 148 0.7713 700.0000
144 149 0.8789 700.0000
144 152 0.5929 700.0000
144 169 0.7410 700.0000
144 170 0.7681 700.0000
144 171 0.7779 700.0000
144 172 0.6203 700.0000
145 147 0.7142 700.0000
146 148 0.8194 700.0000
146 151 0.8907 700.0000
146 188 0.8577 700.0000
146 192 0.6334 700.0000
147 151 0.5238 700.0000
147 152 0.6161 700.0000
147 187 0.8969 700.0000
147 188 0.5848 700.0000
147 191 0.7596 700.0000
147 192 0.7196 700.0000
148 150 0.4418 700.0000
148 151 0.3873 700.0000
148 152 0.5100 700.0000
148 153 0.8107 700.0000
149 151 0.7830 700.0000
149 152 0.5098 700.0000
149 153 0.6564 700.0000
149 169 0.5970 700.0000
149 170 0.5708 700.0000
149 171 0.7187 700.0000
150 152 0.6758 700.0000
150 153 0.6281 700.0000
150 154 0.8767 700.0000
151 153 0.7087 700.0000
151 154 0.7474 700.0000
151 155 0.8354 700.0000
151 187 0.7245 700.0000
151 188 0.6932 700.0000
151 191 0.5947 700.0000
152 155 0.7443 700.0000
152 166 0.8990 700.0000
152 169 0.7900 700.0000
152 170 0.5832 700.0000
152 171 0.4396 700.0000
152 172 0.7650 700.0000
153 155 0.5267 700.0000
153 156 0.5471 700.0000
153 157 0.7271 700.0000
153 164 0.8677 700.0000
153 170 0.8353 700.0000
153 171 0.6351 700.0000
154 156 0.6574 700.0000
154 157 0.4519 700.0000
154 158 0.5748 700.0000
154 159 0.8605 700.0000
154 187 0.6849 700.0000
155 157 0.6418 700.0000
155 158 0.5609 700.0000
155 159 0.5764 700.0000
155 160 0.8555 700.0000
155 162 0.7163 700.0000
155 164 0.8496 700.0000
155 171 0.7359 700.0000
155 174 0.7799 700.0000
155 184 0.5729 700.0000
155 187 0.7163 700.0000
155 188 0.8278 700.0000
156 158 0.6686 700.0000
156 159 0.5920 700.0000
156 160 0.5766 700.0000
156 161 0.8285 700.0000
156 162 0.6681 700.0000
156 164 0.7138 700.0000
156 171 0.8698 700.0000
157 159 0.6433 700.0000
157 160 0.6401 700.0000
158 160 0.7060 700.0000
158 162 0.8844 700.0000
158 180 0.7749 700.0000
158 183 0.5398 700.0000
158 184 0.6757 700.0000
158 187 0.7002 700.0000
159 161 0.5498 700.0000
159 162 0.5202 700.0000
159 180 0.5080 700.0000
159 181 0.8482 700.0000
159 183 0.6327 700.0000
159 184 0.6779 700.0000
160 162 0.6016 700.0000
160 180 0.8403 700.0000
161 163 0.7038 700.0000
161 175 0.8667 700.0000
161 176 0.7633 700.0000
161 177 0.7606 700.0000
161 180 0.6616 700.0000
162 164 0.6590 700.0000
162 174 0.6203 700.0000
162 175 0.5972 700.0000
162 176 0.6355 700.0000
162 177 0.8136 700.0000
162 180 0.6452 700.0000
162 181 0.8330 700.0000
162 184 0.8674 700.0000
163 165 0.7916 700.0000
163 174 0.7742 700.0000
163 175 0.4186 700.0000
163 176 0.6188 700.0000
163 177 0.8933 700.0000
164 166 0.5224 700.0000
164 170 0.8437 700.0000
164 171 0.6048 700.0000
164 173 0.8526 700.0000
164 174 0.7308 700.0000
164 175 0.8562 700.0000
165 167 0.8041 700.0000
165 170 0.8854 700.0000
165 171 0.7136 700.0000
165 172 0.6402 700.0000
165 173 0.3943 700.0000
165 174 0.6221 700.0000
165 175 0.7204 700.0000
166 168 0.8288 700.0000
166 169 0.8772 700.0000
166 170 0.4517 700.0000
166 171 0.5145 700.0000
166 172 0.6831 700.0000
166 173 0.8527 700.0000
167 169 0.5854 700.0000
167 170 0.3803 700.0000
167 171 0.6756 700.0000
167 172 0.5315 700.0000
167 173 0.8923 700.0000
168 170 0.6900 700.0000
168 172 0.8649 700.0000
169 171 0.8342 700.0000
169 172 0.7793 700.0000
170 172 0.5466 700.0000
171 173 0.7178 700.0000
171 174 0.7380 700.0000
172 174 0.8607 700.0000
173 175 0.7840 700.0000
174 176 0.7041 700.0000
174 180 0.8992 700.0000
174 181 0.6749 700.0000
174 184 0.7679 700.0000
175 177 0.7612 700.0000
175 180 0.8894 700.0000
175 181 0.8014 700.0000
176 178 0.7809 700.0000
176 180 0.6278 700.0000
176 181 0.6330 700.0000
177 179 0.6323 700.0000
177 180 0.5227 700.0000
177 181 0.7192 700.0000
178 180 0.7190 700.0000
178 181 0.5512 700.0000
178 182 0.5309 700.0000
179 181 0.7543 700.0000
179 182 0.5730 700.0000
179 183 0.6844 700.0000
180 182 0.7207 700.0000
180 183 0.5805 700.0000
180 184 0.6566 700.0000
181 183 0.8074 700.0000
181 184 0.5060 700.0000
181 185 0.7225 700.0000
182 184 0.7224 700.0000
182 185 0.6503 700.0000
182 186 0.6544 700.0000
183 186 0.6464 700.0000
183 187 0.7873 700.0000
184 186 0.7174 700.0000
184 187 0.5967 700.0000
184 188 0.6070 700.0000
184 189 0.8974 700.0000
185 187 0.7891 700.0000
185 188 0.5751 700.0000
185 189 0.5469 700.0000
185 190 0.8843 700.0000
186 188 0.7452 700.0000
186 189 0.5962 700.0000
186 190 0.5626 700.0000
187 189 0.6605 700.0000
187 190 0.5630 700.0000
187 191 0.5448 700.0000
188 190 0.6959 700.0000
188 191 0.5879 700.0000
188 192 0.7367 700.0000
189 191 0.6669 700.0000
189 192 0.5975 700.0000
189 193 0.5806 700.0000
189 194 0.8813 700.0000
190 192 0.8562 700.0000
190 193 0.6390 700.0000
190 194 0.6622 700.0000
191 193 0.7182 700.0000
191 194 0.6025 700.0000
191 195 0.6940 700.0000
192 194 0.7729 700.0000
192 195 0.5877 700.0000
192 196 0.8921 700.0000
193 195 0.6506 700.0000
193 196 0.7539 700.0000
194 196 0.6729 700.0000
194 197 0.5159 700.0000
195 197 0.6222 700.0000
195 198 0.5897 700.0000
195 199 0.6362 700.0000
196 198 0.8287 700.0000
196 199 0.5772 700.0000
196 200 0.6249 700.0000
197 199 0.7784 700.0000
197 200 0.5979 700.0000
197 201 0.7007 700.0000
198 200 0.7900 700.0000
198 201 0.6557 700.0000
199 201 0.8345 700.0000
233 235 0.4607 700.0000
233 236 0.8319 700.0000
233 278 0.8008 700.0000
233 279 0.8721 700.0000
233 291 0.8333 700.0000
234 236 0.8103 700.0000
234 278 0.6023 700.0000
234 279 0.5186 700.0000
234 280 0.7080 700.0000
234 281 0.8388 700.0000
234 284 0.8837 700.0000
234 287 0.5878 700.0000
234 288 0.8422 700.0000
234 291 0.6154 700.0000
235 237 0.6854 700.0000
235 276 0.6156 700.0000
235 277 0.7257 700.0000
235 278 0.5670 700.0000
235 279 0.8105 700.0000
236 238 0.6396 700.0000
236 275 0.8075 700.0000
236 276 0.6406 700.0000
236 277 0.4428 700.0000
236 278 0.7588 700.0000
236 279 0.6985 700.0000
236 291 0.6374 700.0000
236 294 0.7688 700.0000
236 295 0.8820 700.0000
237 239 0.7447 700.0000
237 270 0.6659 700.0000
237 271 0.8040 700.0000
237 274 0.5258 700.0000
237 275 0.5838 700.0000
237 276 0.5273 700.0000
237 277 0.7244 700.0000
238 240 0.6964 700.0000
238 241 0.8122 700.0000
238 242 0.7171 700.0000
238 243 0.6433 700.0000
238 274 0.5502 700.0000
238 275 0.4497 700.0000
238 276 0.7136 700.0000
238 277 0.6806 700.0000
238 298 0.7847 700.0000
239 241 0.5311 700.0000
239 242 0.4950 700.0000
239 243 0.7394 700.0000
239 244 0.8869 700.0000
239 273 0.6482 700.0000
239 274 0.5042 700.0000
239 275 0.6305 700.0000
240 242 0.7452 700.0000
240 243 0.5899 700.0000
240 244 0.4998 700.0000
240 269 0.7305 700.0000
240 271 0.8577 700.0000
240 272 0.8370 700.0000
240 273 0.5029 700.0000
240 274 0.6318 700.0000
240 275 0.5797 700.0000
241 243 0.7139 700.0000
241 244 0.5090 700.0000
241 245 0.7870 700.0000
241 273 0.6680 700.0000
241 274 0.8691 700.0000
241 275 0.8938 700.0000
242 244 0.8183 700.0000
242 245 0.7159 700.0000
242 246 0.8942 700.0000
242 298 0.7349 700.0000
242 302 0.5821 700.0000
243 245 0.8645 700.0000
243 246 0.5853 700.0000
243 247 0.5324 700.0000
243 267 0.7741 700.0000
243 275 0.6034 700.0000
243 277 0.7899 700.0000
243 298 0.7579 700.0000
244 246 0.8471 700.0000
244 247 0.6335 700.0000
244 248 0.8003 700.0000
245 247 0.8551 700.0000
245 248 0.6077 700.0000
245 249 0.5294 700.0000
245 250 0.8070 700.0000
245 298 0.8898 700.0000
245 301 0.6819 700.0000
245 302 0.6839 700.0000
246 248 0.8757 700.0000
246 249 0.6199 700.0000
246 250 0.4505 700.0000
246 251 0.7208 700.0000
246 253 0.7100 700.0000
246 254 0.7719 700.0000
246 294 0.7389 700.0000
246 297 0.7299 700.0000
246 298 0.5336 700.0000
246 301 0.5955 700.0000
246 302 0.7606 700.0000
247 249 0.7927 700.0000
247 250 0.6786 700.0000
247 251 0.5429 700.0000
247 252 0.8566 700.0000
247 254 0.7439 700.0000
248 250 0.7906 700.0000
248 251 0.7746 700.0000
249 251 0.6778 700.0000
249 301 0.6464 700.0000
250 252 0.6560 700.0000
250 253 0.5109 700.0000
250 254 0.8178 700.0000
250 297 0.7347 700.0000
250 301 0.6568 700.0000
251 253 0.6619 700.0000
251 254 0.7493 700.0000
251 255 0.8023 700.0000
252 254 0.6987 700.0000
252 255 0.5696 700.0000
252 256 0.6633 700.0000
253 255 0.7312 700.0000
253 256 0.5138 700.0000
253 257 0.6348 700.0000
253 293 0.8171 700.0000
253 294 0.7890 700.0000
253 297 0.5993 700.0000
254 256 0.6063 700.0000
254 257 0.5590 700.0000
254 258 0.5882 700.0000
254 265 0.6181 700.0000
254 267 0.8789 700.0000
254 294 0.7030 700.0000
255 257 0.6765 700.0000
255 258 0.4983 700.0000
255 259 0.6130 700.0000
255 265 0.8189 700.0000
256 258 0.6179 700.0000
256 259 0.5472 700.0000
256 260 0.6441 700.0000
256 261 0.8082 700.0000
256 293 0.8924 700.0000
257 259 0.7165 700.0000
257 260 0.5959 700.0000
257 261 0.5539 700.0000
257 262 0.8238 700.0000
257 263 0.6849 700.0000
257 265 0.7842 700.0000
257 289 0.8334 700.0000
257 290 0.5742 700.0000
257 293 0.6142 700.0000
257 294 0.7172 700.0000
258 261 0.7790 700.0000
258 262 0.6400 700.0000
258 263 0.4641 700.0000
258 264 0.5331 700.0000
258 265 0.5431 700.0000
258 279 0.8659 700.0000
258 280 0.8956 700.0000
258 290 0.8688 700.0000
259 261 0.8406 700.0000
259 262 0.7420 700.0000
259 263 0.8147 700.0000
260 262 0.8572 700.0000
260 286 0.8997 700.0000
260 289 0.8194 700.0000
260 290 0.8062 700.0000
260 293 0.7985 700.0000
261 263 0.6111 700.0000
261 285 0.8189 700.0000
261 286 0.5189 700.0000
261 287 0.7713 700.0000
261 289 0.5406 700.0000
261 290 0.5086 700.0000
261 293 0.7626 700.0000
262 264 0.7027 700.0000
262 280 0.8199 700.0000
262 281 0.6368 700.0000
262 282 0.7758 700.0000
262 283 0.7411 700.0000
262 286 0.5991 700.0000
262 287 0.7909 700.0000
262 290 0.8609 700.0000
263 265 0.6389 700.0000
263 279 0.6700 700.0000
263 280 0.5894 700.0000
263 281 0.5889 700.0000
263 282 0.8707 700.0000
263 286 0.7019 700.0000
263 287 0.6502 700.0000
263 290 0.6959 700.0000
264 266 0.6293 700.0000
264 278 0.7987 700.0000
264 279 0.7259 700.0000
264 280 0.4601 700.0000
264 281 0.7353 700.0000
265 267 0.6244 700.0000
265 277 0.6243 700.0000
265 278 0.6426 700.0000
265 279 0.5144 700.0000
265 280 0.6767 700.0000
265 290 0.8902 700.0000
265 294 0.8645 700.0000
266 268 0.5856 700.0000
266 276 0.7657 700.0000
266 277 0.7508 700.0000
266 278 0.4922 700.0000
266 279 0.7911 700.0000
266 280 0.6813 700.0000
267 269 0.8383 700.0000
267 275 0.6762 700.0000
267 276 0.6338 700.0000
267 277 0.5807 700.0000
267 278 0.7837 700.0000
268 270 0.6529 700.0000
268 275 0.7093 700.0000
268 276 0.4969 700.0000
268 277 0.7700 700.0000
268 278 0.7588 700.0000
269 271 0.5304 700.0000
269 272 0.6515 700.0000
269 273 0.7848 700.0000
269 274 0.7089 700.0000
269 275 0.5897 700.0000
269 276 0.7890 700.0000
270 272 0.6812 700.0000
270 273 0.8930 700.0000
270 274 0.5585 700.0000
270 275 0.6169 700.0000
270 276 0.5922 700.0000
271 273 0.6154 700.0000
271 274 0.4533 700.0000
271 275 0.7189 700.0000
271 276 0.8768 700.0000
272 274 0.6215 700.0000
273 275 0.8129 700.0000
274 276 0.7650 700.0000
275 277 0.6056 700.0000
276 278 0.6129 700.0000
277 279 0.6031 700.0000
277 291 0.8565 700.0000
277 294 0.7646 700.0000
278 280 0.5836 700.0000
279 281 0.8186 700.0000
279 287 0.5767 700.0000
279 290 0.6552 700.0000
279 291 0.5509 700.0000
279 294 0.8163 700.0000
280 282 0.7918 700.0000
280 287 0.6979 700.0000
281 283 0.6454 700.0000
281 284 0.6681 700.0000
281 285 0.8197 700.0000
281 286 0.7003 700.0000
281 287 0.5575 700.0000
282 284 0.7194 700.0000
282 286 0.8069 700.0000
282 287 0.8520 700.0000
283 285 0.6680 700.0000
283 286 0.5518 700.0000
283 287 0.8619 700.0000
284 286 0.6029 700.0000
284 287 0.5399 700.0000
284 288 0.6930 700.0000
285 287 0.5278 700.0000
285 288 0.5367 700.0000
285 289 0.6266 700.0000
285 290 0.8255 700.0000
286 288 0.7666 700.0000
286 289 0.5971 700.0000
286 290 0.7055 700.0000
287 289 0.6300 700.0000
287 290 0.5739 700.0000
287 291 0.6288 700.0000
288 290 0.6914 700.0000
288 291 0.5919 700.0000
288 292 0.6180 700.0000
289 291 0.6913 700.0000
289 292 0.4836 700.0000
289 293 0.6085 700.0000
290 292 0.6083 700.0000
290 293 0.5020 700.0000
290 294 0.6850 700.0000
290 295 0.8319 700.0000
291 293 0.8239 700.0000
291 294 0.7283 700.0000
291 295 0.7545 700.0000
292 294 0.8546 700.0000
292 295 0.6439 700.0000
292 296 0.6820 700.0000
293 295 0.5623 700.0000
293 296 0.5205 700.0000
293 297 0.6027 700.0000
294 296 0.6716 700.0000
294 297 0.6532 700.0000
294 298 0.5630 700.0000
295 297 0.6387 700.0000
295 298 0.5644 700.0000
295 299 0.5810 700.0000
295 300 0.8912 700.0000
296 298 0.7304 700.0000
296 299 0.5431 700.0000
296 300 0.6531 700.0000
296 301 0.8764 700.0000
297 299 0.7614 700.0000
297 300 0.5226 700.0000
297 301 0.6018 700.0000
298 300 0.8188 700.0000
298 301 0.6327 700.0000
298 302 0.5168 700.0000
299 301 0.7435 700.0000
299 302 0.6005 700.0000
300 302 0.7398 700.0000
305 307 0.7455 700.0000
305 344 0.6275 700.0000
305 345 0.4520 700.0000
305 346 0.6701 700.0000
305 347 0.8843 700.0000
306 308 0.6288 700.0000
306 343 0.8778 700.0000
306 344 0.7566 700.0000
306 345 0.5427 700.0000
306 346 0.6577 700.0000
306 347 0.5216 700.0000
306 350 0.6866 700.0000
307 309 0.6404 700.0000
307 342 0.6304 700.0000
307 343 0.6442 700.0000
307 344 0.5350 700.0000
307 345 0.7554 700.0000
307 350 0.8824 700.0000
308 310 0.7351 700.0000
308 342 0.7603 700.0000
308 343 0.5346 700.0000
308 344 0.8004 700.0000
308 345 0.8207 700.0000
308 347 0.7575 700.0000
308 350 0.5450 700.0000
308 351 0.8124 700.0000
308 354 0.6738 700.0000
309 311 0.6844 700.0000
309 340 0.5834 700.0000
309 341 0.6435 700.0000
309 342 0.5229 700.0000
309 343 0.6171 700.0000
309 354 0.8736 700.0000
310 312 0.5857 700.0000
310 318 0.8738 700.0000
310 339 0.7542 700.0000
310 340 0.5957 700.0000
310 341 0.4523 700.0000
310 342 0.7133 700.0000
310 343 0.6907 700.0000
310 354 0.6524 700.0000
310 357 0.7257 700.0000
311 313 0.7280 700.0000
311 338 0.8547 700.0000
311 339 0.5911 700.0000
311 340 0.5315 700.0000
311 341 0.6721 700.0000
312 314 0.6164 700.0000
312 315 0.7568 700.0000
312 317 0.5596 700.0000
312 318 0.5718 700.0000
312 321 0.7751 700.0000
312 338 0.7857 700.0000
312 339 0.4542 700.0000
312 340 0.7048 700.0000
312 341 0.6497 700.0000
312 357 0.8009 700.0000
312 361 0.8007 700.0000
313 315 0.7203 700.0000
313 316 0.8852 700.0000
313 317 0.5861 700.0000
313 318 0.8039 700.0000
313 338 0.8067 700.0000
313 339 0.6093 700.0000
314 316 0.5082 700.0000
314 317 0.4645 700.0000
314 318 0.6342 700.0000
314 319 0.8363 700.0000
314 338 0.7359 700.0000
314 339 0.6015 700.0000
315 317 0.6868 700.0000
315 318 0.5181 700.0000
315 319 0.5652 700.0000
315 336 0.5852 700.0000
315 337 0.8686 700.0000
315 338 0.5157 700.0000
315 339 0.4941 700.0000
316 318 0.7121 700.0000
316 319 0.6623 700.0000
316 320 0.7781 700.0000
317 319 0.7614 700.0000
317 320 0.6084 700.0000
317 321 0.5946 700.0000
317 339 0.7757 700.0000
317 361 0.8156 700.0000
318 320 0.6376 700.0000
318 321 0.5317 700.0000
318 322 0.6239 700.0000
318 323 0.8523 700.0000
318 336 0.5857 700.0000
318 338 0.8051 700.0000
318 339 0.5576 700.0000
318 340 0.8739 700.0000
318 341 0.5982 700.0000
319 321 0.7546 700.0000
319 322 0.5017 700.0000
319 323 0.6316 700.0000
319 336 0.5560 700.0000
319 339 0.8137 700.0000
319 341 0.8403 700.0000
320 322 0.8158 700.0000
320 323 0.6004 700.0000
320 324 0.5526 700.0000
321 323 0.7883 700.0000
321 324 0.5335 700.0000
321 325 0.6354 700.0000
321 341 0.7991 700.0000
321 353 0.8588 700.0000
321 356 0.7364 700.0000
321 357 0.5621 700.0000
321 360 0.8151 700.0000
321 361 0.8788 700.0000
322 324 0.7945 700.0000
322 325 0.6491 700.0000
322 326 0.5515 700.0000
322 333 0.8927 700.0000
322 334 0.4724 700.0000
322 335 0.7988 700.0000
322 336 0.6747 700.0000
322 341 0.7142 700.0000
323 325 0.7604 700.0000
323 326 0.6424 700.0000
323 327 0.7595 700.0000
324 326 0.7760 700.0000
324 327 0.7332 700.0000
324 328 0.7162 700.0000
324 356 0.7512 700.0000
325 327 0.7637 700.0000
325 328 0.5658 700.0000
325 329 0.5032 700.0000
325 332 0.6969 700.0000
325 334 0.6924 700.0000
325 343 0.8886 700.0000
325 352 0.8545 700.0000
325 353 0.6114 700.0000
325 356 0.6908 700.0000
325 357 0.8232 700.0000
326 328 0.7525 700.0000
326 329 0.6678 700.0000
326 330 0.6748 700.0000
326 332 0.6592 700.0000
326 333 0.8114 700.0000
326 334 0.5865 700.0000
327 329 0.8262 700.0000
327 330 0.7932 700.0000
328 330 0.7966 700.0000
328 352 0.8938 700.0000
328 353 0.8648 700.0000
328 356 0.7792 700.0000
329 331 0.7632 700.0000
329 332 0.5282 700.0000
329 334 0.8922 700.0000
329 349 0.5375 700.0000
329 350 0.8449 700.0000
329 352 0.6968 700.0000
329 353 0.6533 700.0000
329 356 0.8628 700.0000
330 332 0.6564 700.0000
330 349 0.8781 700.0000
331 333 0.8867 700.0000
331 345 0.7730 700.0000
331 346 0.7396 700.0000
331 349 0.7068 700.0000
332 334 0.5497 700.0000
332 343 0.6163 700.0000
332 344 0.6076 700.0000
332 345 0.6028 700.0000
332 346 0.7493 700.0000
332 349 0.5885 700.0000
332 350 0.7118 700.0000
332 353 0.8212 700.0000
333 335 0.6031 700.0000
333 342 0.7240 700.0000
333 343 0.6829 700.0000
333 344 0.4379 700.0000
333 345 0.7463 700.0000
334 336 0.8083 700.0000
334 341 0.6427 700.0000
334 342 0.6144 700.0000
334 343 0.5828 700.0000
334 344 0.7145 700.0000
335 337 0.7473 700.0000
335 340 0.8642 700.0000
335 341 0.7261 700.0000
335 342 0.4734 700.0000
335 343 0.7913 700.0000
335 344 0.7693 700.0000
336 338 0.5724 700.0000
336 339 0.5606 700.0000
336 340 0.6805 700.0000
336 341 0.6054 700.0000
336 342 0.7866 700.0000
337 339 0.6818 700.0000
337 340 0.5752 700.0000
337 341 0.8573 700.0000
337 342 0.8351 700.0000
338 340 0.5702 700.0000
338 341 0.8486 700.0000
339 341 0.6005 700.0000
340 342 0.6179 700.0000
341 343 0.5961 700.0000
341 357 0.8758 700.0000
342 344 0.6355 700.0000
343 345 0.6964 700.0000
343 349 0.8744 700.0000
343 350 0.5447 700.0000
343 353 0.7551 700.0000
343 354 0.7604 700.0000
344 346 0.8220 700.0000
344 350 0.7860 700.0000
345 347 0.6970 700.0000
345 348 0.8401 700.0000
345 349 0.6163 700.0000
345 350 0.5874 700.0000
346 348 0.5021 700.0000
346 349 0.4218 700.0000
346 350 0.5918 700.0000
346 351 0.8151 700.0000
347 349 0.7052 700.0000
347 350 0.5112 700.0000
347 351 0.5548 700.0000
347 352 0.8855 700.0000
348 350 0.6729 700.0000
348 351 0.5760 700.0000
348 352 0.7122 700.0000
349 351 0.6510 700.0000
349 352 0.6041 700.0000
349 353 0.7037 700.0000
350 352 0.6168 700.0000
350 353 0.5760 700.0000
350 354 0.5913 700.0000
351 353 0.5603 700.0000
351 354 0.5275 700.0000
351 355 0.6275 700.0000
352 354 0.6303 700.0000
352 355 0.4929 700.0000
352 356 0.6261 700.0000
352 357 0.8355 700.0000
353 355 0.6133 700.0000
353 356 0.5260 700.0000
353 357 0.5748 700.0000
353 358 0.8270 700.0000
354 356 0.8366 700.0000
354 357 0.5831 700.0000
354 358 0.6818 700.0000
355 357 0.7226 700.0000
355 358 0.5657 700.0000
355 359 0.5578 700.0000
356 358 0.7027 700.0000
356 359 0.5620 700.0000
356 360 0.7758 700.0000
357 359 0.6811 700.0000
357 360 0.6191 700.0000
357 361 0.6186 700.0000
358 360 0.5603 700.0000
358 361 0.5489 700.0000
358 362 0.8045 700.0000
359 361 0.7717 700.0000
360 362 0.7160 700.0000
378 380 0.6444 700.0000
378 416 0.7909 700.0000
378 417 0.6365 700.0000
378 418 0.4199 700.0000
378 419 0.7188 700.0000
378 420 0.7734 700.0000
378 434 0.6069 700.0000
378 437 0.6803 700.0000
378 438 0.7814 700.0000
379 381 0.8492 700.0000
379 412 0.8110 700.0000
379 415 0.5001 700.0000
379 416 0.6414 700.0000
379 417 0.5214 700.0000
379 418 0.7510 700.0000
380 382 0.6164 700.0000
380 383 0.8241 700.0000
380 384 0.7240 700.0000
380 385 0.6617 700.0000
380 415 0.5765 700.0000
380 416 0.4437 700.0000
380 417 0.6681 700.0000
380 418 0.7360 700.0000
380 441 0.7817 700.0000
381 383 0.4678 700.0000
381 384 0.4585 700.0000
381 385 0.7957 700.0000
381 386 0.8972 700.0000
381 413 0.8865 700.0000
381 414 0.6132 700.0000
381 415 0.5933 700.0000
381 416 0.6683 700.0000
382 384 0.6477 700.0000
382 385 0.5987 700.0000
382 386 0.6060 700.0000
382 387 0.8975 700.0000
382 411 0.6373 700.0000
382 413 0.7039 700.0000
382 414 0.6165 700.0000
382 415 0.6434 700.0000
382 416 0.4954 700.0000
383 385 0.7146 700.0000
383 386 0.5250 700.0000
383 387 0.6071 700.0000
383 388 0.8827 700.0000
383 414 0.7976 700.0000
383 416 0.8575 700.0000
384 386 0.7967 700.0000
384 387 0.5919 700.0000
384 388 0.7536 700.0000
384 441 0.8646 700.0000
384 445 0.8378 700.0000
385 387 0.7406 700.0000
385 388 0.5885 700.0000
385 389 0.4761 700.0000
385 390 0.8628 700.0000
385 392 0.6150 700.0000
385 393 0.7988 700.0000
385 409 0.8107 700.0000
385 411 0.8975 700.0000
385 416 0.5766 700.0000
385 418 0.8402 700.0000
385 441 0.8079 700.0000
386 388 0.7693 700.0000
386 389 0.5341 700.0000
387 389 0.7430 700.0000
387 390 0.8680 700.0000
387 445 0.8755 700.0000
388 390 0.6398 700.0000
388 391 0.5582 700.0000
388 392 0.5486 700.0000
388 440 0.8867 700.0000
388 441 0.6577 700.0000
388 444 0.5678 700.0000
388 445 0.6741 700.0000
388 447 0.8474 700.0000
389 391 0.8056 700.0000
389 392 0.6339 700.0000
389 393 0.5813 700.0000
390 392 0.6404 700.0000
390 393 0.5950 700.0000
390 394 0.6821 700.0000
391 393 0.7713 700.0000
391 394 0.6300 700.0000
391 395 0.7274 700.0000
391 440 0.7847 700.0000
391 443 0.8425 700.0000
391 444 0.6153 700.0000
391 447 0.7866 700.0000
392 394 0.7238 700.0000
392 395 0.6124 700.0000
392 396 0.6217 700.0000
392 437 0.6463 700.0000
392 440 0.6775 700.0000
392 441 0.6716 700.0000
392 444 0.7837 700.0000
393 395 0.7607 700.0000
393 396 0.5389 700.0000
393 397 0.7189 700.0000
393 409 0.8782 700.0000
394 396 0.7377 700.0000
394 397 0.6361 700.0000
394 398 0.6680 700.0000
395 397 0.6520 700.0000
395 398 0.4843 700.0000
395 399 0.5988 700.0000
395 402 0.8325 700.0000
395 436 0.7161 700.0000
395 437 0.7207 700.0000
395 440 0.6262 700.0000
396 398 0.7146 700.0000
396 399 0.5234 700.0000
396 400 0.5814 700.0000
396 405 0.8800 700.0000
396 407 0.6429 700.0000
396 409 0.8895 700.0000
396 418 0.8543 700.0000
396 420 0.7692 700.0000
396 433 0.8751 700.0000
396 437 0.6825 700.0000
397 399 0.6061 700.0000
397 400 0.4834 700.0000
397 401 0.5574 700.0000
397 402 0.8507 700.0000
397 407 0.8560 700.0000
398 400 0.7685 700.0000
398 401 0.5838 700.0000
398 402 0.5238 700.0000
399 401 0.6966 700.0000
399 402 0.5333 700.0000
399 403 0.5424 700.0000
399 405 0.6554 700.0000
399 407 0.8693 700.0000
399 420 0.7422 700.0000
399 433 0.5407 700.0000
399 436 0.6234 700.0000
399 437 0.7602 700.0000
400 402 0.8519 700.0000
400 403 0.8138 700.0000
400 404 0.7297 700.0000
400 405 0.4528 700.0000
400 406 0.5648 700.0000
400 407 0.5722 700.0000
400 420 0.7743 700.0000
400 423 0.8337 700.0000
401 403 0.8444 700.0000
401 404 0.7759 700.0000
401 405 0.8212 700.0000
402 433 0.8571 700.0000
402 436 0.8146 700.0000
403 405 0.6467 700.0000
403 429 0.5276 700.0000
403 430 0.7326 700.0000
403 431 0.8295 700.0000
403 432 0.5726 700.0000
403 433 0.5301 700.0000
403 436 0.7761 700.0000
404 406 0.7416 700.0000
404 422 0.6400 700.0000
404 423 0.4293 700.0000
404 424 0.6902 700.0000
404 427 0.8523 700.0000
404 429 0.7614 700.0000
405 407 0.6620 700.0000
405 420 0.5985 700.0000
405 421 0.6812 700.0000
405 422 0.5636 700.0000
405 423 0.5592 700.0000
405 428 0.8609 700.0000
405 429 0.7600 700.0000
405 430 0.7150 700.0000
405 433 0.7377 700.0000
406 408 0.6690 700.0000
406 419 0.8421 700.0000
406 420 0.6934 700.0000
406 421 0.5004 700.0000
406 422 0.6398 700.0000
406 423 0.5373 700.0000
407 409 0.6540 700.0000
407 418 0.7632 700.0000
407 419 0.6436 700.0000
407 420 0.5706 700.0000
407 421 0.6988 700.0000
408 410 0.7130 700.0000
408 417 0.8633 700.0000
408 418 0.7498 700.0000
408 419 0.4584 700.0000
408 420 0.7423 700.0000
408 421 0.6217 700.0000
409 411 0.7912 700.0000
409 416 0.6864 700.0000
409 417 0.6360 700.0000
409 418 0.5688 700.0000
409 419 0.7063 700.0000
410 412 0.6116 700.0000
410 413 0.8932 700.0000
410 415 0.8706 700.0000
410 416 0.5523 700.0000
410 417 0.4004 700.0000
410 418 0.6761 700.0000
410 419 0.7524 700.0000
411 413 0.4990 700.0000
411 414 0.8382 700.0000
411 415 0.7468 700.0000
411 416 0.5483 700.0000
411 417 0.7246 700.0000
412 414 0.8967 700.0000
412 415 0.5930 700.0000
412 416 0.7360 700.0000
412 417 0.6057 700.0000
413 415 0.5660 700.0000
413 416 0.7666 700.0000
414 416 0.8793 700.0000
415 417 0.6450 700.0000
416 418 0.6454 700.0000
417 419 0.6626 700.0000
418 420 0.6184 700.0000
418 434 0.7343 700.0000
418 437 0.7009 700.0000
419 421 0.5999 700.0000
419 434 0.7626 700.0000
420 422 0.8562 700.0000
420 430 0.5926 700.0000
420 431 0.8794 700.0000
420 433 0.5641 700.0000
420 434 0.4662 700.0000
420 437 0.7729 700.0000
421 423 0.7653 700.0000
421 428 0.8675 700.0000
421 430 0.8083 700.0000
422 424 0.5314 700.0000
422 425 0.7493 700.0000
422 427 0.6947 700.0000
422 428 0.5208 700.0000
422 429 0.7287 700.0000
422 430 0.6968 700.0000
423 425 0.8781 700.0000
424 426 0.5425 700.0000
424 427 0.4246 700.0000
424 428 0.7039 700.0000
424 429 0.8476 700.0000
425 427 0.8839 700.0000
426 428 0.8952 700.0000
427 429 0.6117 700.0000
428 430 0.4766 700.0000
428 431 0.7138 700.0000
428 432 0.8553 700.0000
429 431 0.6187 700.0000
429 432 0.5157 700.0000
429 433 0.7217 700.0000
430 432 0.6126 700.0000
430 433 0.5232 700.0000
430 434 0.5268 700.0000
430 435 0.8732 700.0000
431 433 0.5718 700.0000
431 434 0.5790 700.0000
431 435 0.6585 700.0000
432 434 0.8114 700.0000
432 435 0.6366 700.0000
432 436 0.7687 700.0000
433 435 0.5084 700.0000
433 436 0.5031 700.0000
433 437 0.6800 700.0000
433 438 0.8267 700.0000
434 436 0.7864 700.0000
434 437 0.6694 700.0000
434 438 0.7529 700.0000
435 437 0.6639 700.0000
435 438 0.4719 700.0000
435 439 0.5474 700.0000
435 440 0.8416 700.0000
436 438 0.5983 700.0000
436 439 0.5005 700.0000
436 440 0.6162 700.0000
437 439 0.7129 700.0000
437 440 0.5540 700.0000
437 441 0.5952 700.0000
437 442 0.8704 700.0000
438 440 0.6141 700.0000
438 441 0.6156 700.0000
438 442 0.5692 700.0000
439 441 0.7877 700.0000
439 442 0.5291 700.0000
439 443 0.7518 700.0000
440 442 0.5916 700.0000
440 443 0.5464 700.0000
440 444 0.5989 700.0000
440 445 0.7977 700.0000
441 443 0.8251 700.0000
441 444 0.5924 700.0000
441 445 0.5565 700.0000
441 446 0.8925 700.0000
442 444 0.7038 700.0000
442 445 0.6103 700.0000
442 446 0.6839 700.0000
443 445 0.6658 700.0000
443 446 0.5585 700.0000
443 447 0.5815 700.0000
444 446 0.5377 700.0000
444 447 0.4499 700.0000
445 447 0.6203 700.0000
449 451 0.6706 700.0000
449 492 0.8799 700.0000
449 493 0.7334 700.0000
449 494 0.5258 700.0000
449 495 0.6752 700.0000
449 496 0.5507 700.0000
449 499 0.6565 700.0000
450 452 0.7385 700.0000
450 491 0.6155 700.0000
450 492 0.7038 700.0000
450 493 0.5275 700.0000
450 494 0.7710 700.0000
451 453 0.6090 700.0000
451 490 0.8452 700.0000
451 491 0.7130 700.0000
451 492 0.5172 700.0000
451 493 0.7858 700.0000
451 494 0.8365 700.0000
451 499 0.6129 700.0000
451 500 0.8574 700.0000
451 503 0.6443 700.0000
452 454 0.6429 700.0000
452 489 0.6445 700.0000
452 490 0.6878 700.0000
452 491 0.5398 700.0000
452 492 0.6797 700.0000
453 455 0.6567 700.0000
453 457 0.8207 700.0000
453 458 0.8559 700.0000
453 489 0.6388 700.0000
453 490 0.4739 700.0000
453 491 0.6802 700.0000
453 492 0.6687 700.0000
453 503 0.6686 700.0000
453 506 0.7649 700.0000
453 507 0.8033 700.0000
454 456 0.5665 700.0000
454 457 0.6075 700.0000
454 458 0.8201 700.0000
454 488 0.7023 700.0000
454 489 0.6042 700.0000
454 490 0.8187 700.0000
455 457 0.6117 700.0000
455 458 0.5463 700.0000
455 459 0.7087 700.0000
455 461 0.8994 700.0000
455 462 0.4675 700.0000
455 465 0.7602 700.0000
455 466 0.8881 700.0000
455 485 0.8287 700.0000
455 486 0.8359 700.0000
455 487 0.8453 700.0000
455 488 0.6467 700.0000
455 489 0.5645 700.0000
455 490 0.6760 700.0000
456 458 0.7815 700.0000
456 459 0.7343 700.0000
456 462 0.7469 700.0000
456 488 0.6648 700.0000
457 459 0.6054 700.0000
457 461 0.8731 700.0000
457 462 0.8735 700.0000
457 507 0.8058 700.0000
458 460 0.8278 700.0000
458 461 0.4861 700.0000
458 462 0.6709 700.0000
458 465 0.8045 700.0000
458 506 0.7590 700.0000
458 507 0.6698 700.0000
459 461 0.5437 700.0000
459 462 0.5730 700.0000
459 463 0.8208 700.0000
460 462 0.8543 700.0000
460 463 0.7357 700.0000
461 463 0.7989 700.0000
461 464 0.6375 700.0000
461 465 0.7208 700.0000
461 506 0.8362 700.0000
461 507 0.8570 700.0000
462 465 0.6799 700.0000
462 466 0.6502 700.0000
462 487 0.7498 700.0000
462 488 0.8154 700.0000
462 489 0.8912 700.0000
463 465 0.7654 700.0000
463 466 0.6526 700.0000
463 467 0.7519 700.0000
464 466 0.7481 700.0000
464 467 0.4580 700.0000
464 469 0.7820 700.0000
464 470 0.5833 700.0000
465 467 0.6485 700.0000
465 470 0.5082 700.0000
465 471 0.8356 700.0000
465 485 0.7019 700.0000
465 490 0.7405 700.0000
465 506 0.7258 700.0000
466 468 0.8473 700.0000
466 470 0.8237 700.0000
466 485 0.6059 700.0000
466 486 0.8713 700.0000
466 487 0.8011 700.0000
467 469 0.5968 700.0000
467 470 0.6413 700.0000
467 471 0.8071 700.0000
468 470 0.7235 700.0000
468 471 0.5664 700.0000
468 472 0.6040 700.0000
469 471 0.7041 700.0000
469 472 0.6102 700.0000
469 473 0.6086 700.0000
470 472 0.7121 700.0000
470 473 0.5993 700.0000
470 474 0.5847 700.0000
470 475 0.8648 700.0000
470 483 0.8001 700.0000
470 505 0.7298 700.0000
470 506 0.7763 700.0000
471 473 0.6052 700.0000
471 474 0.5681 700.0000
471 475 0.4945 700.0000
471 476 0.8972 700.0000
471 483 0.6724 700.0000
472 474 0.7849 700.0000
472 475 0.5247 700.0000
472 476 0.6884 700.0000
473 475 0.7901 700.0000
473 476 0.5586 700.0000
473 477 0.5261 700.0000
473 478 0.8542 700.0000
473 505 0.7832 700.0000
474 476 0.8235 700.0000
474 477 0.6721 700.0000
474 478 0.4508 700.0000
474 479 0.7474 700.0000
474 481 0.6439 700.0000
474 482 0.8866 700.0000
474 483 0.6113 700.0000
474 492 0.8916 700.0000
474 502 0.6665 700.0000
474 505 0.6433 700.0000
474 506 0.7996 700.0000
475 478 0.8463 700.0000
475 479 0.7135 700.0000
475 481 0.8337 700.0000
475 482 0.8276 700.0000
475 483 0.6926 700.0000
476 478 0.8163 700.0000
476 479 0.7568 700.0000
477 479 0.8806 700.0000
477 505 0.6150 700.0000
478 480 0.6958 700.0000
478 481 0.5570 700.0000
478 498 0.7179 700.0000
478 499 0.8705 700.0000
478 501 0.6737 700.0000
478 502 0.5356 700.0000
478 505 0.6841 700.0000
479 481 0.5714 700.0000
479 498 0.7970 700.0000
480 494 0.7798 700.0000
480 495 0.7321 700.0000
480 498 0.5396 700.0000
481 483 0.7223 700.0000
481 492 0.6495 700.0000
481 493 0.5871 700.0000
481 494 0.6132 700.0000
481 495 0.8108 700.0000
481 498 0.6547 700.0000
481 499 0.6652 700.0000
481 502 0.7005 700.0000
482 484 0.6171 700.0000
482 491 0.7431 700.0000
482 492 0.6924 700.0000
482 493 0.4949 700.0000
482 494 0.8201 700.0000
483 485 0.6025 700.0000
483 490 0.6218 700.0000
483 491 0.6911 700.0000
483 492 0.6803 700.0000
483 493 0.8371 700.0000
484 486 0.5881 700.0000
484 489 0.7396 700.0000
484 490 0.6055 700.0000
484 491 0.4320 700.0000
484 492 0.7208 700.0000
484 493 0.8231 700.0000
485 487 0.7886 700.0000
485 489 0.6191 700.0000
485 490 0.5385 700.0000
485 491 0.7314 700.0000
486 488 0.6609 700.0000
486 489 0.4165 700.0000
486 490 0.7135 700.0000
486 491 0.7267 700.0000
487 489 0.7449 700.0000
489 491 0.6237 700.0000
490 492 0.5571 700.0000
490 503 0.8875 700.0000
490 506 0.7231 700.0000
491 493 0.6559 700.0000
492 494 0.7049 700.0000
492 499 0.5818 700.0000
492 502 0.7078 700.0000
492 503 0.7395 700.0000
493 495 0.8093 700.0000
493 499 0.6998 700.0000
494 496 0.5933 700.0000
494 497 0.8689 700.0000
494 498 0.6595 700.0000
494 499 0.5068 700.0000
495 497 0.6034 700.0000
495 498 0.4946 700.0000
495 499 0.6489 700.0000
496 498 0.6226 700.0000
496 499 0.5351 700.0000
496 500 0.6921 700.0000
497 499 0.7014 700.0000
497 500 0.6366 700.0000
497 501 0.6625 700.0000
498 500 0.7021 700.0000
498 501 0.5889 700.0000
498 502 0.7782 700.0000
499 501 0.7147 700.0000
499 502 0.5656 700.0000
499 503 0.6378 700.0000
500 502 0.5205 700.0000
500 503 0.5160 700.0000
500 504 0.5863 700.0000
501 503 0.8316 700.0000
501 504 0.6332 700.0000
501 505 0.8677 700.0000
502 504 0.6158 700.0000
502 505 0.5864 700.0000
502 506 0.6065 700.0000
502 507 0.8268 700.0000
503 505 0.8935 700.0000
503 506 0.6257 700.0000
503 507 0.5750 700.0000
504 506 0.7375 700.0000
504 507 0.6165 700.0000
505 507 0.7852 700.0000
556 558 0.6838 700.0000
557 559 0.6440 700.0000
557 560 0.8969 700.0000
558 560 0.7956 700.0000
558 567 0.5440 700.0000
558 568 0.5493 700.0000
558 569 0.8354 700.0000
558 571 0.8687 700.0000
559 561 0.6637 700.0000
559 562 0.8891 700.0000
559 566 0.8441 700.0000
559 567 0.5751 700.0000
559 568 0.4525 700.0000
559 569 0.8886 700.0000
559 571 0.8287 700.0000
559 580 0.6889 700.0000
559 581 0.8837 700.0000
559 582 0.8862 700.0000
560 562 0.6326 700.0000
560 564 0.7601 700.0000
560 565 0.5886 700.0000
560 566 0.6452 700.0000
560 567 0.6040 700.0000
560 568 0.6581 700.0000
561 563 0.4739 700.0000
561 564 0.4393 700.0000
561 565 0.5998 700.0000
561 566 0.6043 700.0000
561 567 0.6883 700.0000
561 568 0.5668 700.0000
561 569 0.7791 700.0000
561 580 0.8196 700.0000
561 581 0.5493 700.0000
561 582 0.5116 700.0000
561 585 0.6642 700.0000
561 586 0.8681 700.0000
562 564 0.6705 700.0000
562 565 0.6019 700.0000
562 581 0.6394 700.0000
562 582 0.8673 700.0000
562 585 0.8712 700.0000
562 597 0.6628 700.0000
562 598 0.6744 700.0000
563 565 0.6968 700.0000
563 566 0.8646 700.0000
563 581 0.6737 700.0000
563 582 0.7023 700.0000
563 584 0.8855 700.0000
563 585 0.4994 700.0000
563 586 0.7157 700.0000
563 588 0.8554 700.0000
563 589 0.7629 700.0000
563 597 0.7085 700.0000
564 566 0.4267 700.0000
564 567 0.7538 700.0000
564 568 0.8409 700.0000
564 569 0.8628 700.0000
564 582 0.6681 700.0000
564 585 0.6248 700.0000
565 567 0.8612 700.0000
566 568 0.7486 700.0000
566 569 0.8085 700.0000
566 582 0.8202 700.0000
567 569 0.6238 700.0000
567 582 0.7877 700.0000
568 570 0.7482 700.0000
568 571 0.5702 700.0000
568 580 0.6959 700.0000
568 581 0.7282 700.0000
568 582 0.5069 700.0000
568 583 0.8785 700.0000
569 571 0.7118 700.0000
569 582 0.4288 700.0000
569 583 0.6749 700.0000
569 584 0.7277 700.0000
569 585 0.8087 700.0000
570 572 0.7493 700.0000
570 582 0.6277 700.0000
570 583 0.5442 700.0000
570 584 0.7181 700.0000
571 573 0.6037 700.0000
571 580 0.5425 700.0000
571 581 0.7485 700.0000
571 582 0.7199 700.0000
571 583 0.8023 700.0000
572 574 0.5984 700.0000
572 575 0.8667 700.0000
572 580 0.7660 700.0000
572 581 0.6126 700.0000
572 582 0.7166 700.0000
572 583 0.4953 700.0000
572 584 0.8184 700.0000
572 585 0.8929 700.0000
572 586 0.5955 700.0000
572 587 0.7076 700.0000
573 575 0.6168 700.0000
573 577 0.7807 700.0000
573 578 0.5606 700.0000
573 579 0.7274 700.0000
573 580 0.5502 700.0000
573 581 0.7126 700.0000
574 576 0.6887 700.0000
574 577 0.4968 700.0000
574 578 0.5722 700.0000
574 579 0.5684 700.0000
574 580 0.7473 700.0000
574 581 0.6774 700.0000
574 586 0.7656 700.0000
574 590 0.8479 700.0000
574 596 0.6854 700.0000
574 601 0.8065 700.0000
574 603 0.6080 700.0000
575 577 0.6141 700.0000
575 578 0.5534 700.0000
575 579 0.8799 700.0000
575 603 0.6381 700.0000
576 578 0.7414 700.0000
576 601 0.6147 700.0000
576 602 0.7129 700.0000
576 603 0.5352 700.0000
577 579 0.4094 700.0000
577 580 0.8847 700.0000
577 596 0.6405 700.0000
577 598 0.8030 700.0000
577 599 0.6053 700.0000
577 601 0.5904 700.0000
577 603 0.7448 700.0000
578 580 0.7500 700.0000
579 581 0.6519 700.0000
579 596 0.6104 700.0000
579 597 0.7888 700.0000
579 598 0.5748 700.0000
579 599 0.6391 700.0000
579 601 0.8305 700.0000
580 582 0.8482 700.0000
581 583 0.7145 700.0000
581 584 0.8891 700.0000
581 585 0.6906 700.0000
581 586 0.5205 700.0000
581 596 0.7723 700.0000
581 597 0.7313 700.0000
581 598 0.8174 700.0000
582 584 0.5210 700.0000
582 585 0.4513 700.0000
582 586 0.6610 700.0000
582 587 0.8645 700.0000
583 585 0.5407 700.0000
583 586 0.5354 700.0000
583 587 0.5178 700.0000
584 586 0.6304 700.0000
584 587 0.5447 700.0000
584 588 0.6906 700.0000
585 587 0.6567 700.0000
585 588 0.5961 700.0000
585 589 0.6983 700.0000
586 588 0.7199 700.0000
586 589 0.5215 700.0000
586 590 0.5354 700.0000
586 591 0.8466 700.0000
586 596 0.8144 700.0000
586 597 0.7697 700.0000
587 589 0.6415 700.0000
587 590 0.5951 700.0000
587 591 0.6891 700.0000
588 590 0.8337 700.0000
588 591 0.6064 700.0000
588 592 0.5686 700.0000
589 591 0.5017 700.0000
589 592 0.5144 700.0000
589 593 0.6889 700.0000
589 594 0.7489 700.0000
589 595 0.7176 700.0000
589 596 0.8712 700.0000
589 597 0.7281 700.0000
590 592 0.8152 700.0000
590 593 0.7318 700.0000
590 594 0.4628 700.0000
590 595 0.5775 700.0000
590 596 0.7566 700.0000
590 597 0.8239 700.0000
590 602 0.8310 700.0000
590 603 0.6432 700.0000
590 604 0.7959 700.0000
591 593 0.7484 700.0000
591 594 0.6851 700.0000
592 594 0.8903 700.0000
593 595 0.4744 700.0000
593 597 0.8660 700.0000
593 600 0.7893 700.0000
593 602 0.8843 700.0000
593 604 0.8876 700.0000
593 606 0.6960 700.0000
594 596 0.8395 700.0000
594 600 0.8898 700.0000
594 601 0.8323 700.0000
594 602 0.5522 700.0000
594 603 0.6337 700.0000
594 604 0.4466 700.0000
594 605 0.7299 700.0000
594 606 0.6254 700.0000
595 597 0.5881 700.0000
595 598 0.8774 700.0000
595 599 0.7553 700.0000
595 600 0.4893 700.0000
595 601 0.5843 700.0000
595 602 0.5518 700.0000
595 603 0.6710 700.0000
595 604 0.7627 700.0000
595 606 0.8083 700.0000
596 598 0.4733 700.0000
596 599 0.4265 700.0000
596 600 0.5184 700.0000
596 601 0.4849 700.0000
596 602 0.7595 700.0000
596 603 0.7002 700.0000
597 599 0.6475 700.0000
597 600 0.6034 700.0000
597 601 0.8210 700.0000
598 600 0.6677 700.0000
598 601 0.8219 700.0000
599 601 0.4541 700.0000
599 602 0.8671 700.0000
600 602 0.7539 700.0000
601 603 0.5512 700.0000
601 604 0.8882 700.0000
602 604 0.4656 700.0000
602 605 0.8181 700.0000
602 606 0.7222 700.0000
604 606 0.5858 700.0000
605 607 0.7103 700.0000
608 610 0.6127 700.0000
608 611 0.8837 700.0000
608 647 0.6978 700.0000
608 680 0.8899 700.0000
608 683 0.6837 700.0000
608 684 0.4108 700.0000
608 685 0.5495 700.0000
608 688 0.8161 700.0000
608 704 0.8672 700.0000
609 611 0.6672 700.0000
609 645 0.8019 700.0000
609 647 0.5415 700.0000
609 648 0.5330 700.0000
609 649 0.8776 700.0000
609 684 0.6093 700.0000
609 685 0.7875 700.0000
609 687 0.8588 700.0000
609 688 0.5112 700.0000
609 689 0.6022 700.0000
609 704 0.8354 700.0000
610 612 0.7645 700.0000
610 613 0.7404 700.0000
610 639 0.7300 700.0000
610 680 0.8262 700.0000
610 681 0.6034 700.0000
610 682 0.8829 700.0000
610 683 0.8915 700.0000
610 684 0.3574 700.0000
610 685 0.6632 700.0000
610 686 0.6357 700.0000
610 687 0.5267 700.0000
610 688 0.6667 700.0000
610 689 0.8615 700.0000
610 701 0.8850 700.0000
610 704 0.8680 700.0000
611 613 0.6541 700.0000
611 639 0.5599 700.0000
611 640 0.7181 700.0000
611 641 0.8029 700.0000
611 642 0.8269 700.0000
611 648 0.8574 700.0000
611 655 0.7136 700.0000
611 658 0.8875 700.0000
611 681 0.8720 700.0000
611 684 0.6629 700.0000
611 687 0.6493 700.0000
611 688 0.7118 700.0000
611 689 0.7292 700.0000
611 701 0.6999 700.0000
612 614 0.8640 700.0000
612 639 0.7245 700.0000
612 640 0.4873 700.0000
612 641 0.7465 700.0000
612 642 0.8325 700.0000
612 684 0.8879 700.0000
613 615 0.8033 700.0000
613 637 0.8621 700.0000
613 638 0.5784 700.0000
613 639 0.4970 700.0000
613 640 0.5425 700.0000
613 681 0.7058 700.0000
614 616 0.6097 700.0000
614 636 0.6983 700.0000
614 637 0.6460 700.0000
614 638 0.3956 700.0000
614 639 0.5907 700.0000
614 640 0.7739 700.0000
614 681 0.7257 700.0000
615 617 0.7479 700.0000
615 635 0.6545 700.0000
615 636 0.6576 700.0000
615 637 0.5153 700.0000
615 638 0.8064 700.0000
615 674 0.8282 700.0000
615 677 0.7520 700.0000
615 678 0.4657 700.0000
615 680 0.8961 700.0000
615 681 0.5240 700.0000
615 682 0.8424 700.0000
615 686 0.8823 700.0000
616 618 0.6997 700.0000
616 634 0.7821 700.0000
616 635 0.6131 700.0000
616 636 0.4359 700.0000
616 637 0.6869 700.0000
616 638 0.7759 700.0000
616 678 0.7982 700.0000
617 619 0.6855 700.0000
617 633 0.6711 700.0000
617 634 0.6578 700.0000
617 635 0.6557 700.0000
617 636 0.8093 700.0000
617 674 0.7168 700.0000
617 678 0.7763 700.0000
618 620 0.6883 700.0000
618 632 0.7804 700.0000
618 633 0.6303 700.0000
618 634 0.4122 700.0000
618 635 0.7086 700.0000
618 636 0.7774 700.0000
619 621 0.7747 700.0000
619 622 0.8580 700.0000
619 631 0.6895 700.0000
619 632 0.5843 700.0000
619 633 0.5713 700.0000
619 634 0.6417 700.0000
619 666 0.6730 700.0000
620 622 0.4365 700.0000
620 623 0.7797 700.0000
620 631 0.5628 700.0000
620 632 0.4171 700.0000
620 633 0.7181 700.0000
620 634 0.7122 700.0000
620 666 0.8061 700.0000
620 712 0.8621 700.0000
621 631 0.7512 700.0000
621 632 0.8806 700.0000
622 624 0.7513 700.0000
622 631 0.6407 700.0000
622 632 0.5601 700.0000
622 712 0.7151 700.0000
623 625 0.6282 700.0000
623 626 0.7915 700.0000
623 627 0.7683 700.0000
623 628 0.5318 700.0000
623 629 0.7520 700.0000
623 630 0.7474 700.0000
623 631 0.5667 700.0000
623 632 0.6385 700.0000
623 665 0.8846 700.0000
623 712 0.7665 700.0000
623 713 0.8551 700.0000
624 626 0.6176 700.0000
624 627 0.5306 700.0000
624 628 0.6538 700.0000
624 630 0.8019 700.0000
624 631 0.6499 700.0000
624 632 0.5959 700.0000
624 663 0.8006 700.0000
624 664 0.8011 700.0000
624 665 0.6246 700.0000
624 712 0.6227 700.0000
624 713 0.6968 700.0000
624 720 0.8709 700.0000
624 721 0.5219 700.0000
624 722 0.7902 700.0000
625 627 0.6067 700.0000
625 628 0.6037 700.0000
625 712 0.8344 700.0000
625 713 0.6266 700.0000
625 714 0.8399 700.0000
625 715 0.8451 700.0000
625 720 0.7996 700.0000
625 721 0.5299 700.0000
625 722 0.4835 700.0000
625 723 0.8815 700.0000
626 628 0.4671 700.0000
626 629 0.8181 700.0000
626 630 0.8189 700.0000
626 665 0.8681 700.0000
626 721 0.7575 700.0000
626 722 0.6533 700.0000
626 723 0.8962 700.0000
626 724 0.7064 700.0000
627 629 0.7527 700.0000
627 630 0.6063 700.0000
627 631 0.7847 700.0000
627 664 0.8722 700.0000
627 665 0.5349 700.0000
627 667 0.6888 700.0000
627 721 0.7013 700.0000
627 722 0.8199 700.0000
627 723 0.8945 700.0000
627 724 0.7098 700.0000
627 727 0.8804 700.0000
628 630 0.6748 700.0000
628 631 0.8483 700.0000
629 631 0.7110 700.0000
629 667 0.8889 700.0000
630 632 0.8396 700.0000
630 665 0.6649 700.0000
630 666 0.5797 700.0000
630 667 0.5581 700.0000
631 633 0.6659 700.0000
631 664 0.8346 700.0000
631 665 0.5951 700.0000
631 666 0.4304 700.0000
631 667 0.7404 700.0000
632 634 0.6111 700.0000
632 663 0.6802 700.0000
632 664 0.6593 700.0000
632 665 0.6187 700.0000
632 666 0.6238 700.0000
632 712 0.6685 700.0000
633 635 0.6372 700.0000
633 662 0.7378 700.0000
633 663 0.6968 700.0000
633 664 0.4190 700.0000
633 665 0.5744 700.0000
633 666 0.5625 700.0000
633 667 0.8533 700.0000
633 670 0.7045 700.0000
633 671 0.7470 700.0000
633 674 0.7188 700.0000
634 636 0.6539 700.0000
634 661 0.6796 700.0000
634 662 0.5580 700.0000
634 663 0.5532 700.0000
634 664 0.7349 700.0000
634 712 0.8266 700.0000
635 637 0.5532 700.0000
635 661 0.5918 700.0000
635 662 0.3845 700.0000
635 663 0.6611 700.0000
635 664 0.7124 700.0000
635 674 0.7540 700.0000
635 677 0.8336 700.0000
635 678 0.8697 700.0000
635 708 0.8110 700.0000
636 638 0.6251 700.0000
636 659 0.6779 700.0000
636 660 0.8421 700.0000
636 661 0.5522 700.0000
636 662 0.6802 700.0000
637 639 0.6826 700.0000
637 658 0.8502 700.0000
637 659 0.7734 700.0000
637 660 0.6827 700.0000
637 661 0.6849 700.0000
637 662 0.6929 700.0000
637 677 0.8559 700.0000
637 678 0.8968 700.0000
637 681 0.7222 700.0000
637 686 0.7168 700.0000
637 687 0.6994 700.0000
637 703 0.8463 700.0000
637 708 0.7923 700.0000
638 640 0.6757 700.0000
638 657 0.8487 700.0000
638 658 0.6632 700.0000
638 659 0.5393 700.0000
638 660 0.8512 700.0000
639 641 0.7665 700.0000
639 657 0.6601 700.0000
639 658 0.4932 700.0000
639 659 0.7492 700.0000
639 660 0.8416 700.0000
639 681 0.8645 700.0000
639 687 0.6517 700.0000
639 701 0.7095 700.0000
640 642 0.7525 700.0000
640 655 0.8467 700.0000
640 657 0.7172 700.0000
640 658 0.8388 700.0000
641 643 0.7654 700.0000
641 654 0.7454 700.0000
641 655 0.5044 700.0000
641 656 0.5801 700.0000
641 657 0.5294 700.0000
641 658 0.8317 700.0000
641 701 0.8935 700.0000
642 644 0.6974 700.0000
642 652 0.8345 700.0000
642 653 0.8953 700.0000
642 654 0.4968 700.0000
642 655 0.3283 700.0000
642 656 0.6596 700.0000
642 657 0.7914 700.0000
643 645 0.6690 700.0000
643 648 0.8547 700.0000
643 651 0.8197 700.0000
643 652 0.5101 700.0000
643 653 0.7441 700.0000
643 654 0.5342 700.0000
643 655 0.5845 700.0000
644 646 0.8834 700.0000
644 647 0.8802 700.0000
644 648 0.4469 700.0000
644 649 0.6151 700.0000
644 650 0.5134 700.0000
644 651 0.4854 700.0000
644 652 0.4920 700.0000
644 653 0.5123 700.0000
644 654 0.8115 700.0000
644 655 0.5939 700.0000
644 689 0.6520 700.0000
644 690 0.8521 700.0000
644 699 0.6549 700.0000
645 647 0.5082 700.0000
645 648 0.4128 700.0000
645 649 0.8176 700.0000
645 650 0.8710 700.0000
645 651 0.5969 700.0000
645 652 0.7294 700.0000
645 689 0.8953 700.0000
646 648 0.7319 700.0000
646 651 0.6527 700.0000
647 649 0.8680 700.0000
648 650 0.6985 700.0000
648 651 0.6556 700.0000
648 652 0.8775 700.0000
648 655 0.8317 700.0000
648 688 0.7741 700.0000
648 689 0.5358 700.0000
648 690 0.8324 700.0000
649 651 0.6242 700.0000
649 653 0.8204 700.0000
649 689 0.6447 700.0000
649 690 0.6586 700.0000
649 698 0.8895 700.0000
649 699 0.7476 700.0000
650 652 0.6757 700.0000
650 653 0.4658 700.0000
650 689 0.8250 700.0000
650 690 0.7900 700.0000
650 698 0.7664 700.0000
650 699 0.5793 700.0000
651 653 0.6047 700.0000
652 654 0.6990 700.0000
652 655 0.8878 700.0000
653 655 0.8123 700.0000
653 698 0.7992 700.0000
653 699 0.5271 700.0000
654 656 0.7714 700.0000
655 657 0.6755 700.0000
655 689 0.6703 700.0000
655 690 0.8928 700.0000
655 699 0.7105 700.0000
655 700 0.6943 700.0000
655 701 0.6494 700.0000
656 658 0.6755 700.0000
656 699 0.8087 700.0000
656 700 0.6223 700.0000
656 701 0.6228 700.0000
657 659 0.7974 700.0000
657 700 0.8448 700.0000
657 701 0.6395 700.0000
658 660 0.5559 700.0000
658 687 0.7909 700.0000
658 700 0.8876 700.0000
658 701 0.5465 700.0000
658 702 0.8881 700.0000
659 661 0.6878 700.0000
660 662 0.8193 700.0000
660 687 0.8516 700.0000
660 701 0.8809 700.0000
660 703 0.6964 700.0000
660 708 0.8735 700.0000
660 710 0.7161 700.0000
661 663 0.5705 700.0000
661 708 0.8647 700.0000
661 710 0.5717 700.0000
661 711 0.8140 700.0000
662 664 0.6578 700.0000
662 708 0.6196 700.0000
662 709 0.6914 700.0000
662 710 0.5681 700.0000
662 711 0.7732 700.0000
662 712 0.8509 700.0000
663 665 0.8819 700.0000
663 708 0.8723 700.0000
663 709 0.6468 700.0000
663 710 0.5836 700.0000
663 711 0.5648 700.0000
663 712 0.4870 700.0000
663 713 0.8717 700.0000
663 720 0.8260 700.0000
663 721 0.7421 700.0000
664 666 0.7468 700.0000
664 667 0.7753 700.0000
664 669 0.8926 700.0000
664 670 0.5370 700.0000
664 671 0.8660 700.0000
664 673 0.7010 700.0000
664 674 0.7138 700.0000
664 708 0.8815 700.0000
664 709 0.7696 700.0000
664 721 0.7858 700.0000
664 726 0.7873 700.0000
664 727 0.7773 700.0000
665 667 0.4617 700.0000
665 669 0.7356 700.0000
665 670 0.5100 700.0000
665 671 0.7958 700.0000
665 673 0.8677 700.0000
665 721 0.7739 700.0000
665 727 0.7609 700.0000
666 668 0.8553 700.0000
666 670 0.6711 700.0000
666 671 0.5071 700.0000
667 669 0.5406 700.0000
667 670 0.4751 700.0000
667 671 0.5984 700.0000
667 727 0.8652 700.0000
668 670 0.6950 700.0000
668 671 0.5941 700.0000
668 672 0.6921 700.0000
669 671 0.8601 700.0000
669 672 0.5907 700.0000
669 673 0.6658 700.0000
669 727 0.5106 700.0000
669 728 0.8975 700.0000
669 731 0.7485 700.0000
670 672 0.6000 700.0000
670 673 0.4505 700.0000
670 674 0.5980 700.0000
670 675 0.8154 700.0000
670 727 0.6722 700.0000
671 673 0.8372 700.0000
671 674 0.6785 700.0000
671 675 0.7500 700.0000
672 674 0.7667 700.0000
672 675 0.5947 700.0000
672 676 0.6058 700.0000
672 727 0.8822 700.0000
672 731 0.7166 700.0000
673 675 0.6708 700.0000
673 676 0.5022 700.0000
673 677 0.5707 700.0000
673 726 0.8552 700.0000
673 727 0.6620 700.0000
673 730 0.6636 700.0000
673 731 0.6515 700.0000
673 734 0.7956 700.0000
674 676 0.6621 700.0000
674 677 0.5316 700.0000
674 678 0.5643 700.0000
675 677 0.7668 700.0000
675 678 0.6745 700.0000
675 679 0.7671 700.0000
676 678 0.7942 700.0000
676 679 0.5334 700.0000
676 680 0.7110 700.0000
676 730 0.8393 700.0000
676 731 0.7611 700.0000
676 734 0.5784 700.0000
677 679 0.7723 700.0000
677 680 0.5567 700.0000
677 681 0.7513 700.0000
677 686 0.6874 700.0000
677 706 0.7605 700.0000
677 708 0.7879 700.0000
677 730 0.8237 700.0000
677 734 0.7109 700.0000
678 680 0.7406 700.0000
678 681 0.6284 700.0000
678 682 0.6792 700.0000
679 682 0.6774 700.0000
679 683 0.6016 700.0000
679 734 0.8292 700.0000
680 682 0.5638 700.0000
680 683 0.4640 700.0000
680 684 0.7449 700.0000
680 685 0.4617 700.0000
680 686 0.5542 700.0000
680 706 0.8267 700.0000
680 734 0.7443 700.0000
680 737 0.7754 700.0000
681 683 0.7716 700.0000
681 684 0.6428 700.0000
681 685 0.7611 700.0000
681 686 0.5994 700.0000
681 687 0.7531 700.0000
682 684 0.6975 700.0000
682 685 0.8645 700.0000
683 685 0.5411 700.0000
683 737 0.8282 700.0000
684 686 0.8027 700.0000
684 687 0.8379 700.0000
684 688 0.8977 700.0000
685 687 0.7603 700.0000
685 688 0.8369 700.0000
685 704 0.5621 700.0000
685 705 0.8750 700.0000
685 706 0.7556 700.0000
685 734 0.8507 700.0000
685 737 0.5678 700.0000
686 688 0.8028 700.0000
686 702 0.8922 700.0000
686 703 0.6381 700.0000
686 704 0.5866 700.0000
686 705 0.8734 700.0000
686 706 0.5580 700.0000
686 708 0.7623 700.0000
687 689 0.8510 700.0000
687 701 0.6302 700.0000
687 702 0.6012 700.0000
687 703 0.5264 700.0000
687 704 0.6577 700.0000
687 706 0.8285 700.0000
688 690 0.6210 700.0000
688 700 0.7890 700.0000
688 701 0.6078 700.0000
688 702 0.4435 700.0000
688 703 0.8068 700.0000
688 704 0.5668 700.0000
689 698 0.8658 700.0000
689 699 0.6803 700.0000
689 700 0.5749 700.0000
689 701 0.5644 700.0000
689 702 0.6035 700.0000
690 692 0.6684 700.0000
690 697 0.7580 700.0000
690 698 0.5484 700.0000
690 699 0.5328 700.0000
690 700 0.4354 700.0000
690 701 0.6871 700.0000
690 702 0.5841 700.0000
691 693 0.5968 700.0000
691 694 0.8385 700.0000
691 695 0.7771 700.0000
691 696 0.5502 700.0000
691 697 0.5267 700.0000
691 698 0.5411 700.0000
691 699 0.8146 700.0000
691 700 0.7532 700.0000
691 702 0.8957 700.0000
692 694 0.5227 700.0000
692 695 0.4696 700.0000
692 696 0.5135 700.0000
692 697 0.4793 700.0000
692 698 0.6960 700.0000
692 700 0.6468 700.0000
692 702 0.7290 700.0000
693 695 0.8845 700.0000
693 696 0.8262 700.0000
694 696 0.6429 700.0000
694 697 0.7977 700.0000
695 697 0.4788 700.0000
695 698 0.8686 700.0000
695 700 0.8299 700.0000
696 698 0.6751 700.0000
697 699 0.6938 700.0000
697 700 0.6275 700.0000
698 700 0.5580 700.0000
699 701 0.8676 700.0000
700 702 0.5952 700.0000
701 703 0.7975 700.0000
702 704 0.6944 700.0000
703 705 0.7943 700.0000
703 706 0.6565 700.0000
703 707 0.7130 700.0000
703 708 0.6035 700.0000
704 706 0.5736 700.0000
704 707 0.8961 700.0000
704 737 0.7143 700.0000
705 707 0.6557 700.0000
705 733 0.6452 700.0000
705 736 0.8894 700.0000
705 737 0.7382 700.0000
706 708 0.5815 700.0000
706 730 0.6532 700.0000
706 733 0.5135 700.0000
706 734 0.6393 700.0000
706 737 0.7391 700.0000
707 709 0.7936 700.0000
707 719 0.8759 700.0000
707 726 0.7321 700.0000
707 729 0.7337 700.0000
707 730 0.6843 700.0000
707 733 0.5935 700.0000
708 710 0.6839 700.0000
708 726 0.7516 700.0000
708 730 0.7819 700.0000
709 711 0.5564 700.0000
709 715 0.7589 700.0000
709 716 0.7736 700.0000
709 719 0.6254 700.0000
709 720 0.4513 700.0000
709 721 0.5390 700.0000
709 723 0.7219 700.0000
709 726 0.5554 700.0000
710 712 0.8613 700.0000
710 718 0.8537 700.0000
710 719 0.5953 700.0000
710 720 0.7155 700.0000
711 713 0.6229 700.0000
711 714 0.7127 700.0000
711 715 0.6997 700.0000
711 718 0.6258 700.0000
711 719 0.6427 700.0000
711 720 0.4697 700.0000
711 721 0.6725 700.0000
712 720 0.8452 700.0000
712 721 0.7452 700.0000
713 715 0.7417 700.0000
713 718 0.8328 700.0000
713 720 0.6861 700.0000
713 721 0.6890 700.0000
713 722 0.8009 700.0000
714 716 0.6190 700.0000
714 717 0.7081 700.0000
714 718 0.4498 700.0000
714 719 0.8484 700.0000
714 720 0.5130 700.0000
714 721 0.7615 700.0000
714 722 0.6328 700.0000
715 717 0.5996 700.0000
715 718 0.5102 700.0000
715 719 0.6957 700.0000
715 720 0.3292 700.0000
715 721 0.6235 700.0000
715 722 0.5194 700.0000
715 723 0.6734 700.0000
716 718 0.6652 700.0000
716 719 0.6260 700.0000
716 720 0.4997 700.0000
716 721 0.7933 700.0000
716 722 0.6893 700.0000
716 723 0.5872 700.0000
717 719 0.6622 700.0000
717 720 0.8170 700.0000
718 720 0.6116 700.0000
720 722 0.5984 700.0000
720 723 0.6218 700.0000
720 726 0.8253 700.0000
721 723 0.5661 700.0000
721 724 0.7710 700.0000
721 726 0.7384 700.0000
722 724 0.6632 700.0000
723 725 0.4705 700.0000
723 726 0.5699 700.0000
723 727 0.7799 700.0000
723 729 0.7166 700.0000
724 726 0.7521 700.0000
724 727 0.7037 700.0000
724 728 0.8751 700.0000
724 729 0.8540 700.0000
725 727 0.6303 700.0000
725 728 0.5599 700.0000
725 729 0.4614 700.0000
725 730 0.8854 700.0000
726 728 0.8077 700.0000
726 729 0.5033 700.0000
726 730 0.5251 700.0000
726 731 0.8303 700.0000
726 733 0.8733 700.0000
727 729 0.6940 700.0000
727 730 0.5912 700.0000
727 731 0.6013 700.0000
728 730 0.7286 700.0000
728 731 0.5640 700.0000
728 732 0.5533 700.0000
729 731 0.7990 700.0000
729 732 0.6720 700.0000
729 733 0.6949 700.0000
730 732 0.6443 700.0000
730 733 0.4612 700.0000
730 734 0.5668 700.0000
731 733 0.7461 700.0000
731 734 0.6295 700.0000
731 735 0.7350 700.0000
732 734 0.7538 700.0000
732 735 0.6227 700.0000
732 736 0.7704 700.0000
733 735 0.8235 700.0000
733 736 0.6718 700.0000
733 737 0.7278 700.0000
734 736 0.6253 700.0000
734 737 0.5656 700.0000
735 737 0.7912 700.0000
