i	j	b_idx	d[nm]	k[kJ/mol/nm^2]
1358	1359	0	0.3800	8033.0000
1359	1360	1	0.3800	8033.0000
1360	1361	2	0.3800	8033.0000
1361	1362	3	0.3800	8033.0000
1362	1363	4	0.3800	8033.0000
1363	1364	5	0.3800	8033.0000
1364	1365	6	0.3800	8033.0000
1365	1366	7	0.3800	8033.0000
1366	1367	8	0.3800	8033.0000
1367	1368	9	0.3800	8033.0000
1368	1369	10	0.3800	8033.0000
1369	1370	11	0.3800	8033.0000
1370	1371	12	0.3800	8033.0000
1371	1372	13	0.3800	8033.0000
1372	1373	14	0.3800	8033.0000
1373	1374	15	0.3800	8033.0000
1374	1375	16	0.3800	8033.0000
1375	1376	17	0.3800	8033.0000
1376	1377	18	0.3800	8033.0000
1377	1378	19	0.3800	8033.0000
1378	1379	20	0.3800	8033.0000
1379	1380	21	0.3800	8033.0000
1380	1381	22	0.3800	8033.0000
1381	1382	23	0.3800	8033.0000
1382	1383	24	0.3800	8033.0000
1383	1384	25	0.3800	8033.0000
1384	1385	26	0.3800	8033.0000
1385	1386	27	0.3800	8033.0000
1386	1387	28	0.3800	8033.0000
1387	1388	29	0.3800	8033.0000
1388	1389	30	0.3800	8033.0000
1389	1390	31	0.3800	8033.0000
1390	1391	32	0.3800	8033.0000
1391	1392	33	0.3800	8033.0000
1392	1393	34	0.3800	8033.0000
1393	1394	35	0.3800	8033.0000
1394	1395	36	0.3800	8033.0000
1395	1396	37	0.3800	8033.0000
1396	1397	38	0.3800	8033.0000
1397	1398	39	0.3800	8033.0000
1398	1399	40	0.3800	8033.0000
1399	1400	41	0.3800	8033.0000
1400	1401	42	0.3800	8033.0000
1401	1402	43	0.3800	8033.0000
1402	1403	44	0.3800	8033.0000
1403	1404	45	0.3800	8033.0000
1404	1405	46	0.3800	8033.0000
1405	1406	47	0.3800	8033.0000
1406	1407	48	0.3800	8033.0000
1407	1408	49	0.3800	8033.0000
1408	1409	50	0.3800	8033.0000
1409	1410	51	0.3800	8033.0000
1410	1411	52	0.3800	8033.0000
1411	1412	53	0.3800	8033.0000
1412	1413	54	0.3800	8033.0000
1413	1414	55	0.3800	8033.0000
1414	1415	56	0.3800	8033.0000
1415	1416	57	0.3800	8033.0000
1416	1417	58	0.3800	8033.0000
1417	1418	59	0.3800	8033.0000
1418	1419	60	0.3800	8033.0000
1419	1420	61	0.3800	8033.0000
1420	1421	62	0.3800	8033.0000
1421	1422	63	0.3800	8033.0000
1422	1423	64	0.3800	8033.0000
1423	1424	65	0.3800	8033.0000
1424	1425	66	0.3800	8033.0000
1425	1426	67	0.3800	8033.0000
1426	1427	68	0.3800	8033.0000
1427	1428	69	0.3800	8033.0000
1428	1429	70	0.3800	8033.0000
1429	1430	71	0.3800	8033.0000
1430	1431	72	0.3800	8033.0000
1431	1432	73	0.3800	8033.0000
1432	1433	74	0.3800	8033.0000
1433	1434	75	0.3800	8033.0000
1434	1435	76	0.3800	8033.0000
1435	1436	77	0.3800	8033.0000
1436	1437	78	0.3800	8033.0000
1437	1438	79	0.3800	8033.0000
1438	1439	80	0.3800	8033.0000
1439	1440	81	0.3800	8033.0000
1440	1441	82	0.3800	8033.0000
1441	1442	83	0.3800	8033.0000
1442	1443	84	0.3800	8033.0000
1443	1444	85	0.3800	8033.0000
1444	1445	86	0.3800	8033.0000
1445	1446	87	0.3800	8033.0000
1446	1447	88	0.3800	8033.0000
