i	j	b_idx	d[nm]	k[kJ/mol/nm^2]
1	2	0	0.3800	8033.0000
2	3	1	0.3800	8033.0000
3	4	2	0.3800	8033.0000
4	5	3	0.3800	8033.0000
5	6	4	0.3800	8033.0000
6	7	5	0.3800	8033.0000
7	8	6	0.3800	8033.0000
8	9	7	0.3800	8033.0000
9	10	8	0.3800	8033.0000
10	11	9	0.3800	8033.0000
11	12	10	0.3800	8033.0000
12	13	11	0.3800	8033.0000
13	14	12	0.3800	8033.0000
14	15	13	0.3800	8033.0000
15	16	14	0.3800	8033.0000
16	17	15	0.3800	8033.0000
17	18	16	0.3800	8033.0000
18	19	17	0.3800	8033.0000
19	20	18	0.3800	8033.0000
20	21	19	0.3800	8033.0000
21	22	20	0.3800	8033.0000
22	23	21	0.3800	8033.0000
23	24	22	0.3800	8033.0000
24	25	23	0.3800	8033.0000
25	26	24	0.3800	8033.0000
26	27	25	0.3800	8033.0000
27	28	26	0.3800	8033.0000
28	29	27	0.3800	8033.0000
29	30	28	0.3800	8033.0000
30	31	29	0.3800	8033.0000
31	32	30	0.3800	8033.0000
32	33	31	0.3800	8033.0000
33	34	32	0.3800	8033.0000
34	35	33	0.3800	8033.0000
35	36	34	0.3800	8033.0000
36	37	35	0.3800	8033.0000
37	38	36	0.3800	8033.0000
38	39	37	0.3800	8033.0000
39	40	38	0.3800	8033.0000
40	41	39	0.3800	8033.0000
41	42	40	0.3800	8033.0000
42	43	41	0.3800	8033.0000
43	44	42	0.3800	8033.0000
44	45	43	0.3800	8033.0000
45	46	44	0.3800	8033.0000
46	47	45	0.3800	8033.0000
47	48	46	0.3800	8033.0000
48	49	47	0.3800	8033.0000
49	50	48	0.3800	8033.0000
50	51	49	0.3800	8033.0000
51	52	50	0.3800	8033.0000
52	53	51	0.3800	8033.0000
53	54	52	0.3800	8033.0000
54	55	53	0.3800	8033.0000
55	56	54	0.3800	8033.0000
56	57	55	0.3800	8033.0000
57	58	56	0.3800	8033.0000
58	59	57	0.3800	8033.0000
59	60	58	0.3800	8033.0000
60	61	59	0.3800	8033.0000
61	62	60	0.3800	8033.0000
62	63	61	0.3800	8033.0000
63	64	62	0.3800	8033.0000
64	65	63	0.3800	8033.0000
65	66	64	0.3800	8033.0000
66	67	65	0.3800	8033.0000
67	68	66	0.3800	8033.0000
68	69	67	0.3800	8033.0000
69	70	68	0.3800	8033.0000
70	71	69	0.3800	8033.0000
71	72	70	0.3800	8033.0000
72	73	71	0.3800	8033.0000
73	74	72	0.3800	8033.0000
74	75	73	0.3800	8033.0000
75	76	74	0.3800	8033.0000
76	77	75	0.3800	8033.0000
77	78	76	0.3800	8033.0000
78	79	77	0.3800	8033.0000
79	80	78	0.3800	8033.0000
80	81	79	0.3800	8033.0000
81	82	80	0.3800	8033.0000
82	83	81	0.3800	8033.0000
83	84	82	0.3800	8033.0000
84	85	83	0.3800	8033.0000
85	86	84	0.3800	8033.0000
86	87	85	0.3800	8033.0000
87	88	86	0.3800	8033.0000
88	89	87	0.3800	8033.0000
89	90	88	0.3800	8033.0000
90	91	89	0.3800	8033.0000
91	92	90	0.3800	8033.0000
92	93	91	0.3800	8033.0000
93	94	92	0.3800	8033.0000
94	95	93	0.3800	8033.0000
95	96	94	0.3800	8033.0000
96	97	95	0.3800	8033.0000
97	98	96	0.3800	8033.0000
98	99	97	0.3800	8033.0000
99	100	98	0.3800	8033.0000
100	101	99	0.3800	8033.0000
101	102	100	0.3800	8033.0000
102	103	101	0.3800	8033.0000
103	104	102	0.3800	8033.0000
104	105	103	0.3800	8033.0000
105	106	104	0.3800	8033.0000
106	107	105	0.3800	8033.0000
107	108	106	0.3800	8033.0000
108	109	107	0.3800	8033.0000
109	110	108	0.3800	8033.0000
110	111	109	0.3800	8033.0000
111	112	110	0.3800	8033.0000
112	113	111	0.3800	8033.0000
113	114	112	0.3800	8033.0000
114	115	113	0.3800	8033.0000
115	116	114	0.3800	8033.0000
116	117	115	0.3800	8033.0000
117	118	116	0.5472	8033.0000
118	119	117	0.5251	8033.0000
119	120	118	0.5638	8033.0000
120	121	119	0.4626	8033.0000
121	122	120	0.4857	8033.0000
122	123	121	0.3840	8033.0000
123	124	122	0.4547	8033.0000
124	125	123	0.5580	8033.0000
125	126	124	0.5802	8033.0000
126	127	125	0.5652	8033.0000
127	128	126	0.5157	8033.0000
128	129	127	0.4725	8033.0000
129	130	128	0.4934	8033.0000
130	131	129	0.5403	8033.0000
131	132	130	0.5848	8033.0000
132	133	131	0.6173	8033.0000
133	134	132	0.5689	8033.0000
134	135	133	0.4913	8033.0000
135	136	134	0.4015	8033.0000
136	137	135	0.5612	8033.0000
137	138	136	0.5392	8033.0000
138	139	137	0.5703	8033.0000
139	140	138	0.5888	8033.0000
140	141	139	0.5603	8033.0000
141	142	140	0.5711	8033.0000
142	143	141	0.5469	8033.0000
143	144	142	0.5535	8033.0000
144	145	143	0.5670	8033.0000
145	146	144	0.6800	8033.0000
146	147	145	0.4873	8033.0000
147	148	146	0.7412	8033.0000
148	149	147	0.5684	8033.0000
149	150	148	0.6504	8033.0000
150	151	149	0.5777	8033.0000
151	152	150	0.5418	8033.0000
152	153	151	0.6057	8033.0000
153	154	152	0.5552	8033.0000
154	155	153	0.5543	8033.0000
155	156	154	0.5179	8033.0000
156	157	155	0.5539	8033.0000
157	158	156	0.5796	8033.0000
158	159	157	0.4816	8033.0000
159	160	158	0.5481	8033.0000
160	161	159	0.5919	8033.0000
161	162	160	0.6356	8033.0000
162	163	161	0.5259	8033.0000
163	164	162	0.5242	8033.0000
164	165	163	0.3503	8033.0000
165	166	164	0.4719	8033.0000
166	167	165	0.4792	8033.0000
167	168	166	0.4226	8033.0000
168	169	167	0.5549	8033.0000
169	170	168	0.5234	8033.0000
170	171	169	0.5514	8033.0000
171	172	170	0.6212	8033.0000
172	173	171	0.5677	8033.0000
173	174	172	0.5563	8033.0000
174	175	173	0.4032	8033.0000
175	176	174	0.3783	8033.0000
176	177	175	0.4798	8033.0000
177	178	176	0.5932	8033.0000
178	179	177	0.5513	8033.0000
179	180	178	0.4661	8033.0000
180	181	179	0.5211	8033.0000
181	182	180	0.6051	8033.0000
182	183	181	0.5860	8033.0000
183	184	182	0.5680	8033.0000
184	185	183	0.5608	8033.0000
185	186	184	0.4841	8033.0000
186	187	185	0.5830	8033.0000
187	188	186	0.6102	8033.0000
188	189	187	0.5612	8033.0000
189	190	188	0.6071	8033.0000
190	191	189	0.5257	8033.0000
191	192	190	0.5569	8033.0000
192	193	191	0.5839	8033.0000
193	194	192	0.5743	8033.0000
194	195	193	0.6295	8033.0000
195	196	194	0.5218	8033.0000
196	197	195	0.4850	8033.0000
197	198	196	0.4946	8033.0000
198	199	197	0.4153	8033.0000
199	200	198	0.5820	8033.0000
200	201	199	0.3800	8033.0000
201	202	200	0.3800	8033.0000
202	203	201	0.3800	8033.0000
203	204	202	0.3800	8033.0000
204	205	203	0.3800	8033.0000
205	206	204	0.3800	8033.0000
206	207	205	0.3800	8033.0000
207	208	206	0.3800	8033.0000
208	209	207	0.3800	8033.0000
209	210	208	0.3800	8033.0000
210	211	209	0.3800	8033.0000
211	212	210	0.3800	8033.0000
212	213	211	0.3800	8033.0000
213	214	212	0.3800	8033.0000
214	215	213	0.3800	8033.0000
215	216	214	0.3800	8033.0000
216	217	215	0.3800	8033.0000
217	218	216	0.3800	8033.0000
218	219	217	0.3800	8033.0000
219	220	218	0.3800	8033.0000
220	221	219	0.3800	8033.0000
221	222	220	0.3800	8033.0000
222	223	221	0.3800	8033.0000
223	224	222	0.3800	8033.0000
224	225	223	0.3800	8033.0000
225	226	224	0.3800	8033.0000
226	227	225	0.3800	8033.0000
227	228	226	0.3800	8033.0000
228	229	227	0.3800	8033.0000
229	230	228	0.3800	8033.0000
230	231	229	0.3800	8033.0000
231	232	230	0.3800	8033.0000
232	233	231	0.3800	8033.0000
233	234	232	0.3800	8033.0000
234	235	233	0.3800	8033.0000
235	236	234	0.3800	8033.0000
236	237	235	0.3800	8033.0000
237	238	236	0.3800	8033.0000
238	239	237	0.3800	8033.0000
239	240	238	0.3800	8033.0000
240	241	239	0.3800	8033.0000
241	242	240	0.3800	8033.0000
242	243	241	0.3800	8033.0000
243	244	242	0.3800	8033.0000
244	245	243	0.3800	8033.0000
245	246	244	0.3800	8033.0000
246	247	245	0.3800	8033.0000
247	248	246	0.3800	8033.0000
248	249	247	0.3800	8033.0000
249	250	248	0.3800	8033.0000
250	251	249	0.3800	8033.0000
251	252	250	0.3800	8033.0000
252	253	251	0.3800	8033.0000
253	254	252	0.3800	8033.0000
254	255	253	0.3800	8033.0000
255	256	254	0.3800	8033.0000
256	257	255	0.3800	8033.0000
257	258	256	0.3800	8033.0000
258	259	257	0.3800	8033.0000
259	260	258	0.3800	8033.0000
260	261	259	0.3800	8033.0000
261	262	260	0.3800	8033.0000
262	263	261	0.3800	8033.0000
263	264	262	0.3800	8033.0000
264	265	263	0.3800	8033.0000
265	266	264	0.3800	8033.0000
266	267	265	0.3800	8033.0000
267	268	266	0.3800	8033.0000
268	269	267	0.3800	8033.0000
269	270	268	0.3800	8033.0000
270	271	269	0.3800	8033.0000
271	272	270	0.3800	8033.0000
272	273	271	0.3800	8033.0000
273	274	272	0.3800	8033.0000
274	275	273	0.3800	8033.0000
275	276	274	0.3800	8033.0000
276	277	275	0.3800	8033.0000
277	278	276	0.3800	8033.0000
278	279	277	0.3800	8033.0000
279	280	278	0.3800	8033.0000
280	281	279	0.3800	8033.0000
281	282	280	0.3800	8033.0000
282	283	281	0.3800	8033.0000
283	284	282	0.3800	8033.0000
284	285	283	0.3800	8033.0000
285	286	284	0.3800	8033.0000
286	287	285	0.3800	8033.0000
287	288	286	0.3800	8033.0000
288	289	287	0.3800	8033.0000
289	290	288	0.3800	8033.0000
290	291	289	0.3800	8033.0000
291	292	290	0.3800	8033.0000
292	293	291	0.3800	8033.0000
293	294	292	0.3800	8033.0000
294	295	293	0.3800	8033.0000
295	296	294	0.3800	8033.0000
296	297	295	0.3800	8033.0000
297	298	296	0.3800	8033.0000
298	299	297	0.4909	8033.0000
299	300	298	0.5335	8033.0000
300	301	299	0.3642	8033.0000
301	302	300	0.4167	8033.0000
302	303	301	0.6670	8033.0000
303	304	302	0.3946	8033.0000
304	305	303	0.3896	8033.0000
305	306	304	0.5570	8033.0000
306	307	305	0.3319	8033.0000
307	308	306	0.4660	8033.0000
308	309	307	0.5055	8033.0000
309	310	308	0.7666	8033.0000
310	311	309	0.3888	8033.0000
311	312	310	0.4543	8033.0000
312	313	311	0.4193	8033.0000
313	314	312	0.5033	8033.0000
314	315	313	0.5242	8033.0000
315	316	314	0.4008	8033.0000
316	317	315	0.4154	8033.0000
317	318	316	0.5686	8033.0000
318	319	317	0.4823	8033.0000
319	320	318	0.6050	8033.0000
320	321	319	0.5451	8033.0000
321	322	320	0.5201	8033.0000
322	323	321	0.5389	8033.0000
323	324	322	0.4373	8033.0000
324	325	323	0.5433	8033.0000
325	326	324	0.6787	8033.0000
326	327	325	0.4892	8033.0000
327	328	326	0.4427	8033.0000
328	329	327	0.4881	8033.0000
329	330	328	0.3925	8033.0000
330	331	329	0.4925	8033.0000
331	332	330	0.5308	8033.0000
332	333	331	0.4598	8033.0000
333	334	332	0.4980	8033.0000
334	335	333	0.4534	8033.0000
335	336	334	0.7084	8033.0000
336	337	335	0.5086	8033.0000
337	338	336	0.4258	8033.0000
338	339	337	0.4024	8033.0000
339	340	338	0.4374	8033.0000
340	341	339	0.5761	8033.0000
341	342	340	0.5564	8033.0000
342	343	341	0.6379	8033.0000
343	344	342	0.4946	8033.0000
344	345	343	0.5600	8033.0000
345	346	344	0.5733	8033.0000
346	347	345	0.5269	8033.0000
347	348	346	0.4261	8033.0000
348	349	347	0.5298	8033.0000
349	350	348	0.5188	8033.0000
350	351	349	0.5276	8033.0000
351	352	350	0.5354	8033.0000
352	353	351	0.5387	8033.0000
353	354	352	0.5395	8033.0000
354	355	353	0.5487	8033.0000
355	356	354	0.4105	8033.0000
356	357	355	0.4465	8033.0000
357	358	356	0.5306	8033.0000
358	359	357	0.5724	8033.0000
359	360	358	0.6542	8033.0000
360	361	359	0.6170	8033.0000
361	362	360	0.6268	8033.0000
362	363	361	0.5291	8033.0000
363	364	362	0.4894	8033.0000
364	365	363	0.4404	8033.0000
365	366	364	0.5522	8033.0000
366	367	365	0.5314	8033.0000
367	368	366	0.5515	8033.0000
368	369	367	0.4537	8033.0000
369	370	368	0.5154	8033.0000
370	371	369	0.5689	8033.0000
371	372	370	0.5105	8033.0000
372	373	371	0.5440	8033.0000
373	374	372	0.3867	8033.0000
374	375	373	0.5439	8033.0000
375	376	374	0.4356	8033.0000
376	377	375	0.3800	8033.0000
377	378	376	0.3800	8033.0000
378	379	377	0.3800	8033.0000
379	380	378	0.3800	8033.0000
380	381	379	0.3800	8033.0000
381	382	380	0.3800	8033.0000
382	383	381	0.3800	8033.0000
383	384	382	0.3800	8033.0000
384	385	383	0.3800	8033.0000
385	386	384	0.3800	8033.0000
386	387	385	0.3800	8033.0000
387	388	386	0.3800	8033.0000
388	389	387	0.3800	8033.0000
389	390	388	0.3800	8033.0000
390	391	389	0.3800	8033.0000
391	392	390	0.3800	8033.0000
392	393	391	0.3800	8033.0000
393	394	392	0.3800	8033.0000
394	395	393	0.3800	8033.0000
395	396	394	0.3800	8033.0000
396	397	395	0.3800	8033.0000
397	398	396	0.3800	8033.0000
398	399	397	0.3800	8033.0000
399	400	398	0.3800	8033.0000
400	401	399	0.3800	8033.0000
401	402	400	0.3800	8033.0000
402	403	401	0.3800	8033.0000
403	404	402	0.3800	8033.0000
404	405	403	0.3800	8033.0000
405	406	404	0.3800	8033.0000
406	407	405	0.3800	8033.0000
407	408	406	0.3800	8033.0000
408	409	407	0.3800	8033.0000
409	410	408	0.3800	8033.0000
410	411	409	0.3800	8033.0000
411	412	410	0.3800	8033.0000
412	413	411	0.3800	8033.0000
413	414	412	0.3800	8033.0000
414	415	413	0.3800	8033.0000
415	416	414	0.3800	8033.0000
416	417	415	0.3800	8033.0000
417	418	416	0.3800	8033.0000
418	419	417	0.3800	8033.0000
419	420	418	0.3800	8033.0000
420	421	419	0.3800	8033.0000
421	422	420	0.3800	8033.0000
422	423	421	0.3800	8033.0000
423	424	422	0.3800	8033.0000
424	425	423	0.3800	8033.0000
425	426	424	0.3800	8033.0000
426	427	425	0.3800	8033.0000
427	428	426	0.3800	8033.0000
428	429	427	0.3800	8033.0000
429	430	428	0.3800	8033.0000
430	431	429	0.3800	8033.0000
431	432	430	0.3800	8033.0000
432	433	431	0.3800	8033.0000
433	434	432	0.3800	8033.0000
434	435	433	0.3800	8033.0000
435	436	434	0.3800	8033.0000
436	437	435	0.3800	8033.0000
437	438	436	0.3800	8033.0000
438	439	437	0.3800	8033.0000
439	440	438	0.3800	8033.0000
440	441	439	0.3800	8033.0000
441	442	440	0.3800	8033.0000
442	443	441	0.3800	8033.0000
443	444	442	0.3800	8033.0000
444	445	443	0.3800	8033.0000
445	446	444	0.3800	8033.0000
446	447	445	0.3800	8033.0000
447	448	446	0.3800	8033.0000
448	449	447	0.3800	8033.0000
449	450	448	0.3800	8033.0000
450	451	449	0.3930	8033.0000
451	452	450	0.5028	8033.0000
452	453	451	0.4376	8033.0000
453	454	452	0.4317	8033.0000
454	455	453	0.4852	8033.0000
455	456	454	0.6207	8033.0000
456	457	455	0.5192	8033.0000
457	458	456	0.6835	8033.0000
458	459	457	0.4305	8033.0000
459	460	458	0.6956	8033.0000
460	461	459	0.5082	8033.0000
461	462	460	0.4684	8033.0000
462	463	461	0.5258	8033.0000
463	464	462	0.5447	8033.0000
464	465	463	0.6373	8033.0000
465	466	464	0.4041	8033.0000
466	467	465	0.4265	8033.0000
467	468	466	0.3512	8033.0000
468	469	467	0.5401	8033.0000
469	470	468	0.5431	8033.0000
470	471	469	0.6083	8033.0000
471	472	470	0.3492	8033.0000
472	473	471	0.4345	8033.0000
473	474	472	0.4903	8033.0000
474	475	473	0.6629	8033.0000
475	476	474	0.4893	8033.0000
476	477	475	0.4703	8033.0000
477	478	476	0.3924	8033.0000
478	479	477	0.4605	8033.0000
479	480	478	0.5533	8033.0000
480	481	479	0.5348	8033.0000
481	482	480	0.3561	8033.0000
482	483	481	0.4438	8033.0000
483	484	482	0.6223	8033.0000
484	485	483	0.6170	8033.0000
485	486	484	0.5173	8033.0000
486	487	485	0.4297	8033.0000
487	488	486	0.4940	8033.0000
488	489	487	0.4849	8033.0000
489	490	488	0.5199	8033.0000
490	491	489	0.5472	8033.0000
491	492	490	0.4714	8033.0000
492	493	491	0.6139	8033.0000
493	494	492	0.7122	8033.0000
494	495	493	0.4760	8033.0000
495	496	494	0.5709	8033.0000
496	497	495	0.5888	8033.0000
497	498	496	0.4707	8033.0000
498	499	497	0.4402	8033.0000
499	500	498	0.5695	8033.0000
500	501	499	0.5707	8033.0000
501	502	500	0.4292	8033.0000
502	503	501	0.6801	8033.0000
503	504	502	0.6270	8033.0000
504	505	503	0.5802	8033.0000
505	506	504	0.4886	8033.0000
506	507	505	0.3431	8033.0000
507	508	506	0.3763	8033.0000
508	509	507	0.5632	8033.0000
509	510	508	0.3929	8033.0000
510	511	509	0.6139	8033.0000
511	512	510	0.4271	8033.0000
512	513	511	0.3786	8033.0000
513	514	512	0.5240	8033.0000
514	515	513	0.7108	8033.0000
515	516	514	0.4567	8033.0000
516	517	515	0.5085	8033.0000
517	518	516	0.4679	8033.0000
518	519	517	0.4858	8033.0000
519	520	518	0.3904	8033.0000
520	521	519	0.6357	8033.0000
521	522	520	0.5854	8033.0000
522	523	521	0.3583	8033.0000
523	524	522	0.5885	8033.0000
524	525	523	0.6665	8033.0000
525	526	524	0.5125	8033.0000
526	527	525	0.5117	8033.0000
527	528	526	0.5358	8033.0000
528	529	527	0.4884	8033.0000
529	530	528	0.4635	8033.0000
530	531	529	0.5160	8033.0000
531	532	530	0.3497	8033.0000
532	533	531	0.3911	8033.0000
533	534	532	0.5209	8033.0000
534	535	533	0.5696	8033.0000
535	536	534	0.4358	8033.0000
536	537	535	0.5036	8033.0000
537	538	536	0.5315	8033.0000
538	539	537	0.5310	8033.0000
539	540	538	0.4673	8033.0000
540	541	539	0.6740	8033.0000
541	542	540	0.5220	8033.0000
542	543	541	0.5797	8033.0000
543	544	542	0.6578	8033.0000
544	545	543	0.7659	8033.0000
545	546	544	0.5262	8033.0000
546	547	545	0.5201	8033.0000
547	548	546	0.6036	8033.0000
548	549	547	0.5606	8033.0000
549	550	548	0.4795	8033.0000
550	551	549	0.3442	8033.0000
551	552	550	0.4258	8033.0000
552	553	551	0.3800	8033.0000
553	554	552	0.3800	8033.0000
554	555	553	0.3800	8033.0000
555	556	554	0.3800	8033.0000
556	557	555	0.3800	8033.0000
557	558	556	0.3800	8033.0000
558	559	557	0.3800	8033.0000
559	560	558	0.3800	8033.0000
560	561	559	0.3800	8033.0000
561	562	560	0.3800	8033.0000
562	563	561	0.3800	8033.0000
563	564	562	0.3800	8033.0000
564	565	563	0.3800	8033.0000
565	566	564	0.3800	8033.0000
566	567	565	0.3800	8033.0000
567	568	566	0.3800	8033.0000
568	569	567	0.3800	8033.0000
569	570	568	0.3800	8033.0000
570	571	569	0.3800	8033.0000
571	572	570	0.3800	8033.0000
572	573	571	0.3800	8033.0000
573	574	572	0.3800	8033.0000
574	575	573	0.3800	8033.0000
575	576	574	0.3800	8033.0000
576	577	575	0.3800	8033.0000
577	578	576	0.3800	8033.0000
578	579	577	0.3800	8033.0000
579	580	578	0.3800	8033.0000
580	581	579	0.3800	8033.0000
581	582	580	0.3800	8033.0000
582	583	581	0.3800	8033.0000
583	584	582	0.3800	8033.0000
584	585	583	0.3800	8033.0000
585	586	584	0.3800	8033.0000
586	587	585	0.3800	8033.0000
587	588	586	0.3800	8033.0000
588	589	587	0.3800	8033.0000
589	590	588	0.3800	8033.0000
590	591	589	0.3800	8033.0000
591	592	590	0.3800	8033.0000
592	593	591	0.3800	8033.0000
593	594	592	0.3800	8033.0000
594	595	593	0.3800	8033.0000
595	596	594	0.3800	8033.0000
596	597	595	0.3800	8033.0000
597	598	596	0.3800	8033.0000
598	599	597	0.3800	8033.0000
599	600	598	0.3800	8033.0000
600	601	599	0.3800	8033.0000
601	602	600	0.3800	8033.0000
602	603	601	0.3800	8033.0000
603	604	602	0.3800	8033.0000
604	605	603	0.3800	8033.0000
605	606	604	0.3800	8033.0000
606	607	605	0.3800	8033.0000
607	608	606	0.3800	8033.0000
608	609	607	0.3800	8033.0000
609	610	608	0.3800	8033.0000
610	611	609	0.3800	8033.0000
611	612	610	0.3800	8033.0000
612	613	611	0.3800	8033.0000
613	614	612	0.3800	8033.0000
614	615	613	0.3800	8033.0000
615	616	614	0.3800	8033.0000
616	617	615	0.3800	8033.0000
617	618	616	0.3800	8033.0000
618	619	617	0.3800	8033.0000
619	620	618	0.3800	8033.0000
620	621	619	0.3800	8033.0000
621	622	620	0.3800	8033.0000
622	623	621	0.3800	8033.0000
623	624	622	0.3800	8033.0000
624	625	623	0.3800	8033.0000
625	626	624	0.3800	8033.0000
626	627	625	0.3800	8033.0000
627	628	626	0.3800	8033.0000
628	629	627	0.3800	8033.0000
629	630	628	0.3800	8033.0000
630	631	629	0.3800	8033.0000
631	632	630	0.3800	8033.0000
632	633	631	0.3800	8033.0000
633	634	632	0.3800	8033.0000
634	635	633	0.3800	8033.0000
635	636	634	0.3800	8033.0000
636	637	635	0.3800	8033.0000
637	638	636	0.3800	8033.0000
638	639	637	0.3800	8033.0000
639	640	638	0.3800	8033.0000
640	641	639	0.3800	8033.0000
641	642	640	0.3800	8033.0000
642	643	641	0.3800	8033.0000
643	644	642	0.3800	8033.0000
644	645	643	0.3800	8033.0000
645	646	644	0.3800	8033.0000
646	647	645	0.3800	8033.0000
647	648	646	0.3800	8033.0000
648	649	647	0.3800	8033.0000
649	650	648	0.3800	8033.0000
650	651	649	0.3800	8033.0000
651	652	650	0.3800	8033.0000
652	653	651	0.3800	8033.0000
653	654	652	0.3800	8033.0000
654	655	653	0.3800	8033.0000
655	656	654	0.3800	8033.0000
656	657	655	0.3800	8033.0000
657	658	656	0.3800	8033.0000
658	659	657	0.3800	8033.0000
659	660	658	0.3800	8033.0000
660	661	659	0.3800	8033.0000
661	662	660	0.3800	8033.0000
662	663	661	0.3800	8033.0000
663	664	662	0.3800	8033.0000
664	665	663	0.3800	8033.0000
665	666	664	0.3800	8033.0000
666	667	665	0.3800	8033.0000
667	668	666	0.3800	8033.0000
668	669	667	0.3800	8033.0000
669	670	668	0.3800	8033.0000
670	671	669	0.3800	8033.0000
671	672	670	0.3800	8033.0000
672	673	671	0.3800	8033.0000
673	674	672	0.3800	8033.0000
674	675	673	0.3800	8033.0000
675	676	674	0.3800	8033.0000
676	677	675	0.3800	8033.0000
