i j d[nm] fc
795 797 0.7959 2000.0000
795 798 0.7529 2000.0000
795 799 0.6378 2000.0000
795 804 0.8568 2000.0000
796 798 0.8238 2000.0000
796 799 0.8258 2000.0000
797 799 0.8039 2000.0000
798 800 0.6979 2000.0000
798 803 0.8835 2000.0000
799 801 0.6841 2000.0000
799 802 0.7726 2000.0000
799 803 0.4972 2000.0000
799 804 0.7064 2000.0000
800 802 0.4487 2000.0000
800 803 0.4555 2000.0000
800 804 0.7480 2000.0000
801 803 0.6122 2000.0000
801 804 0.6279 2000.0000
801 805 0.7501 2000.0000
802 804 0.6489 2000.0000
802 805 0.6202 2000.0000
802 806 0.7417 2000.0000
803 805 0.8149 2000.0000
803 806 0.6640 2000.0000
803 807 0.7575 2000.0000
804 806 0.6037 2000.0000
804 807 0.5485 2000.0000
804 808 0.6610 2000.0000
805 807 0.7651 2000.0000
805 808 0.6362 2000.0000
805 809 0.6225 2000.0000
806 808 0.5893 2000.0000
806 809 0.4830 2000.0000
806 810 0.6071 2000.0000
806 811 0.8828 2000.0000
807 809 0.7059 2000.0000
807 810 0.5288 2000.0000
807 811 0.5982 2000.0000
808 810 0.7259 2000.0000
808 811 0.5413 2000.0000
808 812 0.6222 2000.0000
809 811 0.8125 2000.0000
809 812 0.6258 2000.0000
809 813 0.7505 2000.0000
810 812 0.7970 2000.0000
810 813 0.5931 2000.0000
810 814 0.5972 2000.0000
811 813 0.6549 2000.0000
811 814 0.5855 2000.0000
811 815 0.6452 2000.0000
812 814 0.7617 2000.0000
812 815 0.5998 2000.0000
812 816 0.6514 2000.0000
813 815 0.6216 2000.0000
813 816 0.4978 2000.0000
813 817 0.6175 2000.0000
813 818 0.8435 2000.0000
814 816 0.6781 2000.0000
814 817 0.5403 2000.0000
814 818 0.5963 2000.0000
815 817 0.8042 2000.0000
815 818 0.5968 2000.0000
815 819 0.6203 2000.0000
816 818 0.7136 2000.0000
816 819 0.5695 2000.0000
816 820 0.6617 2000.0000
817 819 0.7595 2000.0000
817 820 0.5912 2000.0000
817 821 0.5891 2000.0000
818 820 0.7925 2000.0000
818 821 0.6004 2000.0000
818 822 0.7675 2000.0000
819 821 0.7511 2000.0000
819 822 0.6318 2000.0000
819 823 0.5740 2000.0000
820 822 0.8905 2000.0000
820 823 0.6678 2000.0000
820 824 0.7015 2000.0000
821 823 0.8591 2000.0000
821 824 0.6017 2000.0000
821 825 0.6571 2000.0000
822 824 0.8444 2000.0000
822 825 0.5961 2000.0000
822 826 0.5362 2000.0000
823 825 0.8674 2000.0000
823 826 0.5751 2000.0000
823 827 0.7372 2000.0000
824 826 0.8093 2000.0000
824 827 0.5938 2000.0000
824 828 0.5757 2000.0000
825 827 0.7914 2000.0000
825 828 0.5417 2000.0000
825 829 0.6523 2000.0000
826 828 0.7585 2000.0000
826 829 0.5772 2000.0000
826 830 0.6150 2000.0000
827 829 0.7979 2000.0000
827 830 0.6056 2000.0000
827 831 0.7505 2000.0000
828 830 0.7577 2000.0000
828 831 0.6871 2000.0000
828 832 0.6922 2000.0000
829 831 0.8198 2000.0000
829 832 0.5877 2000.0000
829 833 0.5884 2000.0000
830 832 0.7042 2000.0000
830 833 0.5434 2000.0000
830 834 0.6824 2000.0000
831 833 0.7587 2000.0000
831 834 0.5642 2000.0000
831 835 0.6384 2000.0000
832 834 0.6980 2000.0000
832 835 0.5698 2000.0000
832 836 0.6768 2000.0000
833 835 0.7504 2000.0000
833 836 0.5972 2000.0000
833 837 0.6605 2000.0000
834 836 0.6305 2000.0000
834 837 0.5780 2000.0000
834 838 0.7184 2000.0000
835 837 0.7490 2000.0000
835 838 0.5885 2000.0000
836 838 0.6357 2000.0000
836 839 0.6709 2000.0000
836 840 0.8814 2000.0000
837 839 0.7579 2000.0000
837 840 0.6721 2000.0000
838 840 0.7235 2000.0000
839 841 0.7806 2000.0000
840 842 0.6288 2000.0000
840 843 0.8905 2000.0000
841 843 0.5655 2000.0000
841 844 0.7912 2000.0000
842 844 0.5663 2000.0000
843 845 0.6518 2000.0000
843 846 0.8673 2000.0000
844 846 0.8598 2000.0000
845 847 0.5948 2000.0000
846 848 0.8639 2000.0000
846 849 0.8914 2000.0000
847 849 0.7464 2000.0000
848 850 0.5396 2000.0000
848 851 0.6886 2000.0000
848 852 0.8185 2000.0000
849 851 0.7373 2000.0000
849 852 0.6418 2000.0000
849 853 0.8249 2000.0000
850 852 0.6128 2000.0000
850 853 0.6056 2000.0000
850 854 0.7536 2000.0000
851 853 0.7350 2000.0000
851 854 0.6171 2000.0000
851 855 0.7490 2000.0000
852 854 0.8032 2000.0000
852 855 0.6983 2000.0000
852 856 0.8704 2000.0000
853 855 0.7140 2000.0000
853 856 0.7398 2000.0000
853 857 0.7812 2000.0000
854 856 0.7974 2000.0000
854 857 0.5548 2000.0000
854 858 0.6663 2000.0000
855 857 0.6170 2000.0000
855 858 0.5277 2000.0000
855 859 0.6042 2000.0000
856 858 0.8096 2000.0000
856 859 0.5459 2000.0000
856 860 0.6674 2000.0000
857 859 0.7851 2000.0000
857 860 0.6341 2000.0000
857 861 0.6864 2000.0000
858 860 0.7628 2000.0000
858 861 0.6075 2000.0000
858 862 0.6568 2000.0000
859 861 0.7647 2000.0000
859 862 0.5827 2000.0000
859 863 0.7012 2000.0000
860 862 0.7227 2000.0000
860 863 0.5481 2000.0000
860 864 0.6403 2000.0000
861 863 0.7314 2000.0000
861 864 0.5424 2000.0000
861 865 0.6341 2000.0000
862 864 0.7838 2000.0000
862 865 0.5741 2000.0000
862 866 0.5970 2000.0000
863 865 0.7945 2000.0000
863 866 0.5825 2000.0000
863 867 0.6009 2000.0000
864 866 0.7437 2000.0000
864 867 0.5784 2000.0000
864 868 0.6608 2000.0000
865 867 0.7817 2000.0000
865 868 0.5774 2000.0000
865 869 0.5723 2000.0000
866 868 0.7256 2000.0000
866 869 0.5237 2000.0000
866 870 0.6645 2000.0000
867 869 0.8001 2000.0000
867 870 0.6576 2000.0000
867 871 0.6920 2000.0000
868 870 0.8166 2000.0000
868 871 0.5870 2000.0000
868 872 0.6297 2000.0000
869 871 0.7442 2000.0000
869 872 0.5625 2000.0000
869 873 0.6068 2000.0000
870 872 0.7152 2000.0000
870 873 0.5399 2000.0000
870 874 0.5225 2000.0000
870 877 0.8590 2000.0000
871 873 0.7004 2000.0000
871 874 0.5349 2000.0000
871 875 0.6386 2000.0000
872 874 0.6759 2000.0000
872 875 0.4968 2000.0000
872 876 0.6238 2000.0000
873 875 0.6909 2000.0000
873 876 0.5137 2000.0000
873 877 0.5438 2000.0000
874 876 0.8210 2000.0000
874 877 0.5293 2000.0000
874 878 0.7468 2000.0000
874 879 0.7016 2000.0000
874 880 0.8425 2000.0000
875 877 0.7887 2000.0000
875 878 0.7146 2000.0000
875 879 0.8494 2000.0000
875 880 0.6603 2000.0000
876 878 0.8524 2000.0000
876 891 0.7898 2000.0000
877 879 0.6960 2000.0000
878 880 0.5187 2000.0000
878 881 0.6209 2000.0000
878 882 0.8345 2000.0000
879 881 0.6929 2000.0000
880 882 0.5922 2000.0000
881 883 0.5566 2000.0000
881 884 0.7247 2000.0000
882 884 0.6086 2000.0000
883 885 0.6024 2000.0000
884 886 0.7246 2000.0000
884 887 0.8338 2000.0000
885 887 0.7894 2000.0000
886 888 0.8623 2000.0000
887 889 0.6257 2000.0000
888 890 0.6820 2000.0000
888 891 0.8935 2000.0000
889 891 0.6125 2000.0000
889 892 0.8303 2000.0000
890 892 0.5021 2000.0000
891 893 0.7490 2000.0000
892 894 0.6219 2000.0000
892 895 0.8957 2000.0000
893 895 0.6019 2000.0000
894 896 0.8513 2000.0000
894 897 0.8841 2000.0000
895 897 0.5658 2000.0000
896 898 0.7812 2000.0000
897 899 0.5564 2000.0000
898 900 0.5890 2000.0000
898 901 0.8847 2000.0000
899 901 0.6172 2000.0000
899 902 0.8875 2000.0000
900 902 0.5901 2000.0000
901 903 0.8059 2000.0000
902 904 0.6502 2000.0000
903 905 0.6299 2000.0000
904 906 0.7594 2000.0000
905 907 0.7667 2000.0000
906 908 0.7424 2000.0000
907 909 0.7857 2000.0000
907 910 0.8071 2000.0000
909 911 0.6936 2000.0000
910 912 0.6018 2000.0000
910 913 0.8695 2000.0000
911 913 0.7702 2000.0000
912 914 0.6657 2000.0000
913 915 0.7446 2000.0000
914 916 0.7915 2000.0000
915 917 0.6406 2000.0000
916 918 0.7823 2000.0000
917 919 0.8057 2000.0000
918 920 0.7427 2000.0000
919 921 0.7901 2000.0000
920 922 0.7239 2000.0000
921 923 0.7037 2000.0000
922 924 0.7550 2000.0000
923 925 0.7795 2000.0000
924 926 0.7291 2000.0000
925 927 0.7683 2000.0000
926 928 0.6379 2000.0000
927 929 0.6767 2000.0000
928 930 0.6591 2000.0000
929 931 0.7523 2000.0000
930 932 0.7220 2000.0000
931 933 0.7633 2000.0000
932 934 0.7179 2000.0000
933 935 0.6951 2000.0000
934 936 0.7493 2000.0000
935 937 0.7178 2000.0000
936 938 0.7171 2000.0000
937 939 0.6976 2000.0000
938 940 0.6959 2000.0000
939 941 0.8313 2000.0000
940 942 0.6920 2000.0000
941 943 0.7375 2000.0000
942 944 0.7978 2000.0000
943 945 0.7649 2000.0000
944 946 0.7799 2000.0000
945 947 0.7228 2000.0000
946 948 0.7651 2000.0000
947 949 0.6805 2000.0000
948 950 0.6958 2000.0000
949 951 0.6136 2000.0000
950 952 0.6233 2000.0000
952 954 0.8047 2000.0000
953 955 0.6939 2000.0000
954 956 0.6489 2000.0000
955 957 0.7013 2000.0000
956 958 0.6739 2000.0000
957 959 0.5956 2000.0000
957 960 0.8355 2000.0000
958 960 0.7944 2000.0000
959 961 0.5759 2000.0000
960 962 0.6324 2000.0000
960 963 0.8395 2000.0000
961 963 0.5230 2000.0000
962 964 0.6762 2000.0000
962 965 0.8727 2000.0000
963 965 0.6822 2000.0000
964 966 0.6607 2000.0000
964 967 0.8608 2000.0000
965 967 0.7861 2000.0000
966 968 0.6917 2000.0000
966 969 0.8644 2000.0000
967 969 0.6721 2000.0000
967 970 0.8511 2000.0000
968 970 0.6478 2000.0000
968 971 0.8250 2000.0000
969 971 0.4728 2000.0000
969 972 0.8810 2000.0000
970 972 0.5909 2000.0000
970 973 0.8265 2000.0000
971 973 0.6682 2000.0000
971 974 0.8318 2000.0000
972 974 0.5685 2000.0000
972 975 0.7624 2000.0000
973 975 0.6102 2000.0000
973 976 0.7059 2000.0000
974 976 0.5519 2000.0000
996 999 0.8866 2000.0000
996 1000 0.5789 2000.0000
997 999 0.4516 2000.0000
997 1000 0.4190 2000.0000
997 1001 0.7424 2000.0000
997 1002 0.8530 2000.0000
997 1003 0.8922 2000.0000
998 1000 0.7202 2000.0000
998 1001 0.5201 2000.0000
998 1002 0.5774 2000.0000
999 1001 0.5755 2000.0000
999 1002 0.4545 2000.0000
999 1003 0.5499 2000.0000
999 1004 0.8889 2000.0000
1000 1002 0.7515 2000.0000
1000 1003 0.5908 2000.0000
1000 1004 0.7416 2000.0000
1001 1003 0.7584 2000.0000
1001 1004 0.5790 2000.0000
1001 1005 0.5430 2000.0000
1001 1006 0.8415 2000.0000
1001 1009 0.8981 2000.0000
1002 1004 0.7278 2000.0000
1002 1005 0.5541 2000.0000
1002 1006 0.5978 2000.0000
1002 1007 0.8931 2000.0000
1003 1005 0.7836 2000.0000
1003 1006 0.6402 2000.0000
1003 1007 0.6826 2000.0000
1004 1006 0.7000 2000.0000
1004 1007 0.5398 2000.0000
1004 1008 0.5151 2000.0000
1004 1009 0.5970 2000.0000
1005 1007 0.6369 2000.0000
1005 1008 0.7192 2000.0000
1005 1009 0.4624 2000.0000
1005 1010 0.7260 2000.0000
1006 1008 0.8012 2000.0000
1006 1009 0.7229 2000.0000
1006 1010 0.6723 2000.0000
1007 1009 0.6686 2000.0000
1007 1010 0.6854 2000.0000
1008 1010 0.6954 2000.0000
1008 1014 0.8294 2000.0000
1009 1012 0.7783 2000.0000
1009 1014 0.7653 2000.0000
1009 1015 0.6216 2000.0000
1009 1018 0.7994 2000.0000
1010 1012 0.4503 2000.0000
1010 1014 0.8354 2000.0000
1010 1015 0.5691 2000.0000
1010 1016 0.8616 2000.0000
1011 1013 0.7789 2000.0000
1011 1015 0.6550 2000.0000
1011 1016 0.6905 2000.0000
1012 1014 0.5918 2000.0000
1012 1015 0.4127 2000.0000
1012 1016 0.5998 2000.0000
1012 1017 0.8114 2000.0000
1012 1018 0.8446 2000.0000
1013 1015 0.6535 2000.0000
1013 1016 0.5683 2000.0000
1013 1017 0.6966 2000.0000
1014 1016 0.7994 2000.0000
1014 1017 0.6945 2000.0000
1014 1018 0.5664 2000.0000
1015 1017 0.5501 2000.0000
1015 1018 0.4668 2000.0000
1015 1019 0.6764 2000.0000
1015 1020 0.8887 2000.0000
1016 1018 0.6388 2000.0000
1016 1019 0.5443 2000.0000
1016 1020 0.5384 2000.0000
1017 1019 0.5616 2000.0000
1017 1020 0.4628 2000.0000
1017 1021 0.6142 2000.0000
1018 1020 0.8219 2000.0000
1018 1021 0.6449 2000.0000
1018 1022 0.7799 2000.0000
1019 1021 0.6091 2000.0000
1019 1022 0.5791 2000.0000
1019 1023 0.5292 2000.0000
1019 1024 0.8786 2000.0000
1020 1023 0.6383 2000.0000
1020 1024 0.7640 2000.0000
1021 1023 0.6353 2000.0000
1021 1024 0.4643 2000.0000
1021 1025 0.6330 2000.0000
1022 1024 0.6933 2000.0000
1022 1025 0.4887 2000.0000
1022 1026 0.6184 2000.0000
1023 1025 0.7266 2000.0000
1023 1026 0.6401 2000.0000
1023 1027 0.7297 2000.0000
1024 1026 0.7174 2000.0000
1024 1027 0.5982 2000.0000
1024 1028 0.6245 2000.0000
1025 1027 0.6752 2000.0000
1025 1028 0.5063 2000.0000
1025 1029 0.5738 2000.0000
1025 1030 0.8539 2000.0000
1026 1028 0.6522 2000.0000
1026 1029 0.5184 2000.0000
1026 1030 0.5297 2000.0000
1026 1031 0.8813 2000.0000
1027 1029 0.7273 2000.0000
1027 1030 0.5462 2000.0000
1027 1031 0.6196 2000.0000
1028 1030 0.7450 2000.0000
1028 1031 0.6034 2000.0000
1028 1032 0.6273 2000.0000
1029 1031 0.6592 2000.0000
1029 1032 0.5069 2000.0000
1029 1033 0.6561 2000.0000
1030 1032 0.7683 2000.0000
1030 1033 0.6400 2000.0000
1030 1034 0.7541 2000.0000
1031 1033 0.6817 2000.0000
1031 1034 0.5848 2000.0000
1031 1035 0.5909 2000.0000
1032 1034 0.6849 2000.0000
1032 1035 0.6038 2000.0000
1032 1036 0.6627 2000.0000
1033 1035 0.7145 2000.0000
1033 1036 0.6260 2000.0000
1033 1037 0.5922 2000.0000
1034 1036 0.6133 2000.0000
1034 1037 0.4977 2000.0000
1034 1038 0.6043 2000.0000
1034 1039 0.8883 2000.0000
1035 1037 0.7424 2000.0000
1035 1038 0.6281 2000.0000
1035 1039 0.7013 2000.0000
1036 1038 0.7243 2000.0000
1036 1039 0.4619 2000.0000
1036 1040 0.7140 2000.0000
1037 1039 0.7057 2000.0000
1037 1040 0.5115 2000.0000
1037 1041 0.6007 2000.0000
1037 1042 0.8569 2000.0000
1038 1040 0.7516 2000.0000
1038 1041 0.5956 2000.0000
1038 1042 0.6895 2000.0000
1039 1041 0.8998 2000.0000
1039 1042 0.7126 2000.0000
1039 1043 0.6490 2000.0000
1040 1042 0.5927 2000.0000
1040 1043 0.4947 2000.0000
1040 1044 0.5254 2000.0000
1040 1045 0.8745 2000.0000
1041 1043 0.7686 2000.0000
1041 1044 0.5865 2000.0000
1041 1045 0.6819 2000.0000
1041 1051 0.8810 2000.0000
1042 1044 0.6056 2000.0000
1042 1045 0.4994 2000.0000
1042 1046 0.6726 2000.0000
1042 1047 0.8233 2000.0000
1043 1045 0.6938 2000.0000
1043 1046 0.6845 2000.0000
1043 1047 0.6570 2000.0000
1043 1049 0.8059 2000.0000
1044 1046 0.8428 2000.0000
1044 1047 0.6364 2000.0000
1044 1048 0.7921 2000.0000
1044 1049 0.4493 2000.0000
1044 1050 0.8978 2000.0000
1044 1051 0.6069 2000.0000
1044 1052 0.8499 2000.0000
1045 1047 0.5786 2000.0000
1045 1048 0.5161 2000.0000
1045 1049 0.6915 2000.0000
1046 1048 0.6314 2000.0000
1046 1049 0.8709 2000.0000
1047 1049 0.4676 2000.0000
1048 1050 0.8193 2000.0000
1049 1051 0.6881 2000.0000
1049 1052 0.8367 2000.0000
1050 1052 0.7467 2000.0000
1127 1129 0.6179 2000.0000
1127 1130 0.5510 2000.0000
1127 1131 0.5697 2000.0000
1127 1132 0.8758 2000.0000
1127 1146 0.8641 2000.0000
1127 1147 0.5759 2000.0000
1127 1148 0.8534 2000.0000
1127 1151 0.5736 2000.0000
1127 1152 0.6524 2000.0000
1127 1154 0.7110 2000.0000
1127 1155 0.5185 2000.0000
1128 1130 0.6764 2000.0000
1128 1131 0.5271 2000.0000
1128 1132 0.6163 2000.0000
1128 1133 0.8474 2000.0000
1128 1154 0.8442 2000.0000
1128 1155 0.5215 2000.0000
1128 1158 0.8333 2000.0000
1128 1159 0.7186 2000.0000
1129 1131 0.6211 2000.0000
1129 1132 0.5415 2000.0000
1129 1133 0.5415 2000.0000
1129 1134 0.8239 2000.0000
1130 1132 0.6880 2000.0000
1130 1133 0.5862 2000.0000
1130 1134 0.5633 2000.0000
1130 1138 0.7881 2000.0000
1130 1146 0.7366 2000.0000
1130 1147 0.6694 2000.0000
1131 1133 0.6983 2000.0000
1131 1134 0.5830 2000.0000
1131 1135 0.5652 2000.0000
1131 1138 0.6378 2000.0000
1131 1147 0.7893 2000.0000
1131 1152 0.8489 2000.0000
1131 1155 0.7141 2000.0000
1131 1159 0.8590 2000.0000
1131 1173 0.8587 2000.0000
1131 1177 0.6420 2000.0000
1131 1178 0.7859 2000.0000
1132 1134 0.5904 2000.0000
1132 1135 0.5867 2000.0000
1133 1135 0.8729 2000.0000
1134 1136 0.7711 2000.0000
1134 1137 0.5666 2000.0000
1134 1138 0.5246 2000.0000
1135 1137 0.7840 2000.0000
1135 1138 0.6456 2000.0000
1135 1139 0.5399 2000.0000
1135 1140 0.8494 2000.0000
1135 1176 0.8201 2000.0000
1135 1177 0.5024 2000.0000
1135 1178 0.7673 2000.0000
1136 1138 0.8164 2000.0000
1136 1139 0.5338 2000.0000
1136 1140 0.5973 2000.0000
1136 1177 0.8855 2000.0000
1137 1139 0.8017 2000.0000
1137 1140 0.6440 2000.0000
1137 1141 0.4990 2000.0000
1137 1143 0.6850 2000.0000
1137 1178 0.8738 2000.0000
1137 1179 0.8956 2000.0000
1138 1140 0.8256 2000.0000
1138 1141 0.6443 2000.0000
1138 1143 0.6575 2000.0000
1138 1145 0.6079 2000.0000
1138 1146 0.7786 2000.0000
1138 1147 0.7955 2000.0000
1138 1177 0.7023 2000.0000
1138 1178 0.5236 2000.0000
1138 1179 0.7953 2000.0000
1139 1141 0.7425 2000.0000
1139 1175 0.8295 2000.0000
1139 1176 0.7045 2000.0000
1139 1177 0.5741 2000.0000
1139 1178 0.6881 2000.0000
1139 1179 0.6696 2000.0000
1139 1182 0.7734 2000.0000
1140 1142 0.8607 2000.0000
1140 1179 0.6569 2000.0000
1140 1182 0.8493 2000.0000
1141 1143 0.5022 2000.0000
1141 1178 0.7930 2000.0000
1141 1179 0.5096 2000.0000
1141 1180 0.7968 2000.0000
1141 1182 0.8580 2000.0000
1142 1179 0.5132 2000.0000
1142 1180 0.5157 2000.0000
1142 1181 0.8516 2000.0000
1142 1182 0.8058 2000.0000
1142 1183 0.6008 2000.0000
1143 1145 0.5933 2000.0000
1143 1146 0.8515 2000.0000
1143 1178 0.8213 2000.0000
1143 1179 0.7194 2000.0000
1143 1180 0.5726 2000.0000
1144 1146 0.5978 2000.0000
1144 1147 0.7433 2000.0000
1144 1148 0.8579 2000.0000
1144 1149 0.8156 2000.0000
1144 1180 0.6143 2000.0000
1144 1181 0.8505 2000.0000
1145 1147 0.4816 2000.0000
1145 1148 0.7964 2000.0000
1145 1149 0.8174 2000.0000
1145 1152 0.7725 2000.0000
1145 1178 0.6410 2000.0000
1145 1180 0.6544 2000.0000
1145 1181 0.7549 2000.0000
1146 1148 0.7445 2000.0000
1147 1149 0.8385 2000.0000
1147 1150 0.8642 2000.0000
1147 1151 0.6142 2000.0000
1147 1152 0.5870 2000.0000
1147 1178 0.8746 2000.0000
1148 1150 0.4666 2000.0000
1148 1151 0.4345 2000.0000
1148 1152 0.5936 2000.0000
1148 1153 0.8370 2000.0000
1148 1195 0.8522 2000.0000
1149 1151 0.7547 2000.0000
1149 1152 0.6043 2000.0000
1149 1153 0.7189 2000.0000
1149 1174 0.7560 2000.0000
1149 1181 0.8076 2000.0000
1149 1188 0.7566 2000.0000
1149 1191 0.5373 2000.0000
1149 1192 0.5951 2000.0000
1149 1195 0.6371 2000.0000
1150 1152 0.5593 2000.0000
1150 1153 0.4831 2000.0000
1150 1154 0.6784 2000.0000
1150 1155 0.8975 2000.0000
1150 1192 0.8357 2000.0000
1150 1195 0.5900 2000.0000
1150 1196 0.8298 2000.0000
1150 1199 0.6866 2000.0000
1150 1201 0.8001 2000.0000
1150 1202 0.7108 2000.0000
1151 1153 0.6072 2000.0000
1151 1154 0.5487 2000.0000
1151 1155 0.6724 2000.0000
1152 1154 0.7655 2000.0000
1152 1155 0.6123 2000.0000
1152 1156 0.6938 2000.0000
1152 1170 0.8867 2000.0000
1152 1173 0.6902 2000.0000
1152 1174 0.6012 2000.0000
1152 1177 0.8851 2000.0000
1152 1178 0.7725 2000.0000
1152 1181 0.8994 2000.0000
1152 1192 0.8932 2000.0000
1153 1155 0.7258 2000.0000
1153 1156 0.5767 2000.0000
1153 1157 0.6400 2000.0000
1153 1165 0.8703 2000.0000
1153 1170 0.6295 2000.0000
1153 1173 0.7960 2000.0000
1153 1174 0.7357 2000.0000
1153 1192 0.6569 2000.0000
1153 1195 0.7244 2000.0000
1153 1196 0.6776 2000.0000
1153 1201 0.8976 2000.0000
1153 1202 0.6509 2000.0000
1153 1213 0.8338 2000.0000
1153 1215 0.8420 2000.0000
1154 1156 0.7267 2000.0000
1154 1157 0.6666 2000.0000
1154 1158 0.5288 2000.0000
1154 1201 0.8232 2000.0000
1154 1202 0.8330 2000.0000
1154 1215 0.6151 2000.0000
1155 1157 0.6690 2000.0000
1155 1158 0.5143 2000.0000
1155 1159 0.5027 2000.0000
1155 1160 0.8680 2000.0000
1155 1173 0.7111 2000.0000
1156 1158 0.5861 2000.0000
1156 1159 0.4921 2000.0000
1156 1160 0.6197 2000.0000
1156 1165 0.6436 2000.0000
1156 1169 0.8510 2000.0000
1156 1170 0.6142 2000.0000
1156 1173 0.4765 2000.0000
1156 1174 0.7808 2000.0000
1156 1177 0.8879 2000.0000
1157 1159 0.6970 2000.0000
1157 1160 0.5536 2000.0000
1157 1161 0.8926 2000.0000
1157 1162 0.8824 2000.0000
1157 1163 0.6488 2000.0000
1157 1164 0.6899 2000.0000
1157 1165 0.5182 2000.0000
1157 1169 0.8991 2000.0000
1157 1170 0.7465 2000.0000
1157 1173 0.8579 2000.0000
1157 1202 0.8369 2000.0000
1157 1213 0.8101 2000.0000
1157 1214 0.6426 2000.0000
1157 1215 0.5999 2000.0000
1158 1160 0.5996 2000.0000
1158 1161 0.8434 2000.0000
1158 1163 0.4993 2000.0000
1158 1215 0.6857 2000.0000
1159 1161 0.7966 2000.0000
1159 1163 0.8899 2000.0000
1159 1173 0.6780 2000.0000
1159 1177 0.8773 2000.0000
1160 1162 0.5621 2000.0000
1160 1163 0.6050 2000.0000
1160 1164 0.6701 2000.0000
1160 1165 0.6506 2000.0000
1160 1169 0.8716 2000.0000
1161 1163 0.6395 2000.0000
1161 1164 0.7558 2000.0000
1162 1164 0.4461 2000.0000
1162 1165 0.8251 2000.0000
1163 1214 0.7937 2000.0000
1163 1215 0.7258 2000.0000
1164 1166 0.7604 2000.0000
1164 1169 0.8612 2000.0000
1164 1205 0.7547 2000.0000
1164 1207 0.8112 2000.0000
1164 1211 0.8844 2000.0000
1164 1212 0.5311 2000.0000
1164 1213 0.8548 2000.0000
1164 1214 0.6423 2000.0000
1165 1167 0.7304 2000.0000
1165 1168 0.8383 2000.0000
1165 1169 0.4402 2000.0000
1165 1170 0.5470 2000.0000
1165 1211 0.8605 2000.0000
1165 1212 0.6209 2000.0000
1165 1213 0.6780 2000.0000
1165 1214 0.7784 2000.0000
1166 1168 0.5498 2000.0000
1166 1169 0.3781 2000.0000
1166 1170 0.6231 2000.0000
1166 1171 0.8143 2000.0000
1166 1210 0.7423 2000.0000
1166 1211 0.6034 2000.0000
1166 1212 0.5758 2000.0000
1166 1213 0.6973 2000.0000
1167 1169 0.6809 2000.0000
1167 1170 0.5112 2000.0000
1167 1171 0.4700 2000.0000
1167 1172 0.8895 2000.0000
1167 1189 0.7886 2000.0000
1167 1192 0.7396 2000.0000
1167 1193 0.6738 2000.0000
1167 1196 0.8115 2000.0000
1167 1211 0.7932 2000.0000
1167 1212 0.8659 2000.0000
1167 1213 0.6628 2000.0000
1168 1170 0.6397 2000.0000
1168 1171 0.4881 2000.0000
1168 1172 0.5637 2000.0000
1168 1189 0.8810 2000.0000
1169 1171 0.7751 2000.0000
1169 1172 0.6081 2000.0000
1169 1173 0.8733 2000.0000
1169 1212 0.8880 2000.0000
1170 1172 0.6561 2000.0000
1170 1173 0.6236 2000.0000
1170 1174 0.6049 2000.0000
1170 1189 0.8868 2000.0000
1170 1192 0.7231 2000.0000
1170 1196 0.8905 2000.0000
1170 1213 0.7954 2000.0000
1171 1174 0.6600 2000.0000
1171 1175 0.7849 2000.0000
1171 1185 0.8422 2000.0000
1171 1188 0.6370 2000.0000
1171 1189 0.4723 2000.0000
1171 1192 0.6710 2000.0000
1171 1193 0.7454 2000.0000
1172 1174 0.7509 2000.0000
1172 1175 0.5352 2000.0000
1172 1176 0.6114 2000.0000
1173 1175 0.7135 2000.0000
1173 1176 0.5454 2000.0000
1173 1177 0.4736 2000.0000
1173 1178 0.6744 2000.0000
1174 1176 0.8177 2000.0000
1174 1177 0.6920 2000.0000
1174 1178 0.5556 2000.0000
1174 1181 0.5006 2000.0000
1174 1188 0.6226 2000.0000
1174 1189 0.8443 2000.0000
1174 1192 0.7794 2000.0000
1175 1177 0.7044 2000.0000
1175 1178 0.6552 2000.0000
1175 1179 0.6812 2000.0000
1175 1181 0.6063 2000.0000
1175 1182 0.4961 2000.0000
1175 1188 0.7923 2000.0000
1176 1178 0.7983 2000.0000
1177 1179 0.8526 2000.0000
1177 1181 0.8927 2000.0000
1178 1180 0.7124 2000.0000
1178 1181 0.5282 2000.0000
1178 1182 0.7777 2000.0000
1179 1181 0.5961 2000.0000
1179 1182 0.3860 2000.0000
1179 1183 0.6498 2000.0000
1180 1182 0.8093 2000.0000
1180 1183 0.6701 2000.0000
1180 1184 0.7203 2000.0000
1180 1188 0.7823 2000.0000
1181 1183 0.8185 2000.0000
1181 1184 0.7919 2000.0000
1181 1185 0.7746 2000.0000
1181 1187 0.8962 2000.0000
1181 1188 0.4742 2000.0000
1181 1189 0.8437 2000.0000
1183 1185 0.8409 2000.0000
1184 1186 0.6150 2000.0000
1184 1187 0.5632 2000.0000
1184 1188 0.7074 2000.0000
1185 1187 0.6061 2000.0000
1185 1188 0.4854 2000.0000
1185 1189 0.4975 2000.0000
1186 1188 0.5963 2000.0000
1186 1189 0.5055 2000.0000
1186 1190 0.6201 2000.0000
1186 1191 0.8507 2000.0000
1186 1193 0.8799 2000.0000
1187 1189 0.6766 2000.0000
1187 1190 0.5866 2000.0000
1187 1191 0.6759 2000.0000
1188 1190 0.7634 2000.0000
1188 1191 0.6757 2000.0000
1188 1192 0.6697 2000.0000
1188 1193 0.8734 2000.0000
1189 1191 0.7111 2000.0000
1189 1192 0.6368 2000.0000
1189 1193 0.5952 2000.0000
1190 1192 0.6301 2000.0000
1190 1193 0.4686 2000.0000
1190 1194 0.6625 2000.0000
1190 1195 0.8820 2000.0000
1191 1193 0.6192 2000.0000
1191 1194 0.5533 2000.0000
1191 1195 0.5548 2000.0000
1191 1196 0.8223 2000.0000
1192 1194 0.7009 2000.0000
1192 1195 0.5433 2000.0000
1192 1196 0.5767 2000.0000
1192 1197 0.8739 2000.0000
1193 1195 0.8587 2000.0000
1193 1196 0.7303 2000.0000
1193 1197 0.8266 2000.0000
1194 1196 0.6990 2000.0000
1194 1197 0.5447 2000.0000
1194 1198 0.5137 2000.0000
1194 1199 0.7540 2000.0000
1195 1197 0.6418 2000.0000
1195 1198 0.5482 2000.0000
1195 1199 0.4967 2000.0000
1195 1201 0.8955 2000.0000
1195 1202 0.7012 2000.0000
1196 1198 0.7328 2000.0000
1196 1199 0.6593 2000.0000
1196 1201 0.7940 2000.0000
1196 1202 0.4688 2000.0000
1196 1203 0.8143 2000.0000
1196 1204 0.8866 2000.0000
1196 1213 0.5222 2000.0000
1197 1199 0.6576 2000.0000
1197 1200 0.8704 2000.0000
1197 1202 0.7436 2000.0000
1197 1213 0.8407 2000.0000
1198 1200 0.7491 2000.0000
1198 1201 0.8806 2000.0000
1198 1202 0.8261 2000.0000
1199 1201 0.5367 2000.0000
1199 1202 0.5434 2000.0000
1200 1202 0.7753 2000.0000
1200 1203 0.8380 2000.0000
1200 1216 0.8398 2000.0000
1201 1203 0.6728 2000.0000
1201 1214 0.7770 2000.0000
1201 1215 0.5488 2000.0000
1201 1216 0.5408 2000.0000
1202 1213 0.6297 2000.0000
1202 1214 0.6444 2000.0000
1202 1215 0.5629 2000.0000
1202 1216 0.7872 2000.0000
1203 1205 0.6180 2000.0000
1203 1212 0.7827 2000.0000
1203 1213 0.5980 2000.0000
1203 1214 0.4046 2000.0000
1203 1215 0.6487 2000.0000
1203 1216 0.7205 2000.0000
1204 1206 0.5294 2000.0000
1204 1207 0.8596 2000.0000
1204 1210 0.8110 2000.0000
1204 1211 0.5157 2000.0000
1204 1212 0.5936 2000.0000
1204 1213 0.5533 2000.0000
1204 1214 0.8460 2000.0000
1205 1207 0.5399 2000.0000
1205 1210 0.7430 2000.0000
1205 1211 0.5983 2000.0000
1205 1212 0.4207 2000.0000
1205 1213 0.7043 2000.0000
1205 1214 0.6377 2000.0000
1206 1208 0.8032 2000.0000
1206 1210 0.6107 2000.0000
1206 1211 0.5696 2000.0000
1206 1212 0.7144 2000.0000
1207 1209 0.6471 2000.0000
1207 1210 0.4420 2000.0000
1207 1211 0.6055 2000.0000
1207 1212 0.5789 2000.0000
1208 1210 0.5480 2000.0000
1208 1211 0.8759 2000.0000
1209 1211 0.8321 2000.0000
1210 1212 0.5718 2000.0000
1211 1213 0.6603 2000.0000
1212 1214 0.6380 2000.0000
1213 1215 0.8577 2000.0000
1214 1216 0.7468 2000.0000
