parp9 1 60 | parp9 1 519 | 0.808 350.0
parp9 1 60 | parp9 1 520 | 0.557 350.0
parp9 1 60 | parp9 1 521 | 0.534 350.0
parp9 1 60 | parp9 1 522 | 0.618 350.0
parp9 1 60 | parp9 1 523 | 0.684 350.0
parp9 1 60 | parp9 1 524 | 0.700 350.0
parp9 1 60 | parp9 1 527 | 0.743 350.0
parp9 1 61 | parp9 1 518 | 0.710 350.0
parp9 1 61 | parp9 1 519 | 0.565 350.0
parp9 1 61 | parp9 1 520 | 0.447 350.0
parp9 1 61 | parp9 1 521 | 0.673 350.0
parp9 1 61 | parp9 1 527 | 0.825 350.0
parp9 1 62 | parp9 1 517 | 0.817 350.0
parp9 1 62 | parp9 1 518 | 0.591 350.0
parp9 1 62 | parp9 1 519 | 0.514 350.0
parp9 1 62 | parp9 1 520 | 0.647 350.0
parp9 1 62 | parp9 1 521 | 0.886 350.0
parp9 1 62 | parp9 1 527 | 0.788 350.0
parp9 1 62 | parp9 1 531 | 0.890 350.0
parp9 1 63 | parp9 1 516 | 0.601 350.0
parp9 1 63 | parp9 1 517 | 0.573 350.0
parp9 1 63 | parp9 1 518 | 0.462 350.0
parp9 1 63 | parp9 1 519 | 0.620 350.0
parp9 1 63 | parp9 1 520 | 0.887 350.0
parp9 1 64 | parp9 1 516 | 0.527 350.0
parp9 1 64 | parp9 1 517 | 0.500 350.0
parp9 1 64 | parp9 1 518 | 0.633 350.0
parp9 1 64 | parp9 1 519 | 0.747 350.0
parp9 1 64 | parp9 1 531 | 0.786 350.0
parp9 1 64 | parp9 1 534 | 0.888 350.0
parp9 1 65 | parp9 1 516 | 0.409 350.0
parp9 1 65 | parp9 1 517 | 0.634 350.0
parp9 1 65 | parp9 1 518 | 0.852 350.0
parp9 1 66 | parp9 1 516 | 0.518 350.0
parp9 1 66 | parp9 1 517 | 0.704 350.0
parp9 1 66 | parp9 1 538 | 0.850 350.0
parp9 1 67 | parp9 1 516 | 0.804 350.0
parp9 1 70 | parp9 1 538 | 0.722 350.0
parp9 1 71 | parp9 1 516 | 0.755 350.0
parp9 1 71 | parp9 1 517 | 0.844 350.0
parp9 1 85 | parp9 1 519 | 0.892 350.0
parp9 1 85 | parp9 1 530 | 0.633 350.0
parp9 1 85 | parp9 1 533 | 0.877 350.0
parp9 1 85 | parp9 1 534 | 0.877 350.0
parp9 1 88 | parp9 1 530 | 0.813 350.0
parp9 1 89 | parp9 1 521 | 0.862 350.0
parp9 1 89 | parp9 1 525 | 0.874 350.0
parp9 1 89 | parp9 1 526 | 0.533 350.0
parp9 1 89 | parp9 1 527 | 0.774 350.0
parp9 1 89 | parp9 1 529 | 0.683 350.0
parp9 1 89 | parp9 1 530 | 0.587 350.0
parp9 1 90 | parp9 1 521 | 0.685 350.0
parp9 1 90 | parp9 1 522 | 0.816 350.0
parp9 1 90 | parp9 1 526 | 0.645 350.0
parp9 1 90 | parp9 1 527 | 0.871 350.0
parp9 1 90 | parp9 1 530 | 0.858 350.0
parp9 1 91 | parp9 1 519 | 0.666 350.0
parp9 1 91 | parp9 1 520 | 0.565 350.0
parp9 1 91 | parp9 1 521 | 0.478 350.0
parp9 1 91 | parp9 1 522 | 0.773 350.0
parp9 1 91 | parp9 1 526 | 0.632 350.0
parp9 1 91 | parp9 1 527 | 0.671 350.0
parp9 1 91 | parp9 1 530 | 0.694 350.0
parp9 1 92 | parp9 1 518 | 0.811 350.0
parp9 1 92 | parp9 1 519 | 0.574 350.0
parp9 1 92 | parp9 1 520 | 0.486 350.0
parp9 1 92 | parp9 1 521 | 0.617 350.0
parp9 1 93 | parp9 1 517 | 0.666 350.0
parp9 1 93 | parp9 1 518 | 0.543 350.0
parp9 1 93 | parp9 1 519 | 0.455 350.0
parp9 1 93 | parp9 1 520 | 0.622 350.0
parp9 1 93 | parp9 1 521 | 0.884 350.0
parp9 1 94 | parp9 1 516 | 0.828 350.0
parp9 1 94 | parp9 1 517 | 0.565 350.0
parp9 1 94 | parp9 1 518 | 0.506 350.0
parp9 1 94 | parp9 1 519 | 0.674 350.0
parp9 1 94 | parp9 1 520 | 0.886 350.0
parp9 1 95 | parp9 1 516 | 0.599 350.0
parp9 1 95 | parp9 1 517 | 0.471 350.0
parp9 1 95 | parp9 1 518 | 0.620 350.0
parp9 1 95 | parp9 1 519 | 0.896 350.0
parp9 1 96 | parp9 1 516 | 0.506 350.0
parp9 1 96 | parp9 1 517 | 0.596 350.0
parp9 1 96 | parp9 1 518 | 0.654 350.0
