i j d[nm] fc
2666 2668 0.5946 700.0000
2666 2685 0.8289 700.0000
2666 2710 0.6805 700.0000
2666 2711 0.4391 700.0000
2666 2712 0.7528 700.0000
2666 2713 0.6629 700.0000
2666 2719 0.5758 700.0000
2666 2722 0.8017 700.0000
2666 2723 0.8007 700.0000
2666 2741 0.6549 700.0000
2666 2742 0.6957 700.0000
2667 2669 0.7228 700.0000
2667 2701 0.7079 700.0000
2667 2704 0.7975 700.0000
2667 2708 0.6562 700.0000
2667 2709 0.7607 700.0000
2667 2710 0.6146 700.0000
2667 2711 0.6846 700.0000
2667 2741 0.6968 700.0000
2667 2742 0.4296 700.0000
2668 2670 0.6466 700.0000
2668 2681 0.7620 700.0000
2668 2685 0.8505 700.0000
2668 2698 0.8848 700.0000
2668 2701 0.8938 700.0000
2668 2707 0.7102 700.0000
2668 2708 0.5948 700.0000
2668 2709 0.5109 700.0000
2668 2710 0.8427 700.0000
2668 2711 0.6449 700.0000
2668 2739 0.6339 700.0000
2668 2740 0.7141 700.0000
2668 2741 0.5842 700.0000
2668 2742 0.6157 700.0000
2669 2704 0.7532 700.0000
2669 2705 0.6220 700.0000
2669 2706 0.7447 700.0000
2669 2707 0.5285 700.0000
2669 2708 0.4852 700.0000
2669 2709 0.7724 700.0000
2669 2739 0.8774 700.0000
2669 2740 0.6234 700.0000
2669 2741 0.8342 700.0000
2669 2742 0.6303 700.0000
2670 2672 0.6279 700.0000
2670 2673 0.6960 700.0000
2670 2674 0.8754 700.0000
2670 2677 0.7159 700.0000
2670 2681 0.8112 700.0000
2670 2706 0.8345 700.0000
2670 2707 0.4498 700.0000
2670 2708 0.6878 700.0000
2670 2709 0.6257 700.0000
2670 2730 0.8192 700.0000
2670 2737 0.6855 700.0000
2670 2738 0.6789 700.0000
2670 2739 0.6266 700.0000
2670 2740 0.6840 700.0000
2671 2673 0.7713 700.0000
2671 2707 0.8075 700.0000
2671 2732 0.8209 700.0000
2671 2737 0.5829 700.0000
2671 2738 0.6509 700.0000
2671 2740 0.8915 700.0000
2672 2674 0.7056 700.0000
2672 2677 0.6609 700.0000
2672 2707 0.8196 700.0000
2672 2732 0.6137 700.0000
2672 2733 0.7730 700.0000
2672 2737 0.7117 700.0000
2673 2675 0.7471 700.0000
2673 2677 0.6553 700.0000
2673 2706 0.6718 700.0000
2673 2707 0.5739 700.0000
2673 2708 0.8843 700.0000
2673 2709 0.8137 700.0000
2674 2676 0.6763 700.0000
2674 2677 0.4441 700.0000
2674 2678 0.6916 700.0000
2674 2679 0.8886 700.0000
2674 2700 0.8572 700.0000
2674 2707 0.7973 700.0000
2674 2709 0.7881 700.0000
2675 2677 0.5852 700.0000
2675 2678 0.6109 700.0000
2675 2679 0.6471 700.0000
2676 2679 0.6991 700.0000
2676 2680 0.7188 700.0000
2676 2732 0.8303 700.0000
2676 2733 0.7860 700.0000
2677 2679 0.7590 700.0000
2677 2680 0.5205 700.0000
2677 2681 0.5698 700.0000
2677 2707 0.8542 700.0000
2677 2709 0.7294 700.0000
2677 2730 0.7675 700.0000
2677 2732 0.6887 700.0000
2678 2680 0.8864 700.0000
2678 2681 0.6912 700.0000
2678 2682 0.5803 700.0000
2678 2697 0.8340 700.0000
2678 2698 0.4522 700.0000
2678 2699 0.6186 700.0000
2678 2700 0.6555 700.0000
2678 2709 0.6828 700.0000
2679 2681 0.8686 700.0000
2679 2682 0.6535 700.0000
2679 2683 0.8084 700.0000
2679 2698 0.8952 700.0000
2680 2682 0.8090 700.0000
2680 2683 0.6036 700.0000
2680 2684 0.8064 700.0000
2680 2730 0.6144 700.0000
2680 2731 0.6982 700.0000
2680 2732 0.6508 700.0000
2680 2733 0.8973 700.0000
2681 2683 0.6208 700.0000
2681 2684 0.6192 700.0000
2681 2685 0.5606 700.0000
2681 2686 0.8963 700.0000
2681 2696 0.8777 700.0000
2681 2698 0.6402 700.0000
2681 2709 0.6778 700.0000
2681 2711 0.7916 700.0000
2681 2730 0.6680 700.0000
2681 2739 0.7681 700.0000
2682 2685 0.7125 700.0000
2682 2686 0.5693 700.0000
2682 2696 0.5478 700.0000
2682 2697 0.6199 700.0000
2682 2698 0.4690 700.0000
2682 2699 0.8779 700.0000
2682 2711 0.8186 700.0000
2683 2685 0.6780 700.0000
2683 2686 0.5146 700.0000
2683 2687 0.6349 700.0000
2683 2690 0.8541 700.0000
2683 2696 0.8242 700.0000
2684 2686 0.8072 700.0000
2684 2687 0.5786 700.0000
2684 2688 0.8736 700.0000
2684 2690 0.4709 700.0000
2684 2691 0.4706 700.0000
2684 2692 0.8085 700.0000
2684 2693 0.8199 700.0000
2684 2722 0.8772 700.0000
2684 2728 0.6523 700.0000
2684 2729 0.8080 700.0000
2684 2730 0.6349 700.0000
2684 2739 0.7793 700.0000
2685 2687 0.6908 700.0000
2685 2690 0.7724 700.0000
2685 2691 0.5264 700.0000
2685 2692 0.7440 700.0000
2685 2693 0.6431 700.0000
2685 2694 0.6717 700.0000
2685 2696 0.6224 700.0000
2685 2698 0.8196 700.0000
2685 2711 0.6488 700.0000
2685 2713 0.7026 700.0000
2685 2718 0.8667 700.0000
2685 2722 0.6894 700.0000
2685 2728 0.7605 700.0000
2685 2739 0.8404 700.0000
2686 2688 0.8098 700.0000
2686 2691 0.8720 700.0000
2686 2693 0.7115 700.0000
2686 2694 0.4835 700.0000
2686 2695 0.5919 700.0000
2686 2696 0.4732 700.0000
2686 2697 0.8373 700.0000
2686 2713 0.8642 700.0000
2687 2689 0.5795 700.0000
2687 2690 0.4416 700.0000
2687 2691 0.5229 700.0000
2687 2692 0.6253 700.0000
2687 2693 0.5597 700.0000
2687 2694 0.6496 700.0000
2688 2690 0.5791 700.0000
2688 2691 0.5785 700.0000
2688 2692 0.4443 700.0000
2688 2693 0.4472 700.0000
2688 2694 0.6552 700.0000
2688 2718 0.8704 700.0000
2688 2721 0.7482 700.0000
2689 2691 0.7916 700.0000
2689 2692 0.7775 700.0000
2689 2693 0.8773 700.0000
2690 2692 0.6208 700.0000
2690 2693 0.7397 700.0000
2690 2725 0.7896 700.0000
2690 2728 0.8060 700.0000
2691 2693 0.4747 700.0000
2691 2694 0.7548 700.0000
2691 2718 0.8122 700.0000
2691 2721 0.7435 700.0000
2691 2722 0.5434 700.0000
2691 2725 0.6219 700.0000
2691 2728 0.6400 700.0000
2692 2694 0.6540 700.0000
2692 2717 0.8259 700.0000
2692 2718 0.5801 700.0000
2692 2721 0.4190 700.0000
2692 2722 0.5421 700.0000
2692 2725 0.6958 700.0000
2693 2695 0.8308 700.0000
2693 2696 0.7959 700.0000
2693 2713 0.7115 700.0000
2693 2715 0.8387 700.0000
2693 2717 0.7589 700.0000
2693 2718 0.4651 700.0000
2693 2719 0.8892 700.0000
2693 2721 0.5185 700.0000
2693 2722 0.6465 700.0000
2694 2696 0.5109 700.0000
2694 2713 0.5698 700.0000
2694 2714 0.6988 700.0000
2694 2715 0.7019 700.0000
2694 2717 0.8525 700.0000
2694 2718 0.5735 700.0000
2694 2721 0.8060 700.0000
2695 2697 0.8097 700.0000
2695 2713 0.7575 700.0000
2695 2714 0.5428 700.0000
2695 2715 0.7189 700.0000
2696 2698 0.6386 700.0000
2696 2711 0.6170 700.0000
2696 2712 0.6881 700.0000
2696 2713 0.5065 700.0000
2696 2714 0.7069 700.0000
2696 2718 0.8959 700.0000
2697 2699 0.6489 700.0000
2697 2710 0.7821 700.0000
2697 2711 0.5978 700.0000
2697 2712 0.4621 700.0000
2697 2713 0.7085 700.0000
2697 2714 0.8294 700.0000
2698 2700 0.7134 700.0000
2698 2709 0.6392 700.0000
2698 2710 0.7404 700.0000
2698 2711 0.5394 700.0000
2698 2712 0.7136 700.0000
2699 2701 0.6489 700.0000
2699 2708 0.8446 700.0000
2699 2709 0.5929 700.0000
2699 2710 0.4967 700.0000
2699 2711 0.6607 700.0000
2699 2712 0.6980 700.0000
2700 2702 0.6083 700.0000
2700 2707 0.8013 700.0000
2700 2708 0.6948 700.0000
2700 2709 0.5520 700.0000
2700 2710 0.7754 700.0000
2701 2703 0.6334 700.0000
2701 2704 0.4699 700.0000
2701 2705 0.7523 700.0000
2701 2707 0.8222 700.0000
2701 2708 0.5184 700.0000
2701 2709 0.6970 700.0000
2701 2710 0.5865 700.0000
2702 2704 0.8055 700.0000
2703 2705 0.8529 700.0000
2704 2706 0.7444 700.0000
2704 2707 0.7944 700.0000
2704 2708 0.5188 700.0000
2705 2707 0.5547 700.0000
2705 2708 0.4879 700.0000
2706 2708 0.5981 700.0000
2706 2709 0.8856 700.0000
2707 2709 0.4843 700.0000
2708 2710 0.8762 700.0000
2708 2742 0.8448 700.0000
2709 2711 0.7503 700.0000
2710 2712 0.4991 700.0000
2711 2713 0.5402 700.0000
2711 2719 0.8177 700.0000
2712 2714 0.7675 700.0000
2713 2715 0.6961 700.0000
2713 2716 0.8864 700.0000
2713 2717 0.7949 700.0000
2713 2718 0.5374 700.0000
2713 2719 0.5531 700.0000
2713 2722 0.8134 700.0000
2714 2717 0.8541 700.0000
2714 2718 0.7711 700.0000
2715 2717 0.5133 700.0000
2715 2718 0.5662 700.0000
2715 2719 0.8825 700.0000
2715 2721 0.8655 700.0000
2716 2718 0.7599 700.0000
2716 2719 0.5995 700.0000
2716 2720 0.5721 700.0000
2717 2719 0.6487 700.0000
2717 2720 0.4765 700.0000
2717 2721 0.4879 700.0000
2717 2722 0.8602 700.0000
2718 2720 0.5974 700.0000
2718 2721 0.4167 700.0000
2718 2722 0.6098 700.0000
2718 2723 0.8421 700.0000
2719 2721 0.7973 700.0000
2719 2722 0.6100 700.0000
2719 2723 0.5804 700.0000
2720 2722 0.7342 700.0000
2720 2723 0.6133 700.0000
2720 2724 0.6602 700.0000
2721 2723 0.8375 700.0000
2721 2724 0.7259 700.0000
2721 2725 0.8473 700.0000
2722 2724 0.7056 700.0000
2722 2725 0.5790 700.0000
2722 2726 0.6626 700.0000
2722 2728 0.6507 700.0000
2722 2741 0.7773 700.0000
2723 2725 0.7710 700.0000
2723 2726 0.6242 700.0000
2723 2728 0.8664 700.0000
2723 2741 0.6681 700.0000
2724 2726 0.7720 700.0000
2725 2727 0.6246 700.0000
2725 2728 0.5555 700.0000
2726 2728 0.4873 700.0000
2726 2739 0.8198 700.0000
2726 2740 0.8824 700.0000
2726 2741 0.6630 700.0000
2727 2729 0.6802 700.0000
2727 2738 0.8694 700.0000
2727 2739 0.8232 700.0000
2727 2740 0.8958 700.0000
2728 2730 0.8117 700.0000
2728 2738 0.7877 700.0000
2728 2739 0.4714 700.0000
2728 2740 0.7896 700.0000
2728 2741 0.7036 700.0000
2729 2731 0.7470 700.0000
2729 2736 0.5943 700.0000
2729 2737 0.5692 700.0000
2729 2738 0.5349 700.0000
2729 2739 0.6247 700.0000
2730 2732 0.5747 700.0000
2730 2736 0.6677 700.0000
2730 2737 0.4351 700.0000
2730 2738 0.6591 700.0000
2730 2739 0.6237 700.0000
2731 2733 0.7242 700.0000
2731 2734 0.6459 700.0000
2731 2735 0.7014 700.0000
2731 2736 0.5618 700.0000
2731 2737 0.6621 700.0000
2732 2734 0.7196 700.0000
2732 2735 0.5879 700.0000
2732 2736 0.6789 700.0000
2732 2737 0.5656 700.0000
2733 2735 0.5802 700.0000
2733 2736 0.8976 700.0000
2734 2736 0.8290 700.0000
2735 2737 0.7104 700.0000
2736 2738 0.6732 700.0000
2737 2739 0.6442 700.0000
2737 2740 0.8655 700.0000
2738 2740 0.5470 700.0000
2739 2741 0.6542 700.0000
2740 2742 0.7706 700.0000
2793 2795 0.6584 700.0000
2793 2829 0.7617 700.0000
2793 2830 0.6340 700.0000
2793 2831 0.4389 700.0000
2793 2832 0.6486 700.0000
2793 2833 0.6237 700.0000
2793 2835 0.8713 700.0000
2793 2836 0.6142 700.0000
2794 2796 0.6685 700.0000
2794 2828 0.6335 700.0000
2794 2829 0.6118 700.0000
2794 2830 0.5342 700.0000
2794 2831 0.6654 700.0000
2794 2836 0.8144 700.0000
2795 2797 0.5595 700.0000
2795 2827 0.8264 700.0000
2795 2828 0.5549 700.0000
2795 2829 0.4103 700.0000
2795 2830 0.6518 700.0000
2795 2831 0.7996 700.0000
2795 2836 0.6719 700.0000
2796 2798 0.8011 700.0000
2796 2826 0.5933 700.0000
2796 2827 0.7549 700.0000
2796 2828 0.4843 700.0000
2796 2829 0.6736 700.0000
2797 2799 0.5429 700.0000
2797 2801 0.8978 700.0000
2797 2802 0.7250 700.0000
2797 2807 0.8884 700.0000
2797 2819 0.8879 700.0000
2797 2825 0.7891 700.0000
2797 2826 0.6317 700.0000
2797 2827 0.5251 700.0000
2797 2828 0.7443 700.0000
2797 2829 0.6094 700.0000
2797 2839 0.8369 700.0000
2798 2800 0.4796 700.0000
2798 2801 0.5202 700.0000
2798 2802 0.6374 700.0000
2798 2824 0.8714 700.0000
2798 2825 0.5576 700.0000
2798 2826 0.5426 700.0000
2798 2827 0.7595 700.0000
2799 2801 0.6423 700.0000
2799 2802 0.4459 700.0000
2799 2803 0.8317 700.0000
2799 2806 0.8970 700.0000
2799 2807 0.5047 700.0000
2799 2822 0.8907 700.0000
2799 2825 0.5035 700.0000
2799 2826 0.6469 700.0000
2799 2827 0.4967 700.0000
2800 2802 0.6503 700.0000
2800 2807 0.8295 700.0000
2800 2824 0.8263 700.0000
2800 2825 0.5098 700.0000
2800 2826 0.7656 700.0000
2800 2827 0.8947 700.0000
2801 2803 0.8092 700.0000
2801 2847 0.8782 700.0000
2802 2804 0.8997 700.0000
2802 2806 0.5363 700.0000
2802 2807 0.5331 700.0000
2802 2810 0.8465 700.0000
2802 2827 0.8836 700.0000
2802 2843 0.7413 700.0000
2802 2847 0.8815 700.0000
2803 2805 0.5115 700.0000
2803 2806 0.3749 700.0000
2803 2807 0.5553 700.0000
2803 2808 0.8112 700.0000
2804 2806 0.7850 700.0000
2804 2807 0.5595 700.0000
2804 2808 0.7495 700.0000
2805 2807 0.8239 700.0000
2805 2808 0.6558 700.0000
2805 2809 0.8044 700.0000
2806 2808 0.6922 700.0000
2806 2809 0.7122 700.0000
2806 2810 0.6962 700.0000
2806 2842 0.7082 700.0000
2806 2843 0.7299 700.0000
2806 2846 0.6270 700.0000
2806 2847 0.8796 700.0000
2807 2810 0.7068 700.0000
2807 2811 0.8125 700.0000
2807 2819 0.8991 700.0000
2807 2827 0.7324 700.0000
2808 2810 0.5532 700.0000
2808 2811 0.4576 700.0000
2808 2812 0.5814 700.0000
2808 2813 0.8666 700.0000
2809 2811 0.7181 700.0000
2809 2812 0.5185 700.0000
2809 2813 0.5534 700.0000
2809 2814 0.8948 700.0000
2809 2842 0.6198 700.0000
2809 2846 0.8741 700.0000
2810 2812 0.6324 700.0000
2810 2813 0.5700 700.0000
2810 2814 0.6084 700.0000
2810 2815 0.8955 700.0000
2810 2817 0.8412 700.0000
2810 2819 0.8698 700.0000
2810 2839 0.5668 700.0000
2810 2842 0.6640 700.0000
2810 2843 0.8031 700.0000
2811 2813 0.6688 700.0000
2811 2814 0.6148 700.0000
2811 2815 0.6306 700.0000
2811 2817 0.7553 700.0000
2811 2819 0.7375 700.0000
2812 2814 0.6480 700.0000
2812 2815 0.6474 700.0000
2813 2815 0.7077 700.0000
2813 2835 0.7507 700.0000
2813 2838 0.6047 700.0000
2813 2839 0.7075 700.0000
2813 2842 0.7272 700.0000
2814 2816 0.5499 700.0000
2814 2817 0.5042 700.0000
2814 2831 0.8772 700.0000
2814 2832 0.8202 700.0000
2814 2835 0.4554 700.0000
2814 2836 0.8036 700.0000
2814 2838 0.6437 700.0000
2814 2839 0.6617 700.0000
2815 2817 0.5684 700.0000
2815 2835 0.7768 700.0000
2816 2818 0.7180 700.0000
2816 2830 0.8601 700.0000
2816 2831 0.6895 700.0000
2816 2832 0.6858 700.0000
2816 2835 0.6173 700.0000
2817 2819 0.6080 700.0000
2817 2829 0.5865 700.0000
2817 2830 0.5869 700.0000
2817 2831 0.5637 700.0000
2817 2832 0.7369 700.0000
2817 2835 0.6043 700.0000
2817 2836 0.7977 700.0000
2817 2839 0.8788 700.0000
2818 2820 0.7003 700.0000
2818 2829 0.8144 700.0000
2818 2830 0.5123 700.0000
2818 2831 0.7330 700.0000
2819 2821 0.6699 700.0000
2819 2827 0.5471 700.0000
2819 2828 0.7975 700.0000
2819 2829 0.5787 700.0000
2819 2830 0.7338 700.0000
2820 2822 0.7331 700.0000
2820 2827 0.7146 700.0000
2820 2828 0.4653 700.0000
2820 2829 0.6987 700.0000
2820 2830 0.6367 700.0000
2821 2823 0.7739 700.0000
2821 2825 0.7638 700.0000
2821 2826 0.8432 700.0000
2821 2827 0.5692 700.0000
2821 2828 0.8510 700.0000
2822 2824 0.6087 700.0000
2822 2825 0.5210 700.0000
2822 2826 0.5123 700.0000
2822 2827 0.6021 700.0000
2822 2828 0.7262 700.0000
2823 2825 0.7637 700.0000
2823 2826 0.7933 700.0000
2824 2826 0.5659 700.0000
2825 2827 0.5715 700.0000
2826 2828 0.6801 700.0000
2827 2829 0.6427 700.0000
2828 2830 0.6362 700.0000
2829 2831 0.6543 700.0000
2829 2836 0.6954 700.0000
2829 2839 0.8421 700.0000
2830 2832 0.8524 700.0000
2830 2836 0.8596 700.0000
2831 2833 0.7783 700.0000
2831 2834 0.8867 700.0000
2831 2835 0.6105 700.0000
2831 2836 0.6272 700.0000
2832 2834 0.5105 700.0000
2832 2835 0.4194 700.0000
2832 2836 0.6428 700.0000
2832 2837 0.8871 700.0000
2832 2838 0.8527 700.0000
2833 2835 0.7404 700.0000
2833 2836 0.5602 700.0000
2833 2837 0.5396 700.0000
2834 2836 0.7494 700.0000
2834 2837 0.6001 700.0000
2834 2838 0.5845 700.0000
2835 2837 0.7412 700.0000
2835 2838 0.5096 700.0000
2835 2839 0.6755 700.0000
2836 2838 0.7603 700.0000
2836 2839 0.5273 700.0000
2836 2840 0.7258 700.0000
2837 2839 0.7324 700.0000
2837 2840 0.6222 700.0000
2837 2841 0.5625 700.0000
2838 2841 0.6590 700.0000
2838 2842 0.8727 700.0000
2839 2841 0.6985 700.0000
2839 2842 0.6095 700.0000
2839 2843 0.6031 700.0000
2840 2842 0.8115 700.0000
2840 2843 0.5781 700.0000
2840 2844 0.6001 700.0000
2840 2845 0.8973 700.0000
2841 2843 0.7527 700.0000
2841 2844 0.6294 700.0000
2841 2845 0.6228 700.0000
2842 2844 0.6865 700.0000
2842 2845 0.5588 700.0000
2842 2846 0.5245 700.0000
2842 2847 0.8641 700.0000
2843 2845 0.7047 700.0000
2843 2846 0.5920 700.0000
2843 2847 0.5799 700.0000
2844 2846 0.6860 700.0000
2844 2847 0.5727 700.0000
2844 2848 0.5589 700.0000
2844 2849 0.8817 700.0000
2845 2847 0.8186 700.0000
2845 2848 0.6129 700.0000
2845 2849 0.6475 700.0000
2846 2848 0.7276 700.0000
2846 2849 0.5389 700.0000
2846 2850 0.6673 700.0000
2847 2849 0.8091 700.0000
2847 2850 0.5960 700.0000
2847 2851 0.7079 700.0000
2848 2850 0.6257 700.0000
2848 2851 0.5567 700.0000
2848 2852 0.6062 700.0000
2849 2851 0.7991 700.0000
2849 2852 0.5859 700.0000
2849 2853 0.5921 700.0000
2850 2852 0.6431 700.0000
2850 2853 0.5570 700.0000
2850 2854 0.6080 700.0000
2851 2853 0.8125 700.0000
2851 2854 0.6413 700.0000
2851 2855 0.6867 700.0000
2852 2854 0.8016 700.0000
2852 2855 0.6340 700.0000
2852 2856 0.6820 700.0000
2853 2855 0.8199 700.0000
2853 2856 0.7532 700.0000
2854 2856 0.8609 700.0000
2888 2890 0.5870 700.0000
2888 2933 0.5935 700.0000
2888 2934 0.7681 700.0000
2888 2935 0.7363 700.0000
2889 2891 0.7124 700.0000
2889 2933 0.7117 700.0000
2889 2934 0.5813 700.0000
2889 2935 0.8311 700.0000
2889 2942 0.6530 700.0000
2889 2943 0.8527 700.0000
2889 2946 0.5672 700.0000
2890 2892 0.6063 700.0000
2890 2931 0.6100 700.0000
2890 2932 0.7385 700.0000
2890 2933 0.6072 700.0000
2890 2934 0.8172 700.0000
2890 2946 0.8887 700.0000
2891 2893 0.6810 700.0000
2891 2930 0.8938 700.0000
2891 2931 0.7246 700.0000
2891 2932 0.5273 700.0000
2891 2933 0.7940 700.0000
2891 2934 0.6534 700.0000
2891 2946 0.5346 700.0000
2891 2949 0.6979 700.0000
2891 2950 0.7680 700.0000
2892 2894 0.7675 700.0000
2892 2925 0.6828 700.0000
2892 2926 0.8098 700.0000
2892 2929 0.5008 700.0000
2892 2930 0.6176 700.0000
2892 2931 0.5164 700.0000
2892 2932 0.7202 700.0000
2893 2895 0.7044 700.0000
2893 2896 0.8192 700.0000
2893 2897 0.7570 700.0000
2893 2898 0.6052 700.0000
2893 2929 0.5662 700.0000
2893 2930 0.4546 700.0000
2893 2931 0.6974 700.0000
2893 2932 0.6639 700.0000
2893 2953 0.7251 700.0000
2894 2896 0.5150 700.0000
2894 2897 0.4906 700.0000
2894 2898 0.6784 700.0000
2894 2899 0.8515 700.0000
2894 2928 0.6794 700.0000
2894 2929 0.5657 700.0000
2894 2930 0.6383 700.0000
2894 2953 0.8237 700.0000
2895 2897 0.7557 700.0000
2895 2898 0.5862 700.0000
2895 2899 0.4940 700.0000
2895 2924 0.7431 700.0000
2895 2926 0.8119 700.0000
2895 2927 0.7504 700.0000
2895 2928 0.5212 700.0000
2895 2929 0.6721 700.0000
2895 2930 0.5893 700.0000
2896 2898 0.7037 700.0000
2896 2899 0.5051 700.0000
2896 2900 0.7756 700.0000
2896 2928 0.6998 700.0000
2897 2899 0.8130 700.0000
2897 2900 0.6985 700.0000
2897 2901 0.8807 700.0000
2897 2953 0.7170 700.0000
2897 2957 0.5464 700.0000
2898 2900 0.8534 700.0000
2898 2901 0.5765 700.0000
2898 2902 0.5396 700.0000
2898 2909 0.8970 700.0000
2898 2922 0.7871 700.0000
2898 2930 0.5849 700.0000
2898 2932 0.7982 700.0000
2898 2953 0.7503 700.0000
2899 2901 0.8559 700.0000
2899 2902 0.6273 700.0000
2899 2903 0.7831 700.0000
2900 2902 0.8605 700.0000
2900 2903 0.6233 700.0000
2900 2904 0.5204 700.0000
2900 2905 0.8047 700.0000
2900 2953 0.8958 700.0000
2900 2956 0.7187 700.0000
2900 2957 0.7027 700.0000
2901 2903 0.8780 700.0000
2901 2904 0.5854 700.0000
2901 2905 0.4316 700.0000
2901 2906 0.7051 700.0000
2901 2908 0.6505 700.0000
2901 2909 0.7568 700.0000
2901 2949 0.7483 700.0000
2901 2952 0.7529 700.0000
2901 2953 0.5416 700.0000
2901 2956 0.6176 700.0000
2901 2957 0.7716 700.0000
2902 2904 0.7724 700.0000
2902 2905 0.6890 700.0000
2902 2906 0.5170 700.0000
2902 2907 0.8752 700.0000
2902 2909 0.7748 700.0000
2903 2905 0.7986 700.0000
2903 2906 0.7748 700.0000
2904 2906 0.6744 700.0000
2904 2908 0.8607 700.0000
2904 2956 0.7011 700.0000
2905 2907 0.6390 700.0000
2905 2908 0.4542 700.0000
2905 2909 0.7638 700.0000
2905 2952 0.7881 700.0000
2905 2956 0.7129 700.0000
2906 2908 0.6633 700.0000
2906 2909 0.6853 700.0000
2906 2910 0.7489 700.0000
2907 2909 0.6761 700.0000
2907 2910 0.5398 700.0000
2907 2911 0.6628 700.0000
2908 2910 0.7548 700.0000
2908 2911 0.5570 700.0000
2908 2912 0.6532 700.0000
2908 2948 0.8388 700.0000
2908 2949 0.7664 700.0000
2908 2952 0.6004 700.0000
2908 2956 0.8754 700.0000
2909 2911 0.6057 700.0000
2909 2912 0.5612 700.0000
2909 2913 0.5916 700.0000
2909 2920 0.6051 700.0000
2909 2922 0.8813 700.0000
2909 2932 0.8981 700.0000
2909 2949 0.7043 700.0000
2910 2912 0.6728 700.0000
2910 2913 0.4896 700.0000
2910 2914 0.6278 700.0000
2910 2920 0.7912 700.0000
2911 2913 0.6142 700.0000
2911 2914 0.5557 700.0000
2911 2915 0.6275 700.0000
2911 2916 0.7970 700.0000
2912 2914 0.7285 700.0000
2912 2915 0.6041 700.0000
2912 2916 0.5446 700.0000
2912 2917 0.8122 700.0000
2912 2918 0.6727 700.0000
2912 2920 0.7716 700.0000
2912 2944 0.8456 700.0000
2912 2945 0.5856 700.0000
2912 2948 0.6335 700.0000
2912 2949 0.7034 700.0000
2913 2916 0.7821 700.0000
2913 2917 0.6309 700.0000
2913 2918 0.4596 700.0000
2913 2919 0.5107 700.0000
2913 2920 0.5279 700.0000
2913 2934 0.8607 700.0000
2913 2935 0.8900 700.0000
2913 2945 0.8861 700.0000
2914 2916 0.8413 700.0000
2914 2917 0.7311 700.0000
2914 2918 0.8147 700.0000
2915 2917 0.8676 700.0000
2915 2944 0.8593 700.0000
2915 2945 0.8354 700.0000
2915 2948 0.8281 700.0000
2916 2918 0.6111 700.0000
2916 2940 0.7087 700.0000
2916 2941 0.5677 700.0000
2916 2942 0.7792 700.0000
2916 2944 0.5483 700.0000
2916 2945 0.4988 700.0000
2916 2948 0.7536 700.0000
2917 2919 0.6631 700.0000
2917 2935 0.8352 700.0000
2917 2936 0.6404 700.0000
2917 2937 0.5429 700.0000
2917 2939 0.6493 700.0000
2917 2940 0.5119 700.0000
2917 2941 0.7653 700.0000
2917 2942 0.7993 700.0000
2917 2945 0.8524 700.0000
2918 2920 0.6276 700.0000
2918 2934 0.6592 700.0000
2918 2935 0.6056 700.0000
2918 2936 0.5831 700.0000
2918 2937 0.6490 700.0000
2918 2939 0.8904 700.0000
2918 2940 0.6496 700.0000
2918 2941 0.8267 700.0000
2918 2942 0.6672 700.0000
2918 2945 0.6914 700.0000
2919 2921 0.6420 700.0000
2919 2933 0.8722 700.0000
2919 2934 0.7438 700.0000
2919 2935 0.4646 700.0000
2919 2936 0.6856 700.0000
2919 2937 0.7172 700.0000
2920 2922 0.6364 700.0000
2920 2932 0.6003 700.0000
2920 2933 0.6680 700.0000
2920 2934 0.5183 700.0000
2920 2935 0.6699 700.0000
2920 2949 0.8561 700.0000
2921 2923 0.6054 700.0000
2921 2931 0.8098 700.0000
2921 2932 0.7414 700.0000
2921 2933 0.4921 700.0000
2921 2934 0.7870 700.0000
2921 2935 0.6384 700.0000
2922 2924 0.7590 700.0000
2922 2930 0.6586 700.0000
2922 2931 0.6583 700.0000
2922 2932 0.5765 700.0000
2922 2933 0.7386 700.0000
2923 2925 0.6465 700.0000
2923 2930 0.7047 700.0000
2923 2931 0.4923 700.0000
2923 2932 0.7427 700.0000
2923 2933 0.6463 700.0000
2924 2926 0.5928 700.0000
2924 2927 0.6689 700.0000
2924 2928 0.8528 700.0000
2924 2929 0.7595 700.0000
2924 2930 0.5706 700.0000
2924 2931 0.7655 700.0000
2925 2927 0.6836 700.0000
2925 2928 0.8654 700.0000
2925 2929 0.5156 700.0000
2925 2930 0.6102 700.0000
2925 2931 0.5660 700.0000
2926 2928 0.5593 700.0000
2926 2929 0.4151 700.0000
2926 2930 0.6945 700.0000
2926 2931 0.8410 700.0000
2927 2929 0.6439 700.0000
2927 2930 0.8859 700.0000
2928 2930 0.8250 700.0000
2929 2931 0.7050 700.0000
2930 2932 0.5937 700.0000
2931 2933 0.5400 700.0000
2931 2934 0.8857 700.0000
2932 2934 0.5733 700.0000
2932 2946 0.8740 700.0000
2932 2949 0.7552 700.0000
2933 2935 0.6273 700.0000
2934 2936 0.8055 700.0000
2934 2942 0.6045 700.0000
2934 2945 0.6667 700.0000
2934 2946 0.5644 700.0000
2934 2949 0.7992 700.0000
2935 2937 0.6857 700.0000
2935 2942 0.7525 700.0000
2936 2938 0.7883 700.0000
2936 2939 0.6939 700.0000
2936 2940 0.5214 700.0000
2936 2941 0.8680 700.0000
2936 2942 0.5952 700.0000
2937 2939 0.5380 700.0000
2937 2940 0.5571 700.0000
2937 2942 0.8861 700.0000
2938 2940 0.8546 700.0000
2939 2941 0.7427 700.0000
2940 2942 0.5642 700.0000
2940 2944 0.8615 700.0000
2940 2945 0.8757 700.0000
2941 2943 0.6002 700.0000
2941 2944 0.4754 700.0000
2941 2945 0.6445 700.0000
2942 2944 0.6346 700.0000
2942 2945 0.5711 700.0000
2942 2946 0.6106 700.0000
2943 2945 0.6903 700.0000
2943 2946 0.5981 700.0000
2943 2947 0.6111 700.0000
2944 2946 0.6899 700.0000
2944 2947 0.4868 700.0000
2944 2948 0.5937 700.0000
2945 2947 0.6152 700.0000
2945 2948 0.5005 700.0000
2945 2949 0.6805 700.0000
2945 2950 0.8276 700.0000
2946 2948 0.8239 700.0000
2946 2949 0.7418 700.0000
2946 2950 0.7566 700.0000
2947 2949 0.8583 700.0000
2947 2950 0.6430 700.0000
2947 2951 0.7102 700.0000
2948 2950 0.5582 700.0000
2948 2951 0.5294 700.0000
2948 2952 0.5924 700.0000
2949 2951 0.6880 700.0000
2949 2952 0.6561 700.0000
2949 2953 0.5733 700.0000
2949 2954 0.8584 700.0000
2950 2952 0.6353 700.0000
2950 2953 0.5630 700.0000
2950 2954 0.5151 700.0000
2950 2955 0.8680 700.0000
2951 2953 0.7198 700.0000
2951 2954 0.5189 700.0000
2951 2955 0.5732 700.0000
2951 2956 0.8275 700.0000
2952 2954 0.7489 700.0000
2952 2955 0.5334 700.0000
2952 2956 0.5827 700.0000
2953 2955 0.8304 700.0000
2953 2956 0.6226 700.0000
2953 2957 0.5171 700.0000
2954 2956 0.7563 700.0000
2954 2957 0.6036 700.0000
2955 2957 0.7560 700.0000
2960 2962 0.7606 700.0000
2960 2999 0.6257 700.0000
2960 3000 0.4476 700.0000
2960 3001 0.6451 700.0000
2961 2963 0.6463 700.0000
2961 2998 0.8983 700.0000
2961 2999 0.7795 700.0000
2961 3000 0.5386 700.0000
2961 3001 0.6384 700.0000
2961 3002 0.5335 700.0000
2961 3005 0.7083 700.0000
2962 2964 0.6353 700.0000
2962 2997 0.6208 700.0000
2962 2998 0.6500 700.0000
2962 2999 0.5367 700.0000
2962 3000 0.7427 700.0000
2962 3005 0.8977 700.0000
2963 2965 0.7061 700.0000
2963 2997 0.7534 700.0000
2963 2998 0.5351 700.0000
2963 2999 0.8019 700.0000
2963 3000 0.7947 700.0000
2963 3002 0.8016 700.0000
2963 3005 0.5458 700.0000
2963 3006 0.8626 700.0000
2963 3009 0.7077 700.0000
2964 2966 0.6563 700.0000
2964 2995 0.6002 700.0000
2964 2996 0.6489 700.0000
2964 2997 0.5133 700.0000
2964 2998 0.6238 700.0000
2965 2967 0.5953 700.0000
2965 2973 0.8825 700.0000
2965 2994 0.7541 700.0000
2965 2995 0.6339 700.0000
2965 2996 0.4491 700.0000
2965 2997 0.6922 700.0000
2965 2998 0.6538 700.0000
2965 3008 0.8918 700.0000
2965 3009 0.6456 700.0000
2965 3012 0.7715 700.0000
2966 2968 0.7110 700.0000
2966 2994 0.5655 700.0000
2966 2995 0.5216 700.0000
2966 2996 0.6617 700.0000
2967 2969 0.6420 700.0000
2967 2970 0.7431 700.0000
2967 2972 0.5873 700.0000
2967 2973 0.5746 700.0000
2967 2976 0.7668 700.0000
2967 2993 0.7766 700.0000
2967 2994 0.4573 700.0000
2967 2995 0.6992 700.0000
2967 2996 0.6413 700.0000
2967 3012 0.8266 700.0000
2968 2970 0.7030 700.0000
2968 2972 0.6492 700.0000
2968 2973 0.8409 700.0000
2968 2993 0.8644 700.0000
2968 2994 0.5977 700.0000
2969 2971 0.5415 700.0000
2969 2972 0.4727 700.0000
2969 2973 0.7110 700.0000
2969 2993 0.8203 700.0000
2969 2994 0.6971 700.0000
2970 2972 0.6320 700.0000
2970 2973 0.5296 700.0000
2970 2974 0.6256 700.0000
2970 2991 0.7235 700.0000
2970 2993 0.5157 700.0000
2970 2994 0.5827 700.0000
2971 2973 0.7120 700.0000
2971 2974 0.6714 700.0000
2971 2975 0.7687 700.0000
2972 2974 0.7787 700.0000
2972 2975 0.6230 700.0000
2972 2976 0.5940 700.0000
2972 2994 0.8411 700.0000
2972 3016 0.7960 700.0000
2973 2975 0.6529 700.0000
2973 2976 0.5286 700.0000
2973 2977 0.6158 700.0000
2973 2978 0.8508 700.0000
2973 2991 0.5820 700.0000
2973 2993 0.6770 700.0000
2973 2994 0.6186 700.0000
2973 2995 0.8953 700.0000
2973 2996 0.5967 700.0000
2974 2976 0.7540 700.0000
2974 2977 0.5105 700.0000
2974 2978 0.6061 700.0000
2974 2991 0.5679 700.0000
2974 2993 0.8116 700.0000
2974 2996 0.8782 700.0000
2975 2977 0.8142 700.0000
2975 2978 0.5962 700.0000
2975 2979 0.5515 700.0000
2976 2978 0.7884 700.0000
2976 2979 0.5464 700.0000
2976 2980 0.6312 700.0000
2976 2996 0.7997 700.0000
2976 3008 0.8795 700.0000
2976 3011 0.8254 700.0000
2976 3012 0.5428 700.0000
2976 3015 0.7396 700.0000
2976 3016 0.8184 700.0000
2977 2979 0.8014 700.0000
2977 2980 0.6562 700.0000
2977 2981 0.5610 700.0000
2977 2988 0.8917 700.0000
2977 2989 0.4748 700.0000
2977 2990 0.8219 700.0000
2977 2991 0.6032 700.0000
2977 2996 0.7075 700.0000
2978 2980 0.7627 700.0000
2978 2981 0.6462 700.0000
2978 2982 0.7261 700.0000
2979 2981 0.7729 700.0000
2979 2982 0.7082 700.0000
2979 2983 0.6434 700.0000
2979 3011 0.7882 700.0000
2979 3012 0.8916 700.0000
2980 2982 0.7568 700.0000
2980 2983 0.5355 700.0000
2980 2984 0.4994 700.0000
2980 2987 0.6884 700.0000
2980 2989 0.6786 700.0000
2980 2998 0.8804 700.0000
2980 3007 0.8663 700.0000
2980 3008 0.6113 700.0000
2980 3011 0.6846 700.0000
2980 3012 0.7742 700.0000
2981 2983 0.7362 700.0000
2981 2984 0.6806 700.0000
2981 2985 0.6703 700.0000
2981 2987 0.6592 700.0000
2981 2988 0.7838 700.0000
2981 2989 0.5765 700.0000
2982 2984 0.8387 700.0000
2982 2985 0.7763 700.0000
2983 2985 0.7944 700.0000
2983 3008 0.8435 700.0000
2983 3011 0.6720 700.0000
2984 2986 0.6847 700.0000
2984 2987 0.5382 700.0000
2984 3004 0.5686 700.0000
2984 3005 0.8523 700.0000
2984 3007 0.6662 700.0000
2984 3008 0.6145 700.0000
2984 3011 0.7551 700.0000
2985 2987 0.6596 700.0000
2985 3004 0.8753 700.0000
2986 3000 0.7617 700.0000
2986 3001 0.6930 700.0000
2986 3004 0.5990 700.0000
2987 2989 0.5617 700.0000
2987 2998 0.6045 700.0000
2987 2999 0.6095 700.0000
2987 3000 0.5951 700.0000
2987 3001 0.7474 700.0000
2987 3004 0.5870 700.0000
2987 3005 0.7032 700.0000
2987 3008 0.7910 700.0000
2988 2990 0.5800 700.0000
2988 2997 0.7347 700.0000
2988 2998 0.6859 700.0000
2988 2999 0.4367 700.0000
2988 3000 0.7470 700.0000
2989 2991 0.7530 700.0000
2989 2996 0.6263 700.0000
2989 2997 0.6121 700.0000
2989 2998 0.5758 700.0000
2989 2999 0.7075 700.0000
2990 2992 0.7548 700.0000
2990 2996 0.7377 700.0000
2990 2997 0.4611 700.0000
2990 2998 0.7719 700.0000
2990 2999 0.7128 700.0000
2991 2993 0.4756 700.0000
2991 2994 0.6699 700.0000
2991 2995 0.7587 700.0000
2991 2996 0.6018 700.0000
2991 2997 0.7814 700.0000
2992 2994 0.6744 700.0000
2992 2995 0.5103 700.0000
2992 2996 0.8119 700.0000
2992 2997 0.7639 700.0000
2993 2995 0.5676 700.0000
2993 2996 0.7483 700.0000
2994 2996 0.6168 700.0000
2995 2997 0.6693 700.0000
2996 2998 0.5950 700.0000
2997 2999 0.6283 700.0000
2998 3000 0.6755 700.0000
2998 3004 0.8784 700.0000
2998 3005 0.5493 700.0000
2998 3008 0.7598 700.0000
2998 3009 0.7694 700.0000
2999 3001 0.8239 700.0000
2999 3005 0.8037 700.0000
3000 3002 0.7352 700.0000
3000 3003 0.8305 700.0000
3000 3004 0.6122 700.0000
3000 3005 0.5805 700.0000
3001 3003 0.5000 700.0000
3001 3004 0.4242 700.0000
3001 3005 0.5957 700.0000
3001 3006 0.8279 700.0000
3002 3004 0.7467 700.0000
3002 3005 0.5795 700.0000
3002 3006 0.6369 700.0000
3003 3005 0.6665 700.0000
3003 3006 0.5696 700.0000
3003 3007 0.7151 700.0000
3004 3006 0.6333 700.0000
3004 3007 0.5905 700.0000
3004 3008 0.6962 700.0000
3005 3007 0.6146 700.0000
3005 3008 0.5728 700.0000
3005 3009 0.5835 700.0000
3006 3008 0.5441 700.0000
3006 3009 0.5323 700.0000
3006 3010 0.6073 700.0000
3007 3009 0.6233 700.0000
3007 3010 0.4858 700.0000
3007 3011 0.5797 700.0000
3007 3012 0.8314 700.0000
3008 3010 0.6108 700.0000
3008 3011 0.5121 700.0000
3008 3012 0.5693 700.0000
3008 3013 0.8213 700.0000
3009 3011 0.8404 700.0000
3009 3012 0.5968 700.0000
3009 3013 0.7285 700.0000
3010 3012 0.7281 700.0000
3010 3013 0.5710 700.0000
3010 3014 0.5460 700.0000
3011 3013 0.6888 700.0000
3011 3014 0.5280 700.0000
3011 3015 0.7100 700.0000
3012 3014 0.7046 700.0000
3012 3015 0.6011 700.0000
3012 3016 0.6269 700.0000
3013 3015 0.5592 700.0000
3013 3016 0.5386 700.0000
3013 3017 0.8933 700.0000
3014 3016 0.7834 700.0000
3015 3017 0.5905 700.0000
3033 3035 0.6383 700.0000
3033 3071 0.7881 700.0000
3033 3072 0.6375 700.0000
3033 3073 0.4427 700.0000
3033 3074 0.7264 700.0000
3033 3075 0.7862 700.0000
3033 3089 0.5786 700.0000
3033 3092 0.6747 700.0000
3033 3093 0.7736 700.0000
3034 3036 0.7976 700.0000
3034 3067 0.7753 700.0000
3034 3070 0.4904 700.0000
3034 3071 0.6530 700.0000
3034 3072 0.5296 700.0000
3034 3073 0.7696 700.0000
3035 3037 0.6265 700.0000
3035 3038 0.8206 700.0000
3035 3039 0.7324 700.0000
3035 3040 0.6745 700.0000
3035 3070 0.5560 700.0000
3035 3071 0.4485 700.0000
3035 3072 0.6776 700.0000
3035 3073 0.7355 700.0000
3035 3096 0.7390 700.0000
3036 3038 0.5369 700.0000
3036 3039 0.5589 700.0000
3036 3040 0.8372 700.0000
3036 3068 0.8891 700.0000
3036 3069 0.6338 700.0000
3036 3070 0.5276 700.0000
3036 3071 0.6675 700.0000
3037 3039 0.6973 700.0000
3037 3040 0.6035 700.0000
3037 3041 0.5647 700.0000
3037 3042 0.8932 700.0000
3037 3066 0.6507 700.0000
3037 3068 0.6806 700.0000
3037 3069 0.6200 700.0000
3037 3070 0.6313 700.0000
3037 3071 0.4999 700.0000
3038 3040 0.7173 700.0000
3038 3041 0.5185 700.0000
3038 3042 0.6020 700.0000
3038 3043 0.8548 700.0000
3038 3069 0.8052 700.0000
3038 3071 0.8547 700.0000
3039 3041 0.8044 700.0000
3039 3042 0.5786 700.0000
3039 3043 0.6586 700.0000
3039 3096 0.7537 700.0000
3039 3100 0.6911 700.0000
3040 3042 0.7529 700.0000
3040 3043 0.5916 700.0000
3040 3044 0.4846 700.0000
3040 3045 0.8746 700.0000
3040 3047 0.6229 700.0000
3040 3048 0.8192 700.0000
3040 3064 0.8004 700.0000
3040 3066 0.8540 700.0000
3040 3071 0.5774 700.0000
3040 3073 0.8379 700.0000
3040 3096 0.7964 700.0000
3041 3043 0.7714 700.0000
3041 3044 0.5720 700.0000
3041 3066 0.8763 700.0000
3041 3071 0.8757 700.0000
3042 3044 0.7492 700.0000
3042 3045 0.8599 700.0000
3042 3100 0.8783 700.0000
3043 3045 0.6431 700.0000
3043 3046 0.5923 700.0000
3043 3047 0.5450 700.0000
3043 3096 0.6651 700.0000
3043 3099 0.5622 700.0000
3043 3100 0.6591 700.0000
3043 3102 0.8414 700.0000
3044 3046 0.8340 700.0000
3044 3047 0.6253 700.0000
3044 3048 0.5775 700.0000
3045 3047 0.6391 700.0000
3045 3048 0.5874 700.0000
3045 3049 0.7136 700.0000
3046 3048 0.7653 700.0000
3046 3049 0.6094 700.0000
3046 3050 0.6811 700.0000
3046 3095 0.7996 700.0000
3046 3098 0.8336 700.0000
3046 3099 0.6079 700.0000
3046 3102 0.7544 700.0000
3047 3049 0.7239 700.0000
3047 3050 0.6019 700.0000
3047 3051 0.6089 700.0000
3047 3092 0.6811 700.0000
3047 3095 0.6737 700.0000
3047 3096 0.6696 700.0000
3047 3099 0.7476 700.0000
3048 3050 0.7602 700.0000
3048 3051 0.5327 700.0000
3048 3052 0.7007 700.0000
3049 3051 0.7335 700.0000
3049 3052 0.6272 700.0000
3049 3053 0.6324 700.0000
3050 3052 0.6713 700.0000
3050 3053 0.4786 700.0000
3050 3054 0.6300 700.0000
3050 3091 0.7869 700.0000
3050 3092 0.7584 700.0000
3050 3095 0.5935 700.0000
3051 3053 0.7037 700.0000
3051 3054 0.5213 700.0000
3051 3055 0.5785 700.0000
3051 3060 0.8886 700.0000
3051 3062 0.6598 700.0000
3051 3073 0.8707 700.0000
3051 3075 0.7926 700.0000
3051 3088 0.8855 700.0000
3051 3092 0.6905 700.0000
3052 3054 0.5978 700.0000
3052 3055 0.4789 700.0000
3052 3056 0.5962 700.0000
3052 3062 0.8761 700.0000
3053 3055 0.7813 700.0000
3053 3056 0.6323 700.0000
3053 3057 0.7024 700.0000
3054 3056 0.7400 700.0000
3054 3057 0.6294 700.0000
3054 3058 0.5372 700.0000
3054 3060 0.6666 700.0000
3054 3062 0.8814 700.0000
3054 3075 0.7645 700.0000
3054 3088 0.5699 700.0000
3054 3091 0.6286 700.0000
3054 3092 0.7687 700.0000
3055 3058 0.7956 700.0000
3055 3059 0.7047 700.0000
3055 3060 0.4562 700.0000
3055 3061 0.5695 700.0000
3055 3062 0.5862 700.0000
3055 3075 0.7773 700.0000
3055 3078 0.8457 700.0000
3056 3058 0.8569 700.0000
3056 3059 0.7524 700.0000
3056 3060 0.8660 700.0000
3057 3088 0.8889 700.0000
3057 3091 0.8476 700.0000
3058 3060 0.6320 700.0000
3058 3075 0.8996 700.0000
3058 3084 0.5166 700.0000
3058 3085 0.7796 700.0000
3058 3086 0.8776 700.0000
3058 3087 0.5799 700.0000
3058 3088 0.5519 700.0000
3058 3091 0.7544 700.0000
3059 3061 0.7423 700.0000
3059 3077 0.6820 700.0000
3059 3078 0.4695 700.0000
3059 3079 0.7049 700.0000
3059 3082 0.8699 700.0000
3059 3084 0.7850 700.0000
3060 3062 0.6673 700.0000
3060 3075 0.5980 700.0000
3060 3076 0.6923 700.0000
3060 3077 0.5751 700.0000
3060 3078 0.5719 700.0000
3060 3083 0.8874 700.0000
3060 3084 0.7176 700.0000
3060 3085 0.7391 700.0000
3060 3088 0.7378 700.0000
3061 3063 0.6631 700.0000
3061 3074 0.8513 700.0000
3061 3075 0.6827 700.0000
3061 3076 0.5072 700.0000
3061 3077 0.6508 700.0000
3061 3078 0.5322 700.0000
3062 3064 0.6434 700.0000
3062 3073 0.7449 700.0000
3062 3074 0.6574 700.0000
3062 3075 0.5580 700.0000
3062 3076 0.7014 700.0000
3063 3065 0.7176 700.0000
3063 3072 0.8788 700.0000
3063 3073 0.7476 700.0000
3063 3074 0.4635 700.0000
3063 3075 0.7296 700.0000
3063 3076 0.6012 700.0000
3064 3066 0.7385 700.0000
3064 3071 0.6896 700.0000
3064 3072 0.6472 700.0000
3064 3073 0.5640 700.0000
3064 3074 0.7095 700.0000
3065 3067 0.5950 700.0000
3065 3068 0.8804 700.0000
3065 3070 0.8939 700.0000
3065 3071 0.5574 700.0000
3065 3072 0.3996 700.0000
3065 3073 0.6696 700.0000
3065 3074 0.7475 700.0000
3066 3068 0.5456 700.0000
3066 3069 0.8981 700.0000
3066 3070 0.8084 700.0000
3066 3071 0.5456 700.0000
3066 3072 0.7168 700.0000
3067 3069 0.8855 700.0000
3067 3070 0.6048 700.0000
3067 3071 0.7061 700.0000
3067 3072 0.5599 700.0000
3068 3070 0.5820 700.0000
3068 3071 0.7454 700.0000
3068 3072 0.8933 700.0000
3069 3071 0.8801 700.0000
3070 3072 0.6497 700.0000
3071 3073 0.6400 700.0000
3072 3074 0.6700 700.0000
3073 3075 0.6100 700.0000
3073 3089 0.7149 700.0000
3073 3092 0.6880 700.0000
3074 3076 0.6037 700.0000
3074 3089 0.7429 700.0000
3075 3077 0.8537 700.0000
3075 3085 0.5869 700.0000
3075 3086 0.8483 700.0000
3075 3088 0.5503 700.0000
3075 3089 0.4822 700.0000
3075 3092 0.7767 700.0000
3076 3078 0.7492 700.0000
3076 3083 0.8864 700.0000
3076 3085 0.7967 700.0000
3077 3079 0.5633 700.0000
3077 3080 0.7601 700.0000
3077 3082 0.7160 700.0000
3077 3083 0.5488 700.0000
3077 3084 0.7127 700.0000
3077 3085 0.7062 700.0000
3079 3081 0.5182 700.0000
3079 3082 0.5609 700.0000
3079 3083 0.8082 700.0000
3080 3082 0.8928 700.0000
3082 3084 0.5747 700.0000
3083 3085 0.4839 700.0000
3083 3086 0.7089 700.0000
3083 3087 0.8025 700.0000
3084 3086 0.6317 700.0000
3084 3087 0.4663 700.0000
3084 3088 0.6842 700.0000
3085 3087 0.5941 700.0000
3085 3088 0.5359 700.0000
3085 3089 0.5302 700.0000
3085 3090 0.8850 700.0000
3086 3088 0.5675 700.0000
3086 3089 0.5427 700.0000
3086 3090 0.6627 700.0000
3086 3091 0.8904 700.0000
3087 3089 0.8013 700.0000
3087 3090 0.6519 700.0000
3087 3091 0.7488 700.0000
3088 3090 0.5080 700.0000
3088 3091 0.4850 700.0000
3088 3092 0.6740 700.0000
3088 3093 0.8262 700.0000
3089 3091 0.7745 700.0000
3089 3092 0.6701 700.0000
3089 3093 0.7599 700.0000
3090 3092 0.6697 700.0000
3090 3093 0.4789 700.0000
3090 3094 0.6511 700.0000
3090 3095 0.8526 700.0000
3091 3093 0.6002 700.0000
3091 3094 0.5600 700.0000
3091 3095 0.6503 700.0000
3092 3094 0.7469 700.0000
3092 3095 0.5452 700.0000
3092 3096 0.5900 700.0000
3092 3097 0.8515 700.0000
3093 3095 0.6200 700.0000
3093 3096 0.6376 700.0000
3093 3097 0.5612 700.0000
3094 3096 0.7926 700.0000
3094 3097 0.5044 700.0000
3094 3098 0.6712 700.0000
3095 3097 0.5838 700.0000
3095 3098 0.5608 700.0000
3095 3099 0.6037 700.0000
3095 3100 0.8075 700.0000
3096 3098 0.8203 700.0000
3096 3099 0.5788 700.0000
3096 3100 0.5514 700.0000
3096 3101 0.8809 700.0000
3097 3099 0.7097 700.0000
3097 3100 0.6345 700.0000
3097 3101 0.7015 700.0000
3098 3100 0.6668 700.0000
3098 3101 0.5377 700.0000
3098 3102 0.5882 700.0000
3099 3101 0.5241 700.0000
3099 3102 0.4671 700.0000
3100 3102 0.6349 700.0000
3104 3106 0.6820 700.0000
3104 3148 0.7432 700.0000
3104 3149 0.5259 700.0000
3104 3150 0.6635 700.0000
3104 3151 0.5357 700.0000
3104 3154 0.6739 700.0000
3105 3107 0.6464 700.0000
3105 3139 0.8963 700.0000
3105 3146 0.5651 700.0000
3105 3147 0.6874 700.0000
3105 3148 0.5722 700.0000
3105 3149 0.8308 700.0000
3106 3108 0.6076 700.0000
3106 3145 0.8548 700.0000
3106 3146 0.7228 700.0000
3106 3147 0.5252 700.0000
3106 3148 0.7775 700.0000
3106 3149 0.8250 700.0000
3106 3154 0.5988 700.0000
3106 3155 0.8542 700.0000
3106 3158 0.6518 700.0000
3107 3109 0.6299 700.0000
3107 3144 0.6490 700.0000
3107 3145 0.6972 700.0000
3107 3146 0.5407 700.0000
3107 3147 0.6839 700.0000
3108 3110 0.6233 700.0000
3108 3144 0.6391 700.0000
3108 3145 0.4816 700.0000
3108 3146 0.6800 700.0000
3108 3147 0.6563 700.0000
3108 3158 0.6410 700.0000
3108 3161 0.7645 700.0000
3108 3162 0.8119 700.0000
3109 3111 0.5610 700.0000
3109 3112 0.7359 700.0000
3109 3143 0.6827 700.0000
3109 3144 0.6071 700.0000
3109 3145 0.8248 700.0000
3110 3112 0.6171 700.0000
3110 3113 0.5530 700.0000
3110 3114 0.7385 700.0000
3110 3117 0.4915 700.0000
3110 3120 0.7842 700.0000
3110 3140 0.8744 700.0000
3110 3141 0.8803 700.0000
3110 3142 0.8984 700.0000
3110 3143 0.6181 700.0000
3110 3144 0.5819 700.0000
3110 3145 0.6696 700.0000
3110 3161 0.8628 700.0000
3111 3113 0.7975 700.0000
3111 3114 0.7798 700.0000
3111 3117 0.7585 700.0000
3111 3143 0.5962 700.0000
3112 3114 0.6065 700.0000
3112 3116 0.8654 700.0000
3112 3117 0.8226 700.0000
3112 3162 0.8226 700.0000
3113 3115 0.8162 700.0000
3113 3116 0.4782 700.0000
3113 3117 0.6145 700.0000
3113 3120 0.8333 700.0000
3113 3161 0.8145 700.0000
3113 3162 0.7170 700.0000
3114 3116 0.5538 700.0000
3114 3117 0.5087 700.0000
3114 3118 0.8203 700.0000
3115 3117 0.8251 700.0000
3115 3118 0.7094 700.0000
3116 3118 0.7864 700.0000
3116 3119 0.6123 700.0000
3116 3120 0.7377 700.0000
3117 3120 0.6883 700.0000
3117 3121 0.7085 700.0000
3117 3142 0.7560 700.0000
3117 3143 0.7116 700.0000
3117 3144 0.8776 700.0000
3118 3120 0.7708 700.0000
3118 3121 0.6594 700.0000
3118 3122 0.7434 700.0000
3119 3121 0.7792 700.0000
3119 3122 0.4958 700.0000
3119 3124 0.8812 700.0000
3119 3125 0.7451 700.0000
3120 3122 0.6592 700.0000
3120 3125 0.5070 700.0000
3120 3126 0.8268 700.0000
3120 3140 0.7025 700.0000
3120 3145 0.7818 700.0000
3120 3161 0.7458 700.0000
3121 3123 0.8388 700.0000
3121 3125 0.8252 700.0000
3121 3140 0.6154 700.0000
3121 3141 0.8816 700.0000
3121 3142 0.7965 700.0000
3122 3124 0.5626 700.0000
3122 3125 0.6565 700.0000
3122 3126 0.8147 700.0000
3123 3125 0.7341 700.0000
3123 3126 0.5716 700.0000
3123 3127 0.6024 700.0000
3124 3126 0.7241 700.0000
3124 3127 0.6366 700.0000
3124 3128 0.7284 700.0000
3125 3127 0.7220 700.0000
3125 3128 0.6008 700.0000
3125 3129 0.5892 700.0000
3125 3130 0.8885 700.0000
3125 3138 0.8289 700.0000
3125 3160 0.7414 700.0000
3125 3161 0.7916 700.0000
3126 3128 0.6216 700.0000
3126 3129 0.5705 700.0000
3126 3130 0.5113 700.0000
3126 3131 0.8905 700.0000
3126 3138 0.6652 700.0000
3127 3129 0.7878 700.0000
3127 3130 0.5363 700.0000
3127 3131 0.6793 700.0000
3128 3130 0.8026 700.0000
3128 3131 0.5454 700.0000
3128 3132 0.4780 700.0000
3128 3133 0.8208 700.0000
3128 3160 0.7740 700.0000
3129 3131 0.8228 700.0000
3129 3132 0.6606 700.0000
3129 3133 0.4587 700.0000
3129 3134 0.7596 700.0000
3129 3136 0.6522 700.0000
3129 3137 0.8903 700.0000
3129 3138 0.5977 700.0000
3129 3157 0.6786 700.0000
3129 3160 0.6326 700.0000
3129 3161 0.7933 700.0000
3130 3133 0.8460 700.0000
3130 3134 0.7084 700.0000
3130 3136 0.8174 700.0000
3130 3137 0.7958 700.0000
3130 3138 0.6474 700.0000
3131 3133 0.8248 700.0000
3131 3134 0.7530 700.0000
3132 3134 0.8794 700.0000
3132 3160 0.6233 700.0000
3133 3135 0.6785 700.0000
3133 3136 0.5522 700.0000
3133 3153 0.7156 700.0000
3133 3154 0.8881 700.0000
3133 3156 0.6844 700.0000
3133 3157 0.5546 700.0000
3133 3160 0.6807 700.0000
3134 3136 0.5734 700.0000
3134 3153 0.8148 700.0000
3135 3149 0.7758 700.0000
3135 3150 0.7286 700.0000
3135 3153 0.5476 700.0000
3136 3138 0.6914 700.0000
3136 3147 0.6442 700.0000
3136 3148 0.5933 700.0000
3136 3149 0.6171 700.0000
3136 3150 0.8131 700.0000
3136 3153 0.6629 700.0000
3136 3154 0.6702 700.0000
3136 3157 0.6970 700.0000
3137 3139 0.6224 700.0000
3137 3146 0.7323 700.0000
3137 3147 0.6818 700.0000
3137 3148 0.4937 700.0000
3137 3149 0.8193 700.0000
3138 3140 0.5999 700.0000
3138 3145 0.6362 700.0000
3138 3146 0.7072 700.0000
3138 3147 0.6834 700.0000
3138 3148 0.8259 700.0000
3139 3141 0.5802 700.0000
3139 3144 0.7324 700.0000
3139 3145 0.5930 700.0000
3139 3146 0.4269 700.0000
3139 3147 0.7250 700.0000
3139 3148 0.8300 700.0000
3140 3142 0.8064 700.0000
3140 3144 0.6398 700.0000
3140 3145 0.5317 700.0000
3140 3146 0.7278 700.0000
3141 3143 0.6993 700.0000
3141 3144 0.4148 700.0000
3141 3145 0.7134 700.0000
3141 3146 0.7230 700.0000
3142 3144 0.7229 700.0000
3144 3146 0.6281 700.0000
3145 3147 0.5471 700.0000
3145 3158 0.8720 700.0000
3145 3161 0.7179 700.0000
3146 3148 0.6517 700.0000
3147 3149 0.6992 700.0000
3147 3154 0.5703 700.0000
3147 3157 0.7064 700.0000
3147 3158 0.7311 700.0000
3148 3150 0.8162 700.0000
3148 3154 0.7003 700.0000
3149 3151 0.5893 700.0000
3149 3152 0.8601 700.0000
3149 3153 0.6711 700.0000
3149 3154 0.5122 700.0000
3150 3152 0.5885 700.0000
3150 3153 0.4981 700.0000
3150 3154 0.6496 700.0000
3151 3153 0.6277 700.0000
3151 3154 0.5313 700.0000
3151 3155 0.6891 700.0000
3152 3154 0.6931 700.0000
3152 3155 0.6257 700.0000
3152 3156 0.6660 700.0000
3153 3155 0.6894 700.0000
3153 3156 0.5703 700.0000
3153 3157 0.7649 700.0000
3154 3156 0.7233 700.0000
3154 3157 0.5643 700.0000
3154 3158 0.6217 700.0000
3155 3157 0.5172 700.0000
3155 3158 0.5072 700.0000
3155 3159 0.5584 700.0000
3156 3158 0.8321 700.0000
3156 3159 0.6081 700.0000
3156 3160 0.8542 700.0000
3157 3159 0.5964 700.0000
3157 3160 0.5832 700.0000
3157 3161 0.6014 700.0000
3157 3162 0.8259 700.0000
3158 3161 0.6304 700.0000
3158 3162 0.5943 700.0000
3159 3161 0.7410 700.0000
3159 3162 0.6275 700.0000
3160 3162 0.7871 700.0000
3211 3213 0.7445 700.0000
3211 3226 0.8715 700.0000
3212 3214 0.6574 700.0000
3212 3223 0.8324 700.0000
3212 3226 0.7302 700.0000
3212 3235 0.7802 700.0000
3213 3215 0.8154 700.0000
3213 3222 0.6610 700.0000
3213 3223 0.7182 700.0000
3214 3216 0.6917 700.0000
3214 3221 0.8297 700.0000
3214 3222 0.5531 700.0000
3214 3223 0.4154 700.0000
3214 3224 0.8468 700.0000
3214 3226 0.7654 700.0000
3214 3235 0.6738 700.0000
3214 3237 0.8623 700.0000
3215 3217 0.6502 700.0000
3215 3219 0.7631 700.0000
3215 3220 0.6067 700.0000
3215 3221 0.6431 700.0000
3215 3222 0.5921 700.0000
3215 3223 0.6205 700.0000
3215 3235 0.8380 700.0000
3215 3236 0.8866 700.0000
3215 3237 0.8910 700.0000
3216 3218 0.4822 700.0000
3216 3219 0.4296 700.0000
3216 3220 0.5856 700.0000
3216 3221 0.6100 700.0000
3216 3222 0.7048 700.0000
3216 3223 0.5764 700.0000
3216 3224 0.8024 700.0000
3216 3235 0.7951 700.0000
3216 3236 0.5354 700.0000
3216 3237 0.5038 700.0000
3216 3240 0.6701 700.0000
3216 3241 0.8650 700.0000
3217 3219 0.6422 700.0000
3217 3220 0.5424 700.0000
3217 3221 0.8943 700.0000
3217 3236 0.6648 700.0000
3217 3237 0.8807 700.0000
3217 3240 0.8953 700.0000
3217 3252 0.6891 700.0000
3217 3253 0.6807 700.0000
3218 3220 0.6906 700.0000
3218 3221 0.8816 700.0000
3218 3236 0.6715 700.0000
3218 3237 0.7162 700.0000
3218 3240 0.5197 700.0000
3218 3241 0.7225 700.0000
3218 3243 0.8940 700.0000
3218 3244 0.7694 700.0000
3218 3252 0.6886 700.0000
3219 3221 0.4390 700.0000
3219 3222 0.7565 700.0000
3219 3223 0.8364 700.0000
3219 3224 0.8810 700.0000
3219 3236 0.8877 700.0000
3219 3237 0.6565 700.0000
3219 3240 0.6218 700.0000
3220 3222 0.8662 700.0000
3221 3223 0.7362 700.0000
3221 3224 0.8095 700.0000
3221 3237 0.8074 700.0000
3222 3224 0.6187 700.0000
3222 3237 0.7797 700.0000
3223 3225 0.7194 700.0000
3223 3226 0.5507 700.0000
3223 3235 0.6877 700.0000
3223 3236 0.7386 700.0000
3223 3237 0.5005 700.0000
3223 3238 0.8659 700.0000
3224 3226 0.7090 700.0000
3224 3237 0.4489 700.0000
3224 3238 0.6724 700.0000
3224 3239 0.7312 700.0000
3224 3240 0.8286 700.0000
3225 3227 0.7104 700.0000
3225 3237 0.6256 700.0000
3225 3238 0.5518 700.0000
3225 3239 0.7183 700.0000
3226 3228 0.6021 700.0000
3226 3235 0.5395 700.0000
3226 3236 0.7524 700.0000
3226 3237 0.7148 700.0000
3226 3238 0.8058 700.0000
3227 3229 0.6664 700.0000
3227 3235 0.8030 700.0000
3227 3236 0.6463 700.0000
3227 3237 0.6916 700.0000
3227 3238 0.4618 700.0000
3227 3239 0.7914 700.0000
3227 3240 0.8897 700.0000
3227 3241 0.6242 700.0000
3227 3242 0.7245 700.0000
3228 3230 0.6102 700.0000
3228 3232 0.7790 700.0000
3228 3233 0.6307 700.0000
3228 3234 0.7310 700.0000
3228 3235 0.5597 700.0000
3228 3236 0.7098 700.0000
3229 3231 0.6739 700.0000
3229 3232 0.4938 700.0000
3229 3233 0.6519 700.0000
3229 3234 0.5717 700.0000
3229 3235 0.7584 700.0000
3229 3236 0.6709 700.0000
3229 3241 0.7787 700.0000
3229 3245 0.8900 700.0000
3229 3251 0.6975 700.0000
3229 3256 0.8350 700.0000
3229 3258 0.5986 700.0000
3230 3232 0.6100 700.0000
3230 3233 0.6184 700.0000
3230 3234 0.8719 700.0000
3230 3258 0.6443 700.0000
3231 3233 0.7797 700.0000
3231 3256 0.6549 700.0000
3231 3257 0.7478 700.0000
3231 3258 0.5089 700.0000
3232 3234 0.3989 700.0000
3232 3235 0.8829 700.0000
3232 3251 0.6455 700.0000
3232 3253 0.7925 700.0000
3232 3254 0.6186 700.0000
3232 3256 0.6188 700.0000
3232 3258 0.7132 700.0000
3233 3235 0.7659 700.0000
3234 3236 0.6430 700.0000
3234 3251 0.6291 700.0000
3234 3252 0.7959 700.0000
3234 3253 0.5772 700.0000
3234 3254 0.6562 700.0000
3234 3256 0.8496 700.0000
3235 3237 0.8414 700.0000
3236 3238 0.7232 700.0000
3236 3239 0.8975 700.0000
3236 3240 0.7003 700.0000
3236 3241 0.5320 700.0000
3236 3251 0.7742 700.0000
3236 3252 0.7342 700.0000
3236 3253 0.8061 700.0000
3237 3239 0.5259 700.0000
3237 3240 0.4596 700.0000
3237 3241 0.6619 700.0000
3237 3242 0.8706 700.0000
3238 3240 0.5427 700.0000
3238 3241 0.5370 700.0000
3238 3242 0.5257 700.0000
3239 3241 0.6281 700.0000
3239 3242 0.5411 700.0000
3239 3243 0.6806 700.0000
3240 3242 0.6541 700.0000
3240 3243 0.6000 700.0000
3240 3244 0.6959 700.0000
3241 3243 0.7320 700.0000
3241 3244 0.5289 700.0000
3241 3245 0.5349 700.0000
3241 3246 0.8709 700.0000
3241 3251 0.8247 700.0000
3241 3252 0.7836 700.0000
3242 3244 0.6434 700.0000
3242 3245 0.5975 700.0000
3242 3246 0.7077 700.0000
3243 3245 0.8297 700.0000
3243 3246 0.5892 700.0000
3243 3247 0.6188 700.0000
3244 3246 0.5042 700.0000
3244 3247 0.5504 700.0000
3244 3248 0.6662 700.0000
3244 3249 0.7504 700.0000
3244 3250 0.7336 700.0000
3244 3251 0.8871 700.0000
3244 3252 0.7490 700.0000
3245 3247 0.8270 700.0000
3245 3248 0.7112 700.0000
3245 3249 0.4632 700.0000
3245 3250 0.6001 700.0000
3245 3251 0.7755 700.0000
3245 3252 0.8373 700.0000
3245 3257 0.8863 700.0000
3245 3258 0.7102 700.0000
3245 3259 0.8123 700.0000
3246 3248 0.7341 700.0000
3246 3249 0.7370 700.0000
3248 3250 0.4905 700.0000
3248 3252 0.8788 700.0000
3248 3255 0.8791 700.0000
3248 3261 0.7811 700.0000
3249 3251 0.8299 700.0000
3249 3256 0.8407 700.0000
3249 3257 0.5821 700.0000
3249 3258 0.6690 700.0000
3249 3259 0.4750 700.0000
3249 3260 0.8008 700.0000
3249 3261 0.6317 700.0000
3250 3252 0.5900 700.0000
3250 3253 0.8764 700.0000
3250 3254 0.7608 700.0000
3250 3255 0.5604 700.0000
3250 3256 0.5915 700.0000
3250 3257 0.5703 700.0000
3250 3258 0.6906 700.0000
3250 3259 0.7750 700.0000
3250 3261 0.8849 700.0000
3251 3253 0.4734 700.0000
3251 3254 0.4303 700.0000
3251 3255 0.5868 700.0000
3251 3256 0.4800 700.0000
3251 3257 0.7596 700.0000
3251 3258 0.6726 700.0000
3252 3254 0.6399 700.0000
3252 3255 0.6595 700.0000
3252 3256 0.8131 700.0000
3253 3255 0.6968 700.0000
3253 3256 0.8113 700.0000
3254 3256 0.4467 700.0000
3254 3257 0.8624 700.0000
3254 3258 0.8964 700.0000
3255 3257 0.7910 700.0000
3256 3258 0.5347 700.0000
3256 3259 0.8754 700.0000
3257 3259 0.4661 700.0000
3257 3260 0.7943 700.0000
3257 3261 0.7819 700.0000
3259 3261 0.5813 700.0000
3259 3262 0.8730 700.0000
3260 3262 0.5709 700.0000
3263 3265 0.6015 700.0000
3263 3266 0.8674 700.0000
3263 3302 0.6919 700.0000
3263 3335 0.8808 700.0000
3263 3338 0.6794 700.0000
3263 3339 0.4077 700.0000
3263 3340 0.5374 700.0000
3263 3343 0.8128 700.0000
3263 3359 0.8433 700.0000
3264 3266 0.6662 700.0000
3264 3300 0.7817 700.0000
3264 3302 0.5333 700.0000
3264 3303 0.5287 700.0000
3264 3304 0.8860 700.0000
3264 3339 0.6194 700.0000
3264 3340 0.7788 700.0000
3264 3342 0.8520 700.0000
3264 3343 0.5083 700.0000
3264 3344 0.5998 700.0000
3264 3359 0.8034 700.0000
3265 3267 0.7536 700.0000
3265 3268 0.7257 700.0000
3265 3294 0.7192 700.0000
3265 3335 0.8198 700.0000
3265 3336 0.5988 700.0000
3265 3337 0.8760 700.0000
3265 3338 0.8846 700.0000
3265 3339 0.3594 700.0000
3265 3340 0.6629 700.0000
3265 3341 0.6269 700.0000
3265 3342 0.5254 700.0000
3265 3343 0.6735 700.0000
3265 3344 0.8573 700.0000
3265 3356 0.8755 700.0000
3265 3359 0.8530 700.0000
3266 3268 0.6467 700.0000
3266 3294 0.5505 700.0000
3266 3295 0.7386 700.0000
3266 3296 0.8044 700.0000
3266 3297 0.8173 700.0000
3266 3303 0.8501 700.0000
3266 3310 0.6973 700.0000
3266 3313 0.8885 700.0000
3266 3336 0.8655 700.0000
3266 3339 0.6595 700.0000
3266 3342 0.6426 700.0000
3266 3343 0.7109 700.0000
3266 3344 0.7156 700.0000
3266 3356 0.6855 700.0000
3267 3269 0.8570 700.0000
3267 3294 0.7186 700.0000
3267 3295 0.5060 700.0000
3267 3296 0.7417 700.0000
3267 3297 0.8179 700.0000
3267 3339 0.8708 700.0000
3268 3270 0.7945 700.0000
3268 3292 0.8551 700.0000
3268 3293 0.5746 700.0000
3268 3294 0.4888 700.0000
3268 3295 0.5423 700.0000
3268 3336 0.6896 700.0000
3268 3339 0.8981 700.0000
3269 3271 0.6153 700.0000
3269 3291 0.7034 700.0000
3269 3292 0.6525 700.0000
3269 3293 0.3883 700.0000
3269 3294 0.5911 700.0000
3269 3295 0.7577 700.0000
3269 3314 0.8966 700.0000
3269 3336 0.7191 700.0000
3270 3272 0.7315 700.0000
3270 3290 0.6439 700.0000
3270 3291 0.6559 700.0000
3270 3292 0.5117 700.0000
3270 3293 0.7948 700.0000
3270 3329 0.8200 700.0000
3270 3332 0.7451 700.0000
3270 3333 0.4609 700.0000
3270 3335 0.8872 700.0000
3270 3336 0.5161 700.0000
3270 3337 0.8379 700.0000
3270 3341 0.8645 700.0000
3271 3273 0.6649 700.0000
3271 3289 0.7812 700.0000
3271 3290 0.6236 700.0000
3271 3291 0.4446 700.0000
3271 3292 0.7009 700.0000
3271 3293 0.7694 700.0000
3271 3333 0.7994 700.0000
3272 3274 0.6890 700.0000
3272 3288 0.6833 700.0000
3272 3289 0.6836 700.0000
3272 3290 0.6658 700.0000
3272 3291 0.8140 700.0000
3272 3329 0.6979 700.0000
3272 3333 0.7522 700.0000
3273 3275 0.6913 700.0000
3273 3287 0.7795 700.0000
3273 3288 0.6110 700.0000
3273 3289 0.3974 700.0000
3273 3290 0.6776 700.0000
3273 3291 0.7421 700.0000
3274 3276 0.7437 700.0000
3274 3277 0.8710 700.0000
3274 3286 0.6882 700.0000
3274 3287 0.5811 700.0000
3274 3288 0.5557 700.0000
3274 3289 0.6345 700.0000
3274 3321 0.6641 700.0000
3275 3277 0.4497 700.0000
3275 3278 0.7617 700.0000
3275 3279 0.8909 700.0000
3275 3286 0.5555 700.0000
3275 3287 0.3957 700.0000
3275 3288 0.6944 700.0000
3275 3289 0.6963 700.0000
3275 3321 0.7901 700.0000
3275 3367 0.8279 700.0000
3276 3286 0.7671 700.0000
3276 3287 0.8675 700.0000
3277 3279 0.7513 700.0000
3277 3286 0.6519 700.0000
3277 3287 0.5822 700.0000
3277 3367 0.7321 700.0000
3278 3280 0.6289 700.0000
3278 3281 0.7854 700.0000
3278 3282 0.7713 700.0000
3278 3283 0.5545 700.0000
3278 3284 0.7292 700.0000
3278 3285 0.7456 700.0000
3278 3286 0.5598 700.0000
3278 3287 0.6341 700.0000
3278 3320 0.8877 700.0000
3278 3367 0.7620 700.0000
3278 3368 0.8810 700.0000
3279 3281 0.6139 700.0000
3279 3282 0.5382 700.0000
3279 3283 0.7236 700.0000
3279 3285 0.8073 700.0000
3279 3286 0.6398 700.0000
3279 3287 0.5798 700.0000
3279 3288 0.8973 700.0000
3279 3318 0.8076 700.0000
3279 3319 0.8056 700.0000
3279 3320 0.6313 700.0000
3279 3367 0.5925 700.0000
3279 3368 0.7092 700.0000
3279 3375 0.8798 700.0000
3279 3376 0.5282 700.0000
3279 3377 0.8001 700.0000
3280 3282 0.6153 700.0000
3280 3283 0.6594 700.0000
3280 3367 0.7971 700.0000
3280 3368 0.6260 700.0000
3280 3369 0.8554 700.0000
3280 3370 0.8418 700.0000
3280 3375 0.7989 700.0000
3280 3376 0.5296 700.0000
3280 3377 0.4958 700.0000
3280 3378 0.8813 700.0000
3281 3283 0.5378 700.0000
3281 3284 0.8055 700.0000
3281 3285 0.8254 700.0000
3281 3320 0.8758 700.0000
3281 3376 0.7542 700.0000
3281 3377 0.6560 700.0000
3281 3378 0.8824 700.0000
3281 3379 0.7612 700.0000
3282 3284 0.7273 700.0000
3282 3285 0.6071 700.0000
3282 3286 0.7756 700.0000
3282 3319 0.8756 700.0000
3282 3320 0.5396 700.0000
3282 3322 0.6986 700.0000
3282 3376 0.7041 700.0000
3282 3377 0.8311 700.0000
3282 3378 0.8810 700.0000
3282 3379 0.7866 700.0000
3282 3382 0.8695 700.0000
3283 3285 0.7433 700.0000
3284 3286 0.6868 700.0000
3284 3321 0.8796 700.0000
3284 3322 0.8649 700.0000
3285 3287 0.8424 700.0000
3285 3320 0.6677 700.0000
3285 3321 0.5772 700.0000
3285 3322 0.5576 700.0000
3286 3288 0.6616 700.0000
3286 3319 0.8288 700.0000
3286 3320 0.5840 700.0000
3286 3321 0.4222 700.0000
3286 3322 0.7326 700.0000
3287 3289 0.6136 700.0000
3287 3318 0.6843 700.0000
3287 3319 0.6534 700.0000
3287 3320 0.6095 700.0000
3287 3321 0.6249 700.0000
3287 3367 0.6442 700.0000
3288 3290 0.6350 700.0000
3288 3317 0.7321 700.0000
3288 3318 0.6969 700.0000
3288 3319 0.4129 700.0000
3288 3320 0.5653 700.0000
3288 3321 0.5664 700.0000
3288 3322 0.8490 700.0000
3288 3325 0.6989 700.0000
3288 3326 0.7536 700.0000
3288 3329 0.7114 700.0000
3289 3291 0.6428 700.0000
3289 3316 0.6938 700.0000
3289 3317 0.5445 700.0000
3289 3318 0.5425 700.0000
3289 3319 0.7207 700.0000
3289 3367 0.8140 700.0000
3290 3292 0.5427 700.0000
3290 3316 0.6160 700.0000
3290 3317 0.3834 700.0000
3290 3318 0.6567 700.0000
3290 3319 0.7016 700.0000
3290 3329 0.7473 700.0000
3290 3332 0.8205 700.0000
3290 3333 0.8681 700.0000
3290 3363 0.7959 700.0000
3291 3293 0.6204 700.0000
3291 3314 0.6825 700.0000
3291 3315 0.8452 700.0000
3291 3316 0.5741 700.0000
3291 3317 0.6775 700.0000
3292 3294 0.6818 700.0000
3292 3313 0.8474 700.0000
3292 3314 0.7825 700.0000
3292 3315 0.6948 700.0000
3292 3316 0.6897 700.0000
3292 3317 0.6866 700.0000
3292 3332 0.8528 700.0000
3292 3333 0.8968 700.0000
3292 3336 0.7166 700.0000
3292 3341 0.7020 700.0000
3292 3342 0.6849 700.0000
3292 3358 0.8307 700.0000
3292 3363 0.7835 700.0000
3293 3295 0.6652 700.0000
3293 3312 0.8407 700.0000
3293 3313 0.6670 700.0000
3293 3314 0.5253 700.0000
3293 3315 0.8643 700.0000
3294 3296 0.7626 700.0000
3294 3310 0.8884 700.0000
3294 3312 0.6544 700.0000
3294 3313 0.4985 700.0000
3294 3314 0.7373 700.0000
3294 3315 0.8508 700.0000
3294 3336 0.8553 700.0000
3294 3342 0.6433 700.0000
3294 3356 0.6845 700.0000
3295 3297 0.7557 700.0000
3295 3310 0.8442 700.0000
3295 3312 0.7103 700.0000
3295 3313 0.8431 700.0000
3296 3298 0.7641 700.0000
3296 3309 0.7636 700.0000
3296 3310 0.4987 700.0000
3296 3311 0.5850 700.0000
3296 3312 0.5330 700.0000
3296 3313 0.8388 700.0000
3296 3356 0.8936 700.0000
3297 3299 0.6878 700.0000
3297 3307 0.8304 700.0000
3297 3308 0.8848 700.0000
3297 3309 0.5133 700.0000
3297 3310 0.3295 700.0000
3297 3311 0.6647 700.0000
3297 3312 0.7931 700.0000
3298 3300 0.6616 700.0000
3298 3303 0.8556 700.0000
3298 3306 0.8222 700.0000
3298 3307 0.5079 700.0000
3298 3308 0.7434 700.0000
3298 3309 0.5278 700.0000
3298 3310 0.5905 700.0000
3299 3301 0.8799 700.0000
3299 3302 0.8811 700.0000
3299 3303 0.4500 700.0000
3299 3304 0.6244 700.0000
3299 3305 0.5177 700.0000
3299 3306 0.4928 700.0000
3299 3307 0.4862 700.0000
3299 3308 0.5091 700.0000
3299 3309 0.7958 700.0000
3299 3310 0.5861 700.0000
3299 3344 0.6410 700.0000
3299 3345 0.8575 700.0000
3299 3354 0.6607 700.0000
3300 3302 0.5056 700.0000
3300 3303 0.4092 700.0000
3300 3304 0.8203 700.0000
3300 3305 0.8724 700.0000
3300 3306 0.6043 700.0000
3300 3307 0.7233 700.0000
3300 3344 0.8740 700.0000
3301 3303 0.7270 700.0000
3301 3306 0.6395 700.0000
3302 3304 0.8573 700.0000
3303 3305 0.6908 700.0000
3303 3306 0.6499 700.0000
3303 3307 0.8669 700.0000
3303 3310 0.8288 700.0000
3303 3343 0.7633 700.0000
3303 3344 0.5238 700.0000
3303 3345 0.8288 700.0000
3304 3306 0.6126 700.0000
3304 3308 0.8259 700.0000
3304 3344 0.6564 700.0000
3304 3345 0.6800 700.0000
3304 3354 0.7539 700.0000
3305 3307 0.6773 700.0000
3305 3308 0.4807 700.0000
3305 3344 0.8187 700.0000
3305 3345 0.8029 700.0000
3305 3353 0.8011 700.0000
3305 3354 0.5884 700.0000
3306 3308 0.6161 700.0000
3307 3309 0.6754 700.0000
3307 3310 0.8882 700.0000
3308 3310 0.8076 700.0000
3308 3353 0.8410 700.0000
3308 3354 0.5397 700.0000
3309 3311 0.8042 700.0000
3310 3312 0.6689 700.0000
3310 3313 0.8944 700.0000
3310 3344 0.6632 700.0000
3310 3345 0.8949 700.0000
3310 3354 0.7214 700.0000
3310 3355 0.6974 700.0000
3310 3356 0.6442 700.0000
3311 3313 0.6672 700.0000
3311 3354 0.7929 700.0000
3311 3355 0.6060 700.0000
3311 3356 0.6206 700.0000
3312 3314 0.7652 700.0000
3312 3355 0.8284 700.0000
3312 3356 0.6380 700.0000
3313 3315 0.5516 700.0000
3313 3342 0.7920 700.0000
3313 3355 0.8543 700.0000
3313 3356 0.5314 700.0000
3313 3357 0.8755 700.0000
3314 3316 0.7149 700.0000
3315 3317 0.8250 700.0000
3315 3342 0.8521 700.0000
3315 3356 0.8598 700.0000
3315 3358 0.6953 700.0000
3315 3363 0.8882 700.0000
3315 3365 0.7208 700.0000
3316 3318 0.5670 700.0000
3316 3363 0.8533 700.0000
3316 3365 0.5524 700.0000
3316 3366 0.7975 700.0000
3317 3319 0.6472 700.0000
3317 3363 0.6114 700.0000
3317 3364 0.6862 700.0000
3317 3365 0.5783 700.0000
3317 3366 0.7730 700.0000
3317 3367 0.8454 700.0000
3318 3320 0.8835 700.0000
3318 3363 0.8572 700.0000
3318 3364 0.6396 700.0000
3318 3365 0.5772 700.0000
3318 3366 0.5600 700.0000
3318 3367 0.4883 700.0000
3318 3368 0.8819 700.0000
3318 3375 0.8230 700.0000
3318 3376 0.7367 700.0000
3319 3321 0.7545 700.0000
3319 3322 0.7816 700.0000
3319 3325 0.5463 700.0000
3319 3326 0.8783 700.0000
3319 3328 0.7004 700.0000
3319 3329 0.7103 700.0000
3319 3363 0.8680 700.0000
3319 3364 0.7674 700.0000
3319 3376 0.7829 700.0000
3319 3381 0.7790 700.0000
3319 3382 0.7803 700.0000
3320 3322 0.4666 700.0000
3320 3324 0.7535 700.0000
3320 3325 0.5070 700.0000
3320 3326 0.7990 700.0000
3320 3328 0.8579 700.0000
3320 3376 0.7758 700.0000
3320 3382 0.7547 700.0000
3321 3323 0.8624 700.0000
3321 3325 0.6658 700.0000
3321 3326 0.5105 700.0000
3322 3324 0.5354 700.0000
3322 3325 0.4636 700.0000
3322 3326 0.5923 700.0000
3322 3328 0.8981 700.0000
3322 3382 0.8569 700.0000
3323 3325 0.7224 700.0000
3323 3326 0.6251 700.0000
3323 3327 0.7300 700.0000
3324 3326 0.8543 700.0000
3324 3327 0.5947 700.0000
3324 3328 0.6712 700.0000
3324 3382 0.5341 700.0000
3324 3383 0.8924 700.0000
3324 3386 0.7351 700.0000
3325 3327 0.6073 700.0000
3325 3328 0.4486 700.0000
3325 3329 0.5936 700.0000
3325 3330 0.8771 700.0000
3325 3382 0.6767 700.0000
3326 3328 0.8353 700.0000
3326 3329 0.6778 700.0000
3326 3330 0.8168 700.0000
3327 3329 0.7627 700.0000
3327 3330 0.6122 700.0000
3327 3331 0.6016 700.0000
3327 3386 0.7026 700.0000
3328 3330 0.7101 700.0000
3328 3331 0.5027 700.0000
3328 3332 0.5680 700.0000
3328 3381 0.8624 700.0000
3328 3382 0.6644 700.0000
3328 3385 0.6559 700.0000
3328 3386 0.6236 700.0000
3328 3389 0.7920 700.0000
3329 3331 0.6622 700.0000
3329 3332 0.5285 700.0000
3329 3333 0.5712 700.0000
3330 3332 0.7670 700.0000
3330 3333 0.6617 700.0000
3330 3334 0.6502 700.0000
3331 3333 0.7982 700.0000
3331 3334 0.5487 700.0000
3331 3335 0.7054 700.0000
3331 3385 0.8392 700.0000
3331 3386 0.7340 700.0000
3331 3389 0.5784 700.0000
3332 3334 0.8022 700.0000
3332 3335 0.5518 700.0000
3332 3336 0.7478 700.0000
3332 3341 0.6817 700.0000
3332 3361 0.7624 700.0000
3332 3363 0.7812 700.0000
3332 3385 0.8180 700.0000
3332 3389 0.7080 700.0000
3333 3335 0.7379 700.0000
3333 3336 0.6192 700.0000
3333 3337 0.6695 700.0000
3334 3337 0.6770 700.0000
3334 3338 0.6606 700.0000
3334 3389 0.8980 700.0000
3335 3337 0.5640 700.0000
3335 3338 0.4649 700.0000
3335 3339 0.7409 700.0000
3335 3340 0.4657 700.0000
3335 3341 0.5514 700.0000
3335 3361 0.8245 700.0000
3335 3389 0.7392 700.0000
3335 3392 0.7730 700.0000
3336 3338 0.7725 700.0000
3336 3339 0.6420 700.0000
3336 3340 0.7671 700.0000
3336 3341 0.5914 700.0000
3336 3342 0.7506 700.0000
3337 3339 0.6913 700.0000
3337 3340 0.8696 700.0000
3338 3340 0.5415 700.0000
3338 3392 0.8172 700.0000
3339 3341 0.7989 700.0000
3339 3342 0.8411 700.0000
3340 3342 0.7652 700.0000
3340 3343 0.8400 700.0000
3340 3359 0.5588 700.0000
3340 3360 0.8622 700.0000
3340 3361 0.7454 700.0000
3340 3389 0.8435 700.0000
3340 3392 0.5593 700.0000
3341 3343 0.8020 700.0000
3341 3357 0.8898 700.0000
3341 3358 0.6390 700.0000
3341 3359 0.5903 700.0000
3341 3360 0.8774 700.0000
3341 3361 0.5562 700.0000
3341 3363 0.7504 700.0000
3342 3344 0.8423 700.0000
3342 3356 0.6203 700.0000
3342 3357 0.5916 700.0000
3342 3358 0.5224 700.0000
3342 3359 0.6503 700.0000
3342 3361 0.8192 700.0000
3342 3363 0.8970 700.0000
3343 3345 0.6049 700.0000
3343 3355 0.7906 700.0000
3343 3356 0.6096 700.0000
3343 3357 0.4325 700.0000
3343 3358 0.7946 700.0000
3343 3359 0.5465 700.0000
3344 3353 0.8664 700.0000
3344 3354 0.6769 700.0000
3344 3355 0.5798 700.0000
3344 3356 0.5604 700.0000
3344 3357 0.5952 700.0000
3345 3347 0.6375 700.0000
3345 3352 0.7370 700.0000
3345 3353 0.5466 700.0000
3345 3354 0.5360 700.0000
3345 3355 0.4367 700.0000
3345 3356 0.6737 700.0000
3345 3357 0.5572 700.0000
3346 3348 0.5968 700.0000
3346 3349 0.8348 700.0000
3346 3350 0.7906 700.0000
3346 3351 0.5064 700.0000
3346 3352 0.5495 700.0000
3346 3353 0.5620 700.0000
3346 3354 0.8451 700.0000
3346 3355 0.7648 700.0000
3346 3357 0.8578 700.0000
3347 3349 0.5062 700.0000
3347 3350 0.4767 700.0000
3347 3351 0.4871 700.0000
3347 3352 0.4978 700.0000
3347 3353 0.6998 700.0000
3347 3355 0.6180 700.0000
3347 3356 0.8672 700.0000
3347 3357 0.6477 700.0000
3348 3351 0.8146 700.0000
3349 3351 0.6585 700.0000
3349 3352 0.8243 700.0000
3350 3352 0.5064 700.0000
3350 3353 0.8831 700.0000
3350 3355 0.8133 700.0000
3351 3353 0.6577 700.0000
3351 3355 0.8749 700.0000
3352 3354 0.6889 700.0000
3352 3355 0.5918 700.0000
3353 3355 0.5477 700.0000
3354 3356 0.8615 700.0000
3355 3357 0.5901 700.0000
3356 3358 0.7952 700.0000
3357 3359 0.6901 700.0000
3358 3360 0.7999 700.0000
3358 3361 0.6502 700.0000
3358 3362 0.7109 700.0000
3358 3363 0.5927 700.0000
3359 3361 0.5719 700.0000
3359 3392 0.7324 700.0000
3360 3362 0.6624 700.0000
3360 3388 0.6517 700.0000
3360 3391 0.8991 700.0000
3360 3392 0.7451 700.0000
3361 3363 0.5716 700.0000
3361 3385 0.6673 700.0000
3361 3388 0.5212 700.0000
3361 3389 0.6508 700.0000
3361 3392 0.7471 700.0000
3362 3364 0.7749 700.0000
3362 3374 0.8253 700.0000
3362 3381 0.7358 700.0000
3362 3384 0.7299 700.0000
3362 3385 0.6986 700.0000
3362 3388 0.6013 700.0000
3363 3365 0.7005 700.0000
3363 3374 0.8925 700.0000
3363 3381 0.7577 700.0000
3363 3385 0.7822 700.0000
3364 3366 0.5581 700.0000
3364 3370 0.7685 700.0000
3364 3371 0.7789 700.0000
3364 3374 0.6052 700.0000
3364 3375 0.4594 700.0000
3364 3376 0.5396 700.0000
3364 3378 0.7307 700.0000
3364 3381 0.5540 700.0000
3365 3367 0.8588 700.0000
3365 3373 0.8462 700.0000
3365 3374 0.5872 700.0000
3365 3375 0.7071 700.0000
3366 3368 0.6195 700.0000
3366 3369 0.6980 700.0000
3366 3370 0.6955 700.0000
3366 3371 0.8957 700.0000
3366 3373 0.6228 700.0000
3366 3374 0.6587 700.0000
3366 3375 0.4620 700.0000
3366 3376 0.6651 700.0000
3367 3375 0.8312 700.0000
3367 3376 0.7185 700.0000
3368 3370 0.7358 700.0000
3368 3373 0.8113 700.0000
3368 3375 0.6873 700.0000
3368 3376 0.6995 700.0000
3368 3377 0.8032 700.0000
3369 3371 0.6088 700.0000
3369 3372 0.6202 700.0000
3369 3373 0.4208 700.0000
3369 3374 0.8611 700.0000
3369 3375 0.5067 700.0000
3369 3376 0.7726 700.0000
3369 3377 0.6430 700.0000
3370 3372 0.5513 700.0000
3370 3373 0.5161 700.0000
3370 3374 0.7180 700.0000
3370 3375 0.3296 700.0000
3370 3376 0.6278 700.0000
3370 3377 0.5091 700.0000
3370 3378 0.6907 700.0000
3371 3373 0.6830 700.0000
3371 3374 0.6379 700.0000
3371 3375 0.4949 700.0000
3371 3376 0.7891 700.0000
3371 3377 0.6694 700.0000
3371 3378 0.5989 700.0000
3372 3374 0.7407 700.0000
3372 3375 0.7952 700.0000
3373 3375 0.6130 700.0000
3375 3377 0.5946 700.0000
3375 3378 0.6368 700.0000
3375 3381 0.8286 700.0000
3376 3378 0.5672 700.0000
3376 3379 0.8261 700.0000
3376 3381 0.7263 700.0000
3377 3379 0.6769 700.0000
3378 3380 0.4736 700.0000
3378 3381 0.5638 700.0000
3378 3382 0.7813 700.0000
3378 3384 0.7300 700.0000
3379 3381 0.7842 700.0000
3379 3382 0.7682 700.0000
3379 3383 0.8840 700.0000
3379 3384 0.8590 700.0000
3380 3382 0.6436 700.0000
3380 3383 0.5753 700.0000
3380 3384 0.4674 700.0000
3380 3385 0.8846 700.0000
3381 3383 0.8220 700.0000
3381 3384 0.5270 700.0000
3381 3385 0.5292 700.0000
3381 3386 0.8497 700.0000
3381 3388 0.8764 700.0000
3382 3384 0.7238 700.0000
3382 3385 0.5841 700.0000
3382 3386 0.6032 700.0000
3383 3385 0.7346 700.0000
3383 3386 0.5865 700.0000
3383 3387 0.5607 700.0000
3384 3386 0.8492 700.0000
3384 3387 0.6768 700.0000
3384 3388 0.6865 700.0000
3385 3387 0.6497 700.0000
3385 3388 0.4688 700.0000
3385 3389 0.5692 700.0000
3386 3388 0.7661 700.0000
3386 3389 0.6230 700.0000
3386 3390 0.7376 700.0000
3387 3389 0.7537 700.0000
3387 3390 0.6232 700.0000
3387 3391 0.7637 700.0000
3388 3390 0.8324 700.0000
3388 3391 0.6726 700.0000
3388 3392 0.7328 700.0000
3389 3391 0.6254 700.0000
3389 3392 0.5665 700.0000
3390 3392 0.7944 700.0000
