parp14 1 739 | parp14 1 1431 | 0.824 350.0
parp14 1 739 | parp14 1 1432 | 0.576 350.0
parp14 1 739 | parp14 1 1433 | 0.547 350.0
parp14 1 739 | parp14 1 1434 | 0.600 350.0
parp14 1 739 | parp14 1 1435 | 0.556 350.0
parp14 1 739 | parp14 1 1436 | 0.577 350.0
parp14 1 739 | parp14 1 1439 | 0.722 350.0
parp14 1 740 | parp14 1 1430 | 0.686 350.0
parp14 1 740 | parp14 1 1431 | 0.574 350.0
parp14 1 740 | parp14 1 1432 | 0.447 350.0
parp14 1 740 | parp14 1 1433 | 0.665 350.0
parp14 1 740 | parp14 1 1434 | 0.886 350.0
parp14 1 740 | parp14 1 1435 | 0.879 350.0
parp14 1 740 | parp14 1 1436 | 0.799 350.0
parp14 1 740 | parp14 1 1439 | 0.749 350.0
parp14 1 741 | parp14 1 1429 | 0.824 350.0
parp14 1 741 | parp14 1 1430 | 0.580 350.0
parp14 1 741 | parp14 1 1431 | 0.535 350.0
parp14 1 741 | parp14 1 1432 | 0.652 350.0
parp14 1 741 | parp14 1 1433 | 0.875 350.0
parp14 1 741 | parp14 1 1436 | 0.821 350.0
parp14 1 741 | parp14 1 1439 | 0.696 350.0
parp14 1 741 | parp14 1 1440 | 0.815 350.0
parp14 1 741 | parp14 1 1443 | 0.855 350.0
parp14 1 742 | parp14 1 1428 | 0.659 350.0
parp14 1 742 | parp14 1 1429 | 0.554 350.0
parp14 1 742 | parp14 1 1430 | 0.435 350.0
parp14 1 742 | parp14 1 1431 | 0.622 350.0
parp14 1 742 | parp14 1 1432 | 0.871 350.0
parp14 1 742 | parp14 1 1443 | 0.895 350.0
parp14 1 743 | parp14 1 1427 | 0.820 350.0
parp14 1 743 | parp14 1 1428 | 0.559 350.0
parp14 1 743 | parp14 1 1429 | 0.519 350.0
parp14 1 743 | parp14 1 1430 | 0.644 350.0
parp14 1 743 | parp14 1 1431 | 0.790 350.0
parp14 1 743 | parp14 1 1443 | 0.741 350.0
parp14 1 744 | parp14 1 1427 | 0.577 350.0
parp14 1 744 | parp14 1 1428 | 0.449 350.0
parp14 1 744 | parp14 1 1429 | 0.644 350.0
parp14 1 744 | parp14 1 1430 | 0.891 350.0
parp14 1 745 | parp14 1 1427 | 0.529 350.0
parp14 1 745 | parp14 1 1428 | 0.637 350.0
parp14 1 745 | parp14 1 1429 | 0.799 350.0
parp14 1 745 | parp14 1 1447 | 0.806 350.0
parp14 1 745 | parp14 1 1450 | 0.893 350.0
parp14 1 746 | parp14 1 1427 | 0.652 350.0
parp14 1 746 | parp14 1 1428 | 0.882 350.0
parp14 1 747 | parp14 1 1427 | 0.785 350.0
parp14 1 747 | parp14 1 1450 | 0.774 350.0
parp14 1 747 | parp14 1 1451 | 0.808 350.0
parp14 1 748 | parp14 1 1427 | 0.857 350.0
parp14 1 749 | parp14 1 1427 | 0.843 350.0
parp14 1 749 | parp14 1 1450 | 0.885 350.0
parp14 1 750 | parp14 1 1427 | 0.627 350.0
parp14 1 750 | parp14 1 1450 | 0.627 350.0
parp14 1 750 | parp14 1 1453 | 0.888 350.0
parp14 1 751 | parp14 1 1427 | 0.526 350.0
parp14 1 751 | parp14 1 1428 | 0.809 350.0
parp14 1 751 | parp14 1 1429 | 0.889 350.0
parp14 1 753 | parp14 1 1450 | 0.755 350.0
parp14 1 753 | parp14 1 1453 | 0.828 350.0
parp14 1 754 | parp14 1 1450 | 0.852 350.0
parp14 1 761 | parp14 1 1446 | 0.818 350.0
parp14 1 765 | parp14 1 1442 | 0.606 350.0
parp14 1 765 | parp14 1 1445 | 0.839 350.0
parp14 1 765 | parp14 1 1446 | 0.841 350.0
parp14 1 766 | parp14 1 1433 | 0.888 350.0
parp14 1 766 | parp14 1 1442 | 0.881 350.0
parp14 1 768 | parp14 1 1442 | 0.805 350.0
parp14 1 769 | parp14 1 1433 | 0.791 350.0
parp14 1 769 | parp14 1 1438 | 0.546 350.0
parp14 1 769 | parp14 1 1439 | 0.745 350.0
parp14 1 769 | parp14 1 1441 | 0.713 350.0
parp14 1 769 | parp14 1 1442 | 0.609 350.0
parp14 1 770 | parp14 1 1432 | 0.888 350.0
parp14 1 770 | parp14 1 1433 | 0.636 350.0
parp14 1 770 | parp14 1 1434 | 0.744 350.0
parp14 1 770 | parp14 1 1438 | 0.719 350.0
parp14 1 770 | parp14 1 1439 | 0.862 350.0
parp14 1 770 | parp14 1 1442 | 0.868 350.0
parp14 1 771 | parp14 1 1431 | 0.659 350.0
parp14 1 771 | parp14 1 1432 | 0.548 350.0
parp14 1 771 | parp14 1 1433 | 0.430 350.0
parp14 1 771 | parp14 1 1434 | 0.724 350.0
parp14 1 771 | parp14 1 1438 | 0.685 350.0
parp14 1 771 | parp14 1 1439 | 0.639 350.0
parp14 1 771 | parp14 1 1442 | 0.687 350.0
parp14 1 772 | parp14 1 1430 | 0.813 350.0
parp14 1 772 | parp14 1 1431 | 0.562 350.0
parp14 1 772 | parp14 1 1432 | 0.505 350.0
parp14 1 772 | parp14 1 1433 | 0.632 350.0
parp14 1 772 | parp14 1 1439 | 0.871 350.0
parp14 1 772 | parp14 1 1442 | 0.884 350.0
parp14 1 773 | parp14 1 1429 | 0.671 350.0
parp14 1 773 | parp14 1 1430 | 0.562 350.0
parp14 1 773 | parp14 1 1431 | 0.446 350.0
parp14 1 773 | parp14 1 1432 | 0.633 350.0
parp14 1 773 | parp14 1 1433 | 0.884 350.0
parp14 1 773 | parp14 1 1442 | 0.861 350.0
parp14 1 774 | parp14 1 1428 | 0.855 350.0
parp14 1 774 | parp14 1 1429 | 0.577 350.0
parp14 1 774 | parp14 1 1430 | 0.518 350.0
parp14 1 774 | parp14 1 1431 | 0.655 350.0
parp14 1 774 | parp14 1 1432 | 0.850 350.0
parp14 1 775 | parp14 1 1427 | 0.728 350.0
parp14 1 775 | parp14 1 1428 | 0.604 350.0
parp14 1 775 | parp14 1 1429 | 0.468 350.0
parp14 1 775 | parp14 1 1430 | 0.632 350.0
parp14 1 775 | parp14 1 1431 | 0.884 350.0
parp14 1 776 | parp14 1 1427 | 0.723 350.0
parp14 1 776 | parp14 1 1428 | 0.530 350.0
parp14 1 776 | parp14 1 1429 | 0.583 350.0
parp14 1 776 | parp14 1 1430 | 0.677 350.0
parp9 1 60 | parp9 1 519 | 0.799 350.0
parp9 1 60 | parp9 1 520 | 0.560 350.0
parp9 1 60 | parp9 1 521 | 0.543 350.0
parp9 1 60 | parp9 1 522 | 0.614 350.0
parp9 1 60 | parp9 1 523 | 0.703 350.0
parp9 1 60 | parp9 1 524 | 0.683 350.0
parp9 1 60 | parp9 1 527 | 0.764 350.0
parp9 1 61 | parp9 1 518 | 0.696 350.0
parp9 1 61 | parp9 1 519 | 0.555 350.0
parp9 1 61 | parp9 1 520 | 0.449 350.0
parp9 1 61 | parp9 1 521 | 0.673 350.0
parp9 1 61 | parp9 1 522 | 0.899 350.0
parp9 1 61 | parp9 1 527 | 0.837 350.0
parp9 1 62 | parp9 1 517 | 0.808 350.0
parp9 1 62 | parp9 1 518 | 0.587 350.0
parp9 1 62 | parp9 1 519 | 0.513 350.0
parp9 1 62 | parp9 1 520 | 0.654 350.0
parp9 1 62 | parp9 1 521 | 0.872 350.0
parp9 1 62 | parp9 1 527 | 0.781 350.0
parp9 1 62 | parp9 1 531 | 0.891 350.0
parp9 1 63 | parp9 1 516 | 0.586 350.0
parp9 1 63 | parp9 1 517 | 0.564 350.0
parp9 1 63 | parp9 1 518 | 0.458 350.0
parp9 1 63 | parp9 1 519 | 0.620 350.0
parp9 1 63 | parp9 1 520 | 0.890 350.0
parp9 1 64 | parp9 1 516 | 0.518 350.0
parp9 1 64 | parp9 1 517 | 0.502 350.0
parp9 1 64 | parp9 1 518 | 0.640 350.0
parp9 1 64 | parp9 1 519 | 0.752 350.0
parp9 1 64 | parp9 1 531 | 0.755 350.0
parp9 1 64 | parp9 1 534 | 0.888 350.0
parp9 1 65 | parp9 1 516 | 0.420 350.0
parp9 1 65 | parp9 1 517 | 0.649 350.0
parp9 1 65 | parp9 1 518 | 0.869 350.0
parp9 1 66 | parp9 1 516 | 0.527 350.0
parp9 1 66 | parp9 1 517 | 0.713 350.0
parp9 1 66 | parp9 1 538 | 0.842 350.0
parp9 1 67 | parp9 1 516 | 0.809 350.0
parp9 1 70 | parp9 1 538 | 0.690 350.0
parp9 1 71 | parp9 1 516 | 0.755 350.0
parp9 1 71 | parp9 1 517 | 0.840 350.0
parp9 1 85 | parp9 1 519 | 0.890 350.0
parp9 1 85 | parp9 1 530 | 0.660 350.0
parp9 1 85 | parp9 1 534 | 0.894 350.0
parp9 1 86 | parp9 1 521 | 0.900 350.0
parp9 1 88 | parp9 1 530 | 0.820 350.0
parp9 1 89 | parp9 1 521 | 0.833 350.0
parp9 1 89 | parp9 1 526 | 0.550 350.0
parp9 1 89 | parp9 1 527 | 0.750 350.0
parp9 1 89 | parp9 1 529 | 0.710 350.0
parp9 1 89 | parp9 1 530 | 0.593 350.0
parp9 1 90 | parp9 1 520 | 0.889 350.0
parp9 1 90 | parp9 1 521 | 0.656 350.0
parp9 1 90 | parp9 1 522 | 0.783 350.0
parp9 1 90 | parp9 1 523 | 0.887 350.0
parp9 1 90 | parp9 1 526 | 0.682 350.0
parp9 1 90 | parp9 1 527 | 0.855 350.0
parp9 1 90 | parp9 1 530 | 0.870 350.0
parp9 1 91 | parp9 1 519 | 0.646 350.0
parp9 1 91 | parp9 1 520 | 0.553 350.0
parp9 1 91 | parp9 1 521 | 0.452 350.0
parp9 1 91 | parp9 1 522 | 0.752 350.0
parp9 1 91 | parp9 1 523 | 0.885 350.0
parp9 1 91 | parp9 1 526 | 0.685 350.0
parp9 1 91 | parp9 1 527 | 0.667 350.0
parp9 1 91 | parp9 1 530 | 0.716 350.0
parp9 1 92 | parp9 1 518 | 0.820 350.0
parp9 1 92 | parp9 1 519 | 0.582 350.0
parp9 1 92 | parp9 1 520 | 0.505 350.0
parp9 1 92 | parp9 1 521 | 0.631 350.0
parp9 1 93 | parp9 1 517 | 0.656 350.0
parp9 1 93 | parp9 1 518 | 0.544 350.0
parp9 1 93 | parp9 1 519 | 0.455 350.0
parp9 1 93 | parp9 1 520 | 0.621 350.0
parp9 1 93 | parp9 1 521 | 0.875 350.0
parp9 1 94 | parp9 1 516 | 0.840 350.0
parp9 1 94 | parp9 1 517 | 0.574 350.0
parp9 1 94 | parp9 1 518 | 0.513 350.0
parp9 1 94 | parp9 1 519 | 0.677 350.0
parp9 1 94 | parp9 1 520 | 0.878 350.0
parp9 1 95 | parp9 1 516 | 0.602 350.0
parp9 1 95 | parp9 1 517 | 0.473 350.0
parp9 1 95 | parp9 1 518 | 0.615 350.0
parp9 1 95 | parp9 1 519 | 0.894 350.0
parp9 1 96 | parp9 1 516 | 0.520 350.0
parp9 1 96 | parp9 1 517 | 0.607 350.0
parp9 1 96 | parp9 1 518 | 0.663 350.0
