i j d[nm] fc
2 4 0.6684 700.0000
2 5 0.8577 700.0000
2 17 0.7101 700.0000
2 18 0.5323 700.0000
2 19 0.4159 700.0000
2 20 0.7631 700.0000
2 172 0.8964 700.0000
3 5 0.5623 700.0000
3 6 0.8807 700.0000
3 16 0.8437 700.0000
3 17 0.5644 700.0000
3 18 0.5928 700.0000
3 19 0.6645 700.0000
4 6 0.6864 700.0000
4 16 0.7741 700.0000
4 17 0.4854 700.0000
4 18 0.6766 700.0000
4 19 0.8658 700.0000
4 178 0.7890 700.0000
4 179 0.8143 700.0000
4 181 0.8850 700.0000
4 182 0.7118 700.0000
5 7 0.6799 700.0000
5 15 0.6540 700.0000
5 16 0.5307 700.0000
5 17 0.3924 700.0000
5 18 0.7271 700.0000
5 170 0.8486 700.0000
5 181 0.8723 700.0000
5 182 0.7102 700.0000
6 8 0.6843 700.0000
6 14 0.7619 700.0000
6 15 0.5200 700.0000
6 16 0.6282 700.0000
6 17 0.6935 700.0000
7 9 0.6425 700.0000
7 10 0.8164 700.0000
7 13 0.6942 700.0000
7 14 0.5205 700.0000
7 15 0.3641 700.0000
7 16 0.6681 700.0000
7 17 0.8780 700.0000
7 168 0.8290 700.0000
7 185 0.8801 700.0000
8 10 0.5317 700.0000
8 11 0.7985 700.0000
8 12 0.8214 700.0000
8 13 0.5635 700.0000
8 14 0.5884 700.0000
8 15 0.6077 700.0000
9 11 0.6487 700.0000
9 12 0.7596 700.0000
9 13 0.5048 700.0000
9 14 0.6462 700.0000
9 15 0.7654 700.0000
9 152 0.8772 700.0000
9 153 0.7262 700.0000
9 156 0.6598 700.0000
9 157 0.8339 700.0000
10 12 0.5009 700.0000
10 13 0.3800 700.0000
10 14 0.6900 700.0000
10 156 0.7467 700.0000
10 160 0.8376 700.0000
10 166 0.8227 700.0000
11 13 0.4850 700.0000
11 14 0.8540 700.0000
11 160 0.8187 700.0000
11 166 0.8326 700.0000
12 14 0.6538 700.0000
12 163 0.8740 700.0000
12 164 0.8878 700.0000
12 165 0.7370 700.0000
12 166 0.5492 700.0000
12 167 0.8479 700.0000
13 15 0.6911 700.0000
13 165 0.7114 700.0000
13 166 0.4849 700.0000
13 167 0.6928 700.0000
13 168 0.8087 700.0000
14 16 0.6469 700.0000
14 165 0.7871 700.0000
14 166 0.4871 700.0000
14 167 0.4888 700.0000
14 168 0.4838 700.0000
14 169 0.8182 700.0000
15 17 0.6749 700.0000
15 166 0.8151 700.0000
15 167 0.6932 700.0000
15 168 0.4765 700.0000
15 169 0.6864 700.0000
15 170 0.7924 700.0000
16 18 0.6297 700.0000
16 127 0.8682 700.0000
16 129 0.8748 700.0000
16 167 0.7649 700.0000
16 168 0.4682 700.0000
16 169 0.4686 700.0000
16 170 0.4812 700.0000
16 171 0.8333 700.0000
16 181 0.8965 700.0000
17 19 0.6936 700.0000
17 168 0.8043 700.0000
17 169 0.6768 700.0000
17 170 0.4849 700.0000
17 171 0.7429 700.0000
17 172 0.8764 700.0000
17 178 0.7028 700.0000
17 179 0.8665 700.0000
17 181 0.7467 700.0000
17 182 0.7338 700.0000
18 20 0.5939 700.0000
18 21 0.8901 700.0000
18 129 0.8873 700.0000
18 169 0.7221 700.0000
18 170 0.4724 700.0000
18 171 0.5286 700.0000
18 172 0.5537 700.0000
18 173 0.8023 700.0000
18 174 0.8360 700.0000
18 175 0.8466 700.0000
18 177 0.8520 700.0000
18 178 0.6315 700.0000
18 179 0.8885 700.0000
18 181 0.8785 700.0000
19 21 0.7078 700.0000
19 170 0.7580 700.0000
19 171 0.6612 700.0000
19 172 0.4973 700.0000
19 173 0.6054 700.0000
19 174 0.7232 700.0000
19 175 0.7832 700.0000
19 178 0.7769 700.0000
20 22 0.6461 700.0000
20 23 0.8587 700.0000
20 24 0.7577 700.0000
20 25 0.8697 700.0000
20 170 0.8283 700.0000
20 171 0.5921 700.0000
20 172 0.3948 700.0000
20 173 0.4785 700.0000
20 174 0.7236 700.0000
21 23 0.5029 700.0000
21 24 0.4614 700.0000
21 25 0.6482 700.0000
21 171 0.7649 700.0000
21 172 0.6616 700.0000
21 173 0.7246 700.0000
22 24 0.4796 700.0000
22 25 0.5861 700.0000
22 29 0.8819 700.0000
22 30 0.7474 700.0000
22 31 0.7686 700.0000
22 44 0.8573 700.0000
22 47 0.8508 700.0000
22 48 0.7749 700.0000
22 128 0.7675 700.0000
22 129 0.8715 700.0000
22 171 0.8011 700.0000
22 172 0.8315 700.0000
23 25 0.5767 700.0000
23 47 0.7919 700.0000
23 48 0.6833 700.0000
23 51 0.7308 700.0000
23 82 0.8725 700.0000
23 83 0.7033 700.0000
23 84 0.7137 700.0000
24 26 0.6833 700.0000
24 27 0.8007 700.0000
24 83 0.8775 700.0000
24 84 0.7365 700.0000
25 27 0.4873 700.0000
25 28 0.7808 700.0000
25 29 0.7922 700.0000
25 84 0.6654 700.0000
25 85 0.8972 700.0000
25 128 0.8779 700.0000
26 28 0.6894 700.0000
26 29 0.7996 700.0000
26 84 0.8207 700.0000
26 126 0.7916 700.0000
26 127 0.8381 700.0000
27 29 0.4955 700.0000
27 30 0.7898 700.0000
27 84 0.6894 700.0000
27 85 0.7715 700.0000
27 125 0.8051 700.0000
27 126 0.5612 700.0000
27 127 0.6620 700.0000
27 128 0.7836 700.0000
27 167 0.8898 700.0000
28 30 0.6783 700.0000
28 84 0.7160 700.0000
28 85 0.6351 700.0000
28 86 0.7172 700.0000
28 87 0.6692 700.0000
28 123 0.8992 700.0000
28 124 0.7108 700.0000
28 125 0.7025 700.0000
28 126 0.4888 700.0000
28 127 0.6708 700.0000
28 128 0.8172 700.0000
29 31 0.6944 700.0000
29 84 0.8366 700.0000
29 85 0.7445 700.0000
29 86 0.8064 700.0000
29 87 0.6155 700.0000
29 88 0.7222 700.0000
29 89 0.7667 700.0000
29 119 0.8172 700.0000
29 124 0.8026 700.0000
29 125 0.8070 700.0000
29 126 0.5118 700.0000
29 127 0.4913 700.0000
29 128 0.5289 700.0000
29 129 0.8914 700.0000
29 169 0.8942 700.0000
30 32 0.6448 700.0000
30 85 0.8507 700.0000
30 86 0.8967 700.0000
30 87 0.6119 700.0000
30 88 0.5298 700.0000
30 89 0.4815 700.0000
30 90 0.8196 700.0000
30 115 0.8831 700.0000
30 126 0.8269 700.0000
30 127 0.6595 700.0000
30 128 0.4738 700.0000
30 129 0.7385 700.0000
31 33 0.6699 700.0000
31 88 0.6874 700.0000
31 89 0.4689 700.0000
31 90 0.6716 700.0000
31 91 0.7112 700.0000
31 115 0.8549 700.0000
31 127 0.8140 700.0000
31 128 0.5050 700.0000
31 129 0.5652 700.0000
31 130 0.6315 700.0000
31 171 0.8906 700.0000
32 34 0.5785 700.0000
32 35 0.8745 700.0000
32 44 0.7666 700.0000
32 45 0.7323 700.0000
32 76 0.8410 700.0000
32 88 0.7345 700.0000
32 89 0.4769 700.0000
32 90 0.4845 700.0000
32 91 0.4626 700.0000
32 92 0.7979 700.0000
32 128 0.8467 700.0000
32 129 0.8135 700.0000
32 130 0.7364 700.0000
32 131 0.8859 700.0000
32 132 0.8327 700.0000
33 35 0.6732 700.0000
33 39 0.8606 700.0000
33 40 0.8805 700.0000
33 42 0.8181 700.0000
33 43 0.8046 700.0000
33 44 0.6352 700.0000
33 45 0.6167 700.0000
33 89 0.8040 700.0000
33 90 0.6782 700.0000
33 91 0.5016 700.0000
33 92 0.7054 700.0000
33 93 0.7512 700.0000
33 130 0.7992 700.0000
33 131 0.7947 700.0000
33 132 0.6946 700.0000
33 133 0.7748 700.0000
34 36 0.6752 700.0000
34 37 0.7913 700.0000
34 38 0.6872 700.0000
34 39 0.6940 700.0000
34 40 0.8590 700.0000
34 42 0.8983 700.0000
34 45 0.7944 700.0000
34 74 0.8434 700.0000
34 89 0.8978 700.0000
34 90 0.6371 700.0000
34 91 0.4375 700.0000
34 92 0.5015 700.0000
34 93 0.5831 700.0000
34 94 0.8490 700.0000
34 132 0.8509 700.0000
34 133 0.8457 700.0000
35 37 0.4876 700.0000
35 38 0.5017 700.0000
35 39 0.5535 700.0000
35 40 0.8500 700.0000
35 69 0.8962 700.0000
35 70 0.6890 700.0000
35 71 0.7753 700.0000
35 72 0.8766 700.0000
35 74 0.8723 700.0000
35 90 0.7835 700.0000
35 91 0.6591 700.0000
35 92 0.5991 700.0000
35 93 0.6983 700.0000
36 38 0.5633 700.0000
36 39 0.7160 700.0000
36 64 0.8798 700.0000
36 68 0.8031 700.0000
36 69 0.5606 700.0000
36 70 0.4020 700.0000
36 71 0.6095 700.0000
36 72 0.8136 700.0000
36 74 0.8753 700.0000
36 91 0.8741 700.0000
36 92 0.7369 700.0000
36 93 0.8695 700.0000
37 39 0.5020 700.0000
37 40 0.8805 700.0000
37 60 0.7441 700.0000
37 61 0.7759 700.0000
37 63 0.8831 700.0000
37 64 0.7217 700.0000
37 68 0.7965 700.0000
37 69 0.6718 700.0000
37 70 0.6618 700.0000
38 40 0.6507 700.0000
38 56 0.8939 700.0000
38 57 0.7255 700.0000
38 59 0.8737 700.0000
38 60 0.5911 700.0000
38 61 0.7280 700.0000
38 63 0.8889 700.0000
38 64 0.8348 700.0000
38 70 0.8717 700.0000
38 90 0.8546 700.0000
39 41 0.6171 700.0000
39 42 0.7596 700.0000
39 45 0.7457 700.0000
39 46 0.8670 700.0000
39 57 0.8114 700.0000
39 60 0.8494 700.0000
40 42 0.5165 700.0000
40 43 0.7497 700.0000
40 44 0.7766 700.0000
40 45 0.4962 700.0000
40 46 0.5115 700.0000
40 47 0.8022 700.0000
40 48 0.8097 700.0000
40 49 0.6930 700.0000
40 57 0.8295 700.0000
41 43 0.6288 700.0000
41 44 0.8060 700.0000
41 45 0.6340 700.0000
41 46 0.5594 700.0000
41 47 0.8664 700.0000
42 44 0.5421 700.0000
42 45 0.4892 700.0000
42 46 0.4976 700.0000
42 47 0.7549 700.0000
42 136 0.8813 700.0000
43 45 0.4775 700.0000
43 46 0.4939 700.0000
43 47 0.6249 700.0000
43 48 0.8376 700.0000
43 135 0.8988 700.0000
44 46 0.4667 700.0000
44 47 0.4878 700.0000
44 48 0.6119 700.0000
44 49 0.8158 700.0000
45 47 0.4708 700.0000
45 48 0.4941 700.0000
45 49 0.5991 700.0000
45 50 0.8129 700.0000
46 48 0.4654 700.0000
46 49 0.4818 700.0000
46 50 0.5968 700.0000
46 51 0.8145 700.0000
47 49 0.4744 700.0000
47 50 0.4963 700.0000
47 51 0.6181 700.0000
47 52 0.8232 700.0000
48 50 0.4661 700.0000
48 51 0.4840 700.0000
48 52 0.5948 700.0000
48 53 0.7263 700.0000
48 56 0.8876 700.0000
48 80 0.8488 700.0000
48 82 0.8848 700.0000
48 83 0.8679 700.0000
49 51 0.4668 700.0000
49 52 0.4740 700.0000
49 53 0.4755 700.0000
49 54 0.7122 700.0000
49 55 0.8285 700.0000
49 56 0.7022 700.0000
49 57 0.8037 700.0000
49 80 0.8396 700.0000
49 81 0.8925 700.0000
49 82 0.8715 700.0000
50 52 0.4828 700.0000
50 53 0.4920 700.0000
50 54 0.7969 700.0000
50 82 0.8464 700.0000
51 53 0.5194 700.0000
51 54 0.8754 700.0000
51 80 0.8273 700.0000
51 81 0.7732 700.0000
51 82 0.5664 700.0000
51 83 0.6763 700.0000
52 54 0.6219 700.0000
52 55 0.6673 700.0000
52 56 0.6844 700.0000
52 79 0.8804 700.0000
52 80 0.5797 700.0000
52 81 0.4948 700.0000
52 82 0.4255 700.0000
52 83 0.5895 700.0000
53 55 0.5202 700.0000
53 56 0.5954 700.0000
53 57 0.7391 700.0000
53 80 0.7472 700.0000
53 81 0.6511 700.0000
53 82 0.6721 700.0000
53 83 0.8695 700.0000
54 56 0.4914 700.0000
54 57 0.5272 700.0000
54 58 0.6235 700.0000
54 59 0.8432 700.0000
54 80 0.8750 700.0000
54 81 0.7912 700.0000
55 57 0.4704 700.0000
55 58 0.4850 700.0000
55 59 0.6117 700.0000
55 60 0.8192 700.0000
55 79 0.6710 700.0000
55 80 0.6758 700.0000
55 81 0.6276 700.0000
55 82 0.8864 700.0000
56 58 0.4743 700.0000
56 59 0.5039 700.0000
56 60 0.6190 700.0000
56 61 0.8326 700.0000
56 78 0.7206 700.0000
56 79 0.5407 700.0000
56 80 0.6034 700.0000
56 81 0.6919 700.0000
56 88 0.8756 700.0000
57 59 0.4652 700.0000
57 60 0.4818 700.0000
57 61 0.6096 700.0000
57 62 0.8257 700.0000
57 79 0.8121 700.0000
58 60 0.4685 700.0000
58 61 0.4902 700.0000
58 62 0.6268 700.0000
58 63 0.8332 700.0000
58 79 0.8500 700.0000
59 61 0.4628 700.0000
59 62 0.4857 700.0000
59 63 0.6170 700.0000
59 64 0.8292 700.0000
59 77 0.8474 700.0000
59 78 0.7089 700.0000
59 79 0.6730 700.0000
60 62 0.4605 700.0000
60 63 0.4852 700.0000
60 64 0.6168 700.0000
60 65 0.8171 700.0000
60 77 0.8214 700.0000
60 78 0.7844 700.0000
60 79 0.8330 700.0000
61 63 0.4692 700.0000
61 64 0.4949 700.0000
61 65 0.6043 700.0000
61 66 0.8262 700.0000
61 68 0.8631 700.0000
62 64 0.4661 700.0000
62 65 0.4761 700.0000
62 66 0.6059 700.0000
62 67 0.7978 700.0000
62 68 0.8225 700.0000
63 65 0.4646 700.0000
63 66 0.4835 700.0000
63 67 0.5542 700.0000
63 68 0.5941 700.0000
63 69 0.8288 700.0000
63 77 0.8583 700.0000
64 66 0.4709 700.0000
64 67 0.4731 700.0000
64 68 0.3772 700.0000
64 69 0.6087 700.0000
64 70 0.8430 700.0000
65 67 0.5346 700.0000
65 68 0.5420 700.0000
65 69 0.8299 700.0000
66 68 0.5401 700.0000
66 69 0.8617 700.0000
67 69 0.5794 700.0000
67 70 0.8220 700.0000
68 70 0.6108 700.0000
69 71 0.6499 700.0000
70 72 0.6529 700.0000
70 73 0.8441 700.0000
70 74 0.7114 700.0000
70 75 0.8364 700.0000
70 92 0.7656 700.0000
71 73 0.5314 700.0000
71 74 0.5054 700.0000
71 75 0.7679 700.0000
71 91 0.8694 700.0000
71 92 0.5876 700.0000
71 93 0.7346 700.0000
72 74 0.5193 700.0000
72 75 0.8750 700.0000
72 91 0.8639 700.0000
72 92 0.5190 700.0000
72 93 0.5540 700.0000
72 94 0.6697 700.0000
72 95 0.8660 700.0000
72 104 0.8921 700.0000
72 106 0.8950 700.0000
72 107 0.6148 700.0000
72 108 0.8099 700.0000
72 110 0.8384 700.0000
72 111 0.8255 700.0000
73 75 0.6665 700.0000
73 91 0.7375 700.0000
73 92 0.4810 700.0000
73 93 0.6035 700.0000
73 94 0.7909 700.0000
73 106 0.7449 700.0000
73 107 0.4629 700.0000
73 108 0.5958 700.0000
73 109 0.6944 700.0000
73 110 0.4906 700.0000
73 111 0.4870 700.0000
73 112 0.7938 700.0000
73 113 0.8792 700.0000
73 114 0.8237 700.0000
74 76 0.6992 700.0000
74 90 0.6709 700.0000
74 91 0.5537 700.0000
74 92 0.4097 700.0000
74 93 0.6730 700.0000
74 107 0.7499 700.0000
74 108 0.7978 700.0000
74 109 0.8754 700.0000
74 110 0.6391 700.0000
74 111 0.4990 700.0000
74 112 0.7896 700.0000
74 113 0.8691 700.0000
74 114 0.7095 700.0000
74 115 0.8627 700.0000
75 77 0.7276 700.0000
75 89 0.7611 700.0000
75 90 0.5063 700.0000
75 91 0.6057 700.0000
75 92 0.6694 700.0000
75 110 0.8360 700.0000
75 111 0.6463 700.0000
75 112 0.8367 700.0000
75 113 0.8572 700.0000
75 114 0.5882 700.0000
75 115 0.6874 700.0000
75 118 0.8682 700.0000
76 78 0.6850 700.0000
76 88 0.6731 700.0000
76 89 0.5240 700.0000
76 90 0.3740 700.0000
76 91 0.6676 700.0000
76 92 0.8683 700.0000
76 114 0.7817 700.0000
76 115 0.7450 700.0000
76 118 0.8017 700.0000
77 79 0.6685 700.0000
77 87 0.7566 700.0000
77 88 0.5278 700.0000
77 89 0.5990 700.0000
77 90 0.6303 700.0000
77 118 0.8582 700.0000
78 80 0.6374 700.0000
78 81 0.8858 700.0000
78 86 0.6942 700.0000
78 87 0.5199 700.0000
78 88 0.3859 700.0000
78 89 0.6456 700.0000
78 90 0.7990 700.0000
79 81 0.5882 700.0000
79 83 0.8676 700.0000
79 85 0.7796 700.0000
79 86 0.5875 700.0000
79 87 0.5199 700.0000
79 88 0.5257 700.0000
79 89 0.8423 700.0000
80 82 0.5525 700.0000
80 83 0.5007 700.0000
80 84 0.7505 700.0000
80 85 0.5484 700.0000
80 86 0.5411 700.0000
80 87 0.5317 700.0000
80 88 0.6432 700.0000
81 83 0.4559 700.0000
81 84 0.7699 700.0000
81 85 0.6322 700.0000
81 86 0.6763 700.0000
81 87 0.7788 700.0000
82 84 0.6383 700.0000
82 85 0.6755 700.0000
82 86 0.8754 700.0000
83 85 0.4334 700.0000
83 86 0.7013 700.0000
83 87 0.7745 700.0000
84 86 0.6782 700.0000
84 87 0.7692 700.0000
85 87 0.4806 700.0000
85 88 0.8025 700.0000
86 88 0.6764 700.0000
87 89 0.6724 700.0000
88 90 0.6403 700.0000
89 91 0.6309 700.0000
89 115 0.7250 700.0000
89 118 0.8764 700.0000
89 128 0.8512 700.0000
90 92 0.6510 700.0000
90 111 0.8094 700.0000
90 114 0.8633 700.0000
90 115 0.7688 700.0000
91 93 0.5901 700.0000
91 108 0.8822 700.0000
91 111 0.6315 700.0000
91 112 0.8085 700.0000
91 114 0.8890 700.0000
91 115 0.8413 700.0000
91 132 0.8030 700.0000
92 94 0.6388 700.0000
92 107 0.7404 700.0000
92 108 0.7232 700.0000
92 110 0.8131 700.0000
92 111 0.6111 700.0000
92 112 0.8830 700.0000
92 132 0.8353 700.0000
92 133 0.8870 700.0000
93 95 0.6422 700.0000
93 104 0.8288 700.0000
93 107 0.6587 700.0000
93 108 0.6399 700.0000
93 110 0.8972 700.0000
93 111 0.7516 700.0000
93 132 0.6898 700.0000
93 133 0.6433 700.0000
93 137 0.7928 700.0000
94 96 0.6058 700.0000
94 97 0.8584 700.0000
94 103 0.8571 700.0000
94 104 0.6178 700.0000
94 105 0.8189 700.0000
94 106 0.8970 700.0000
94 107 0.6658 700.0000
94 108 0.6928 700.0000
94 132 0.7610 700.0000
94 133 0.5879 700.0000
94 134 0.8890 700.0000
94 136 0.8897 700.0000
94 137 0.6042 700.0000
94 138 0.7827 700.0000
94 139 0.7904 700.0000
95 97 0.6134 700.0000
95 100 0.8521 700.0000
95 103 0.8784 700.0000
95 104 0.6870 700.0000
95 133 0.7336 700.0000
95 136 0.8353 700.0000
95 137 0.5194 700.0000
95 138 0.6635 700.0000
95 139 0.7671 700.0000
96 98 0.6889 700.0000
96 99 0.8656 700.0000
96 100 0.7432 700.0000
96 101 0.7874 700.0000
96 104 0.7508 700.0000
96 133 0.8235 700.0000
96 136 0.8656 700.0000
96 137 0.5462 700.0000
96 138 0.5146 700.0000
96 139 0.6431 700.0000
96 140 0.8724 700.0000
97 99 0.4999 700.0000
97 100 0.4373 700.0000
97 101 0.5331 700.0000
97 102 0.8224 700.0000
97 103 0.7951 700.0000
97 104 0.7158 700.0000
97 138 0.8008 700.0000
97 139 0.8566 700.0000
98 100 0.4713 700.0000
98 101 0.5397 700.0000
98 102 0.8438 700.0000
99 101 0.5583 700.0000
99 102 0.7822 700.0000
99 103 0.8542 700.0000
100 102 0.5023 700.0000
100 103 0.5112 700.0000
100 104 0.6119 700.0000
100 105 0.8346 700.0000
101 103 0.4635 700.0000
101 104 0.4821 700.0000
101 105 0.6135 700.0000
101 106 0.8193 700.0000
102 104 0.4705 700.0000
102 105 0.4936 700.0000
102 106 0.6138 700.0000
102 107 0.8298 700.0000
103 105 0.4611 700.0000
103 106 0.4798 700.0000
103 107 0.6040 700.0000
103 108 0.8143 700.0000
104 106 0.4601 700.0000
104 107 0.4878 700.0000
104 108 0.6068 700.0000
104 109 0.8093 700.0000
105 107 0.4742 700.0000
105 108 0.4984 700.0000
105 109 0.6064 700.0000
105 110 0.8178 700.0000
105 143 0.8299 700.0000
105 144 0.8133 700.0000
105 147 0.7120 700.0000
106 108 0.4703 700.0000
106 109 0.4887 700.0000
106 110 0.6062 700.0000
106 111 0.8271 700.0000
106 147 0.8590 700.0000
107 109 0.4650 700.0000
107 110 0.4872 700.0000
107 111 0.6167 700.0000
107 112 0.8314 700.0000
108 110 0.4640 700.0000
108 111 0.4936 700.0000
108 112 0.6313 700.0000
108 113 0.8347 700.0000
108 132 0.7488 700.0000
108 133 0.8891 700.0000
108 144 0.8198 700.0000
108 147 0.7119 700.0000
108 148 0.7605 700.0000
108 151 0.8885 700.0000
109 111 0.4657 700.0000
109 112 0.4914 700.0000
109 113 0.6138 700.0000
109 114 0.8203 700.0000
109 147 0.6610 700.0000
109 148 0.6738 700.0000
109 150 0.8139 700.0000
109 151 0.6350 700.0000
110 112 0.4579 700.0000
110 113 0.4854 700.0000
110 114 0.6013 700.0000
110 115 0.8101 700.0000
110 151 0.8254 700.0000
111 113 0.4829 700.0000
111 114 0.4982 700.0000
111 115 0.6137 700.0000
111 116 0.8348 700.0000
112 114 0.4622 700.0000
112 115 0.4826 700.0000
112 116 0.6232 700.0000
112 117 0.8263 700.0000
112 148 0.7375 700.0000
112 151 0.6862 700.0000
112 152 0.8002 700.0000
113 115 0.4638 700.0000
113 116 0.4902 700.0000
113 117 0.6139 700.0000
113 118 0.8257 700.0000
113 151 0.7050 700.0000
113 152 0.7939 700.0000
113 155 0.8054 700.0000
114 116 0.4590 700.0000
114 117 0.4764 700.0000
114 118 0.6087 700.0000
114 119 0.8215 700.0000
115 117 0.4698 700.0000
115 118 0.4930 700.0000
115 119 0.6219 700.0000
115 120 0.8311 700.0000
116 118 0.4578 700.0000
116 119 0.4872 700.0000
116 120 0.6156 700.0000
116 121 0.8235 700.0000
116 124 0.8808 700.0000
116 127 0.8942 700.0000
116 155 0.8836 700.0000
117 119 0.4719 700.0000
117 120 0.4913 700.0000
117 121 0.6083 700.0000
117 122 0.8227 700.0000
118 120 0.4602 700.0000
118 121 0.4863 700.0000
118 122 0.6092 700.0000
118 123 0.7991 700.0000
118 124 0.8002 700.0000
119 121 0.4778 700.0000
119 122 0.4745 700.0000
119 123 0.5546 700.0000
119 124 0.4963 700.0000
119 125 0.7791 700.0000
119 126 0.7646 700.0000
119 127 0.8696 700.0000
119 164 0.7821 700.0000
119 165 0.8195 700.0000
120 122 0.4550 700.0000
120 123 0.4734 700.0000
120 124 0.5281 700.0000
120 125 0.8352 700.0000
120 162 0.8745 700.0000
120 163 0.7632 700.0000
120 164 0.6370 700.0000
120 165 0.7638 700.0000
121 123 0.5355 700.0000
121 124 0.7120 700.0000
121 164 0.8940 700.0000
122 124 0.5286 700.0000
122 164 0.8716 700.0000
123 125 0.6481 700.0000
123 126 0.8124 700.0000
123 163 0.8676 700.0000
123 164 0.5966 700.0000
123 165 0.7902 700.0000
124 126 0.5201 700.0000
124 127 0.8200 700.0000
124 163 0.8303 700.0000
124 164 0.5023 700.0000
124 165 0.5896 700.0000
124 166 0.8244 700.0000
124 167 0.8325 700.0000
125 127 0.6649 700.0000
125 163 0.8592 700.0000
125 164 0.5206 700.0000
125 165 0.4563 700.0000
125 166 0.5135 700.0000
125 167 0.5167 700.0000
125 168 0.8432 700.0000
126 128 0.7084 700.0000
126 164 0.8006 700.0000
126 165 0.6744 700.0000
126 166 0.6660 700.0000
126 167 0.4782 700.0000
126 168 0.6988 700.0000
126 169 0.8128 700.0000
127 129 0.6694 700.0000
127 165 0.8512 700.0000
127 166 0.7995 700.0000
127 167 0.5012 700.0000
127 168 0.4900 700.0000
127 169 0.4799 700.0000
127 170 0.8173 700.0000
128 130 0.6726 700.0000
128 167 0.8367 700.0000
128 168 0.6898 700.0000
128 169 0.4609 700.0000
128 170 0.6727 700.0000
128 171 0.6994 700.0000
129 131 0.6864 700.0000
129 132 0.8413 700.0000
129 168 0.7779 700.0000
129 169 0.4705 700.0000
129 170 0.4844 700.0000
129 171 0.4640 700.0000
129 172 0.8164 700.0000
130 132 0.5390 700.0000
130 133 0.8665 700.0000
130 145 0.8713 700.0000
130 148 0.8664 700.0000
130 169 0.7722 700.0000
130 170 0.6556 700.0000
130 171 0.4943 700.0000
130 172 0.7655 700.0000
131 133 0.5628 700.0000
131 134 0.5693 700.0000
131 135 0.7709 700.0000
131 139 0.8569 700.0000
131 141 0.8048 700.0000
131 144 0.7060 700.0000
131 145 0.7533 700.0000
131 148 0.8988 700.0000
131 171 0.7031 700.0000
131 172 0.8508 700.0000
131 177 0.8230 700.0000
132 134 0.5511 700.0000
132 135 0.7417 700.0000
132 137 0.8324 700.0000
132 139 0.7455 700.0000
132 140 0.8923 700.0000
132 141 0.8626 700.0000
132 144 0.6630 700.0000
132 145 0.8106 700.0000
132 148 0.8684 700.0000
133 135 0.4616 700.0000
133 136 0.6135 700.0000
133 137 0.4694 700.0000
133 138 0.5690 700.0000
133 139 0.4980 700.0000
133 140 0.7549 700.0000
133 141 0.8387 700.0000
133 144 0.7799 700.0000
134 136 0.6039 700.0000
134 137 0.5615 700.0000
134 138 0.5049 700.0000
134 139 0.4122 700.0000
134 140 0.6131 700.0000
134 141 0.6445 700.0000
134 144 0.7834 700.0000
135 137 0.4642 700.0000
135 138 0.5103 700.0000
135 139 0.5871 700.0000
135 140 0.8419 700.0000
136 138 0.5514 700.0000
136 139 0.7583 700.0000
137 139 0.5426 700.0000
137 140 0.8698 700.0000
138 140 0.5930 700.0000
138 141 0.8389 700.0000
139 141 0.5660 700.0000
139 142 0.7999 700.0000
139 143 0.7323 700.0000
139 144 0.6947 700.0000
140 142 0.5066 700.0000
140 143 0.4960 700.0000
140 144 0.5687 700.0000
140 145 0.8188 700.0000
141 143 0.4704 700.0000
141 144 0.4817 700.0000
141 145 0.6138 700.0000
141 146 0.8130 700.0000
141 177 0.7943 700.0000
141 180 0.7504 700.0000
142 144 0.4710 700.0000
142 145 0.5186 700.0000
142 146 0.6151 700.0000
142 147 0.8219 700.0000
142 180 0.6827 700.0000
142 181 0.8311 700.0000
142 183 0.8964 700.0000
142 184 0.8151 700.0000
143 145 0.4853 700.0000
143 146 0.4939 700.0000
143 147 0.5992 700.0000
143 148 0.8204 700.0000
144 146 0.4687 700.0000
144 147 0.4917 700.0000
144 148 0.6195 700.0000
144 149 0.8267 700.0000
144 180 0.8921 700.0000
145 147 0.4648 700.0000
145 148 0.4896 700.0000
145 149 0.6043 700.0000
145 150 0.8071 700.0000
145 177 0.8828 700.0000
145 180 0.6836 700.0000
145 181 0.6178 700.0000
145 182 0.8870 700.0000
145 183 0.8480 700.0000
145 184 0.6518 700.0000
145 185 0.8695 700.0000
146 148 0.4674 700.0000
146 149 0.4896 700.0000
146 150 0.5948 700.0000
146 151 0.8141 700.0000
146 180 0.8685 700.0000
146 181 0.7802 700.0000
146 183 0.8649 700.0000
146 184 0.5967 700.0000
146 185 0.7954 700.0000
146 187 0.8753 700.0000
146 188 0.8159 700.0000
147 149 0.4732 700.0000
147 150 0.4871 700.0000
147 151 0.6070 700.0000
147 152 0.8218 700.0000
147 184 0.8816 700.0000
148 150 0.4632 700.0000
148 151 0.4922 700.0000
148 152 0.6220 700.0000
148 153 0.8279 700.0000
148 184 0.8849 700.0000
149 151 0.4732 700.0000
149 152 0.4939 700.0000
149 153 0.6125 700.0000
149 154 0.8246 700.0000
149 181 0.8549 700.0000
149 184 0.7169 700.0000
149 185 0.7226 700.0000
149 188 0.7606 700.0000
150 152 0.4558 700.0000
150 153 0.4854 700.0000
150 154 0.6076 700.0000
150 155 0.8270 700.0000
150 188 0.7611 700.0000
151 153 0.4766 700.0000
151 154 0.5006 700.0000
151 155 0.6227 700.0000
151 156 0.8560 700.0000
152 154 0.4622 700.0000
152 155 0.5022 700.0000
152 156 0.6514 700.0000
152 157 0.8471 700.0000
153 155 0.4810 700.0000
153 156 0.5063 700.0000
153 157 0.6230 700.0000
153 158 0.8498 700.0000
153 188 0.8923 700.0000
154 156 0.4634 700.0000
154 157 0.4827 700.0000
154 158 0.6111 700.0000
154 159 0.7582 700.0000
155 157 0.5042 700.0000
155 158 0.5441 700.0000
155 159 0.5631 700.0000
155 160 0.8567 700.0000
156 158 0.5148 700.0000
156 159 0.4437 700.0000
156 160 0.6261 700.0000
156 161 0.8434 700.0000
157 159 0.4528 700.0000
157 160 0.6540 700.0000
158 160 0.6420 700.0000
158 161 0.8130 700.0000
159 161 0.4987 700.0000
159 162 0.7442 700.0000
159 163 0.8303 700.0000
160 162 0.6378 700.0000
160 163 0.7387 700.0000
161 163 0.5808 700.0000
162 164 0.6354 700.0000
162 165 0.7916 700.0000
163 165 0.4849 700.0000
163 166 0.8033 700.0000
164 166 0.6288 700.0000
164 167 0.8228 700.0000
165 167 0.5653 700.0000
165 168 0.8392 700.0000
166 168 0.6380 700.0000
167 169 0.6565 700.0000
168 170 0.6559 700.0000
169 171 0.6180 700.0000
170 172 0.6748 700.0000
170 177 0.8916 700.0000
170 178 0.7474 700.0000
170 181 0.7609 700.0000
171 173 0.7226 700.0000
171 174 0.7812 700.0000
171 177 0.7563 700.0000
171 178 0.7213 700.0000
171 181 0.8940 700.0000
172 174 0.4593 700.0000
172 175 0.6827 700.0000
172 176 0.8318 700.0000
172 177 0.6557 700.0000
172 178 0.6625 700.0000
173 175 0.5983 700.0000
173 176 0.8053 700.0000
173 177 0.7595 700.0000
173 178 0.8200 700.0000
174 176 0.5005 700.0000
174 177 0.5081 700.0000
174 178 0.6180 700.0000
174 179 0.8371 700.0000
175 177 0.4666 700.0000
175 178 0.4823 700.0000
175 179 0.6051 700.0000
175 180 0.8148 700.0000
176 178 0.4730 700.0000
176 179 0.4929 700.0000
176 180 0.6142 700.0000
176 181 0.8307 700.0000
177 179 0.4651 700.0000
177 180 0.4815 700.0000
177 181 0.6196 700.0000
177 182 0.8297 700.0000
178 180 0.4578 700.0000
178 181 0.4831 700.0000
178 182 0.6121 700.0000
178 183 0.8208 700.0000
179 181 0.4556 700.0000
179 182 0.4793 700.0000
179 183 0.6105 700.0000
179 184 0.8142 700.0000
180 182 0.4728 700.0000
180 183 0.4922 700.0000
180 184 0.6074 700.0000
180 185 0.8209 700.0000
181 183 0.4578 700.0000
181 184 0.4798 700.0000
181 185 0.6098 700.0000
181 186 0.8246 700.0000
182 184 0.4759 700.0000
182 185 0.4992 700.0000
182 186 0.6319 700.0000
182 187 0.8417 700.0000
183 185 0.4541 700.0000
183 186 0.4873 700.0000
183 187 0.6150 700.0000
183 188 0.8222 700.0000
184 186 0.4625 700.0000
184 187 0.4878 700.0000
184 188 0.5956 700.0000
184 189 0.8007 700.0000
185 187 0.4682 700.0000
185 188 0.4993 700.0000
185 189 0.5892 700.0000
186 188 0.4922 700.0000
186 189 0.4909 700.0000
187 189 0.4761 700.0000
214 216 0.5387 700.0000
214 217 0.6803 700.0000
215 217 0.5673 700.0000
215 218 0.6740 700.0000
216 218 0.4840 700.0000
216 219 0.8333 700.0000
216 229 0.8119 700.0000
216 394 0.8140 700.0000
216 397 0.7334 700.0000
216 398 0.7649 700.0000
216 401 0.8625 700.0000
217 219 0.6641 700.0000
217 227 0.6698 700.0000
217 228 0.5870 700.0000
217 229 0.4872 700.0000
217 230 0.8304 700.0000
217 394 0.8156 700.0000
217 397 0.7555 700.0000
218 220 0.6999 700.0000
218 226 0.7911 700.0000
218 227 0.5193 700.0000
218 228 0.6367 700.0000
218 229 0.7134 700.0000
218 397 0.7202 700.0000
218 398 0.8838 700.0000
218 401 0.8246 700.0000
219 221 0.6625 700.0000
219 224 0.8451 700.0000
219 225 0.6605 700.0000
219 226 0.5282 700.0000
219 227 0.3658 700.0000
219 228 0.6727 700.0000
219 229 0.8947 700.0000
219 378 0.8231 700.0000
219 397 0.8049 700.0000
219 400 0.8580 700.0000
219 401 0.8485 700.0000
220 222 0.6439 700.0000
220 223 0.7647 700.0000
220 224 0.6094 700.0000
220 225 0.5202 700.0000
220 226 0.6058 700.0000
220 227 0.6441 700.0000
220 364 0.8685 700.0000
220 400 0.8705 700.0000
220 401 0.8777 700.0000
221 223 0.4684 700.0000
221 224 0.4441 700.0000
221 225 0.4339 700.0000
221 226 0.6868 700.0000
221 227 0.8445 700.0000
221 363 0.8520 700.0000
221 364 0.6880 700.0000
221 367 0.7176 700.0000
221 368 0.8372 700.0000
222 224 0.5365 700.0000
222 225 0.6718 700.0000
222 364 0.7832 700.0000
222 367 0.6747 700.0000
222 368 0.6700 700.0000
223 225 0.5274 700.0000
223 226 0.8722 700.0000
223 364 0.8144 700.0000
223 366 0.8422 700.0000
223 367 0.5224 700.0000
223 368 0.6278 700.0000
223 369 0.8717 700.0000
223 370 0.7289 700.0000
223 371 0.8054 700.0000
223 372 0.7451 700.0000
223 376 0.8876 700.0000
224 226 0.6077 700.0000
224 367 0.7534 700.0000
224 372 0.8435 700.0000
224 375 0.8210 700.0000
224 376 0.6516 700.0000
224 377 0.8885 700.0000
225 227 0.6530 700.0000
225 363 0.8107 700.0000
225 364 0.8002 700.0000
225 367 0.7161 700.0000
225 375 0.7609 700.0000
225 376 0.5321 700.0000
225 377 0.6661 700.0000
225 378 0.7524 700.0000
226 228 0.6643 700.0000
226 338 0.8911 700.0000
226 363 0.8961 700.0000
226 375 0.8301 700.0000
226 376 0.4987 700.0000
226 377 0.4713 700.0000
226 378 0.4757 700.0000
226 379 0.8088 700.0000
227 229 0.6790 700.0000
227 376 0.8359 700.0000
227 377 0.6904 700.0000
227 378 0.4750 700.0000
227 379 0.6772 700.0000
227 380 0.7913 700.0000
228 230 0.6157 700.0000
228 338 0.8842 700.0000
228 340 0.8697 700.0000
228 377 0.7896 700.0000
228 378 0.4902 700.0000
228 379 0.4735 700.0000
228 380 0.4860 700.0000
228 381 0.8247 700.0000
229 231 0.6866 700.0000
229 232 0.8937 700.0000
229 378 0.8222 700.0000
229 379 0.6815 700.0000
229 380 0.4951 700.0000
229 381 0.7364 700.0000
229 382 0.7944 700.0000
229 393 0.8444 700.0000
229 394 0.8845 700.0000
230 232 0.5291 700.0000
230 233 0.8084 700.0000
230 340 0.8609 700.0000
230 379 0.7030 700.0000
230 380 0.4436 700.0000
230 381 0.4940 700.0000
230 382 0.4848 700.0000
230 383 0.7567 700.0000
230 384 0.8995 700.0000
230 390 0.8724 700.0000
231 233 0.6687 700.0000
231 380 0.7800 700.0000
231 381 0.6763 700.0000
231 382 0.4653 700.0000
231 383 0.5855 700.0000
231 384 0.6204 700.0000
232 234 0.6004 700.0000
232 235 0.8014 700.0000
232 236 0.7014 700.0000
232 237 0.8426 700.0000
232 380 0.7872 700.0000
232 381 0.5571 700.0000
232 382 0.3958 700.0000
232 383 0.4930 700.0000
232 384 0.6560 700.0000
233 235 0.4978 700.0000
233 236 0.5016 700.0000
233 237 0.6898 700.0000
233 260 0.8647 700.0000
233 381 0.6834 700.0000
233 382 0.6182 700.0000
233 383 0.6565 700.0000
233 384 0.8530 700.0000
234 236 0.4645 700.0000
234 237 0.5365 700.0000
234 242 0.8340 700.0000
234 243 0.8007 700.0000
234 257 0.7818 700.0000
234 260 0.7346 700.0000
234 261 0.7506 700.0000
234 339 0.8299 700.0000
234 340 0.8386 700.0000
234 341 0.8383 700.0000
234 381 0.6888 700.0000
234 382 0.7859 700.0000
234 383 0.8894 700.0000
235 237 0.4977 700.0000
235 238 0.8815 700.0000
235 260 0.6552 700.0000
235 261 0.6194 700.0000
235 262 0.8917 700.0000
235 263 0.8798 700.0000
235 264 0.7191 700.0000
235 265 0.8960 700.0000
235 294 0.8541 700.0000
235 295 0.7234 700.0000
235 296 0.7700 700.0000
236 238 0.6433 700.0000
236 239 0.8262 700.0000
236 295 0.7961 700.0000
236 296 0.6835 700.0000
236 297 0.8782 700.0000
237 239 0.5336 700.0000
237 240 0.8140 700.0000
237 241 0.7796 700.0000
237 242 0.8208 700.0000
237 295 0.7358 700.0000
237 296 0.5298 700.0000
237 297 0.6638 700.0000
237 339 0.8174 700.0000
238 240 0.6133 700.0000
238 241 0.7088 700.0000
238 295 0.8747 700.0000
238 296 0.5321 700.0000
238 297 0.6164 700.0000
238 337 0.7908 700.0000
238 338 0.8264 700.0000
238 339 0.8643 700.0000
239 241 0.4366 700.0000
239 242 0.7114 700.0000
239 296 0.6046 700.0000
239 297 0.5397 700.0000
239 298 0.7278 700.0000
239 299 0.7501 700.0000
239 336 0.8029 700.0000
239 337 0.5461 700.0000
239 338 0.6104 700.0000
239 339 0.6952 700.0000
239 377 0.8899 700.0000
239 379 0.8753 700.0000
240 242 0.6585 700.0000
240 296 0.7192 700.0000
240 297 0.5115 700.0000
240 298 0.5055 700.0000
240 299 0.5301 700.0000
240 300 0.8413 700.0000
240 330 0.8555 700.0000
240 335 0.7310 700.0000
240 336 0.6994 700.0000
240 337 0.4777 700.0000
240 338 0.6468 700.0000
240 339 0.7810 700.0000
241 243 0.6820 700.0000
241 296 0.8469 700.0000
241 297 0.6533 700.0000
241 298 0.6552 700.0000
241 299 0.4961 700.0000
241 300 0.6808 700.0000
241 301 0.7743 700.0000
241 326 0.8976 700.0000
241 330 0.8253 700.0000
241 335 0.8653 700.0000
241 336 0.8159 700.0000
241 337 0.5068 700.0000
241 338 0.4670 700.0000
241 339 0.4958 700.0000
241 340 0.8534 700.0000
241 379 0.8582 700.0000
242 244 0.6461 700.0000
242 290 0.8564 700.0000
242 297 0.7754 700.0000
242 298 0.7814 700.0000
242 299 0.5069 700.0000
242 300 0.4815 700.0000
242 301 0.4856 700.0000
242 302 0.8184 700.0000
242 326 0.8866 700.0000
242 337 0.8485 700.0000
242 338 0.6773 700.0000
242 339 0.4802 700.0000
242 340 0.7384 700.0000
242 341 0.8877 700.0000
243 245 0.6966 700.0000
243 299 0.8215 700.0000
243 300 0.6611 700.0000
243 301 0.4673 700.0000
243 302 0.6923 700.0000
243 303 0.7764 700.0000
243 338 0.8282 700.0000
243 339 0.5174 700.0000
243 340 0.5856 700.0000
243 341 0.6248 700.0000
243 343 0.8982 700.0000
244 246 0.6436 700.0000
244 257 0.7744 700.0000
244 258 0.7464 700.0000
244 288 0.8159 700.0000
244 300 0.7294 700.0000
244 301 0.4544 700.0000
244 302 0.4700 700.0000
244 303 0.4767 700.0000
244 304 0.8116 700.0000
244 339 0.8736 700.0000
244 340 0.8608 700.0000
244 341 0.7769 700.0000
244 343 0.8308 700.0000
245 247 0.6812 700.0000
245 250 0.8741 700.0000
245 251 0.8474 700.0000
245 252 0.7844 700.0000
245 255 0.7338 700.0000
245 256 0.8450 700.0000
245 257 0.6556 700.0000
245 258 0.6323 700.0000
245 301 0.7761 700.0000
245 302 0.6427 700.0000
245 303 0.4739 700.0000
245 304 0.6959 700.0000
245 305 0.7235 700.0000
245 341 0.8983 700.0000
245 343 0.7625 700.0000
245 344 0.8651 700.0000
246 248 0.6444 700.0000
246 249 0.7582 700.0000
246 250 0.6220 700.0000
246 251 0.6612 700.0000
246 252 0.7599 700.0000
246 254 0.8780 700.0000
246 255 0.8218 700.0000
246 258 0.8312 700.0000
246 286 0.8371 700.0000
246 302 0.6736 700.0000
246 303 0.4458 700.0000
246 304 0.5188 700.0000
246 305 0.5971 700.0000
246 306 0.8922 700.0000
247 249 0.4789 700.0000
247 250 0.4766 700.0000
247 251 0.5569 700.0000
247 252 0.7952 700.0000
247 254 0.8777 700.0000
247 282 0.8919 700.0000
247 283 0.8331 700.0000
247 302 0.8819 700.0000
247 303 0.6849 700.0000
247 304 0.6327 700.0000
247 305 0.7207 700.0000
248 250 0.5463 700.0000
248 251 0.7355 700.0000
248 282 0.6120 700.0000
248 283 0.6582 700.0000
248 284 0.8684 700.0000
248 286 0.8951 700.0000
248 303 0.8814 700.0000
248 304 0.7478 700.0000
248 305 0.8869 700.0000
249 251 0.5208 700.0000
249 252 0.8697 700.0000
249 274 0.8857 700.0000
249 282 0.8286 700.0000
250 252 0.6092 700.0000
250 253 0.8668 700.0000
250 270 0.7747 700.0000
250 273 0.7164 700.0000
250 274 0.7536 700.0000
250 277 0.8785 700.0000
250 302 0.8965 700.0000
250 303 0.8917 700.0000
251 253 0.5535 700.0000
251 254 0.6317 700.0000
251 255 0.7628 700.0000
251 258 0.7863 700.0000
251 270 0.8192 700.0000
252 254 0.5286 700.0000
252 255 0.5600 700.0000
252 256 0.7927 700.0000
252 257 0.7566 700.0000
252 258 0.4779 700.0000
252 259 0.5610 700.0000
252 260 0.8477 700.0000
252 261 0.8104 700.0000
252 262 0.7317 700.0000
252 269 0.8957 700.0000
252 270 0.7963 700.0000
253 255 0.4763 700.0000
253 256 0.7124 700.0000
253 257 0.8082 700.0000
253 258 0.6101 700.0000
253 259 0.5471 700.0000
253 260 0.8683 700.0000
253 262 0.8317 700.0000
254 256 0.6273 700.0000
254 257 0.7835 700.0000
254 258 0.6944 700.0000
254 259 0.7139 700.0000
255 257 0.4825 700.0000
255 258 0.4791 700.0000
255 259 0.5486 700.0000
255 260 0.7977 700.0000
256 258 0.4902 700.0000
256 259 0.4930 700.0000
256 260 0.6144 700.0000
256 261 0.8360 700.0000
257 259 0.4664 700.0000
257 260 0.5068 700.0000
257 261 0.6455 700.0000
257 262 0.8420 700.0000
258 260 0.4770 700.0000
258 261 0.4964 700.0000
258 262 0.6113 700.0000
258 263 0.8319 700.0000
259 261 0.4572 700.0000
259 262 0.4799 700.0000
259 263 0.6076 700.0000
259 264 0.8273 700.0000
260 262 0.4814 700.0000
260 263 0.5115 700.0000
260 264 0.6399 700.0000
260 265 0.8272 700.0000
261 263 0.4770 700.0000
261 264 0.4989 700.0000
261 265 0.5830 700.0000
261 266 0.6872 700.0000
261 269 0.8649 700.0000
261 292 0.8910 700.0000
261 294 0.8480 700.0000
261 295 0.8645 700.0000
262 264 0.4624 700.0000
262 265 0.4793 700.0000
262 266 0.4434 700.0000
262 267 0.6620 700.0000
262 268 0.8283 700.0000
262 269 0.7188 700.0000
262 270 0.8578 700.0000
262 294 0.8676 700.0000
263 265 0.5154 700.0000
263 266 0.5250 700.0000
263 267 0.8042 700.0000
263 294 0.8480 700.0000
264 266 0.5180 700.0000
264 267 0.8670 700.0000
264 292 0.8659 700.0000
264 293 0.7890 700.0000
264 294 0.5345 700.0000
264 295 0.6969 700.0000
265 267 0.6470 700.0000
265 268 0.6949 700.0000
265 269 0.7015 700.0000
265 292 0.6376 700.0000
265 293 0.5462 700.0000
265 294 0.4321 700.0000
265 295 0.6306 700.0000
266 268 0.5066 700.0000
266 269 0.5724 700.0000
266 270 0.7593 700.0000
266 292 0.8331 700.0000
266 293 0.7520 700.0000
266 294 0.7205 700.0000
267 269 0.4731 700.0000
267 270 0.5305 700.0000
267 271 0.6540 700.0000
267 272 0.8511 700.0000
268 270 0.4634 700.0000
268 271 0.4840 700.0000
268 272 0.6030 700.0000
268 273 0.8096 700.0000
268 291 0.8264 700.0000
268 292 0.8406 700.0000
268 293 0.8094 700.0000
269 271 0.4814 700.0000
269 272 0.5030 700.0000
269 273 0.6089 700.0000
269 274 0.8239 700.0000
269 290 0.7852 700.0000
269 291 0.6925 700.0000
269 292 0.7506 700.0000
269 293 0.8298 700.0000
270 272 0.4606 700.0000
270 273 0.4797 700.0000
270 274 0.6026 700.0000
270 275 0.8107 700.0000
271 273 0.4729 700.0000
271 274 0.4955 700.0000
271 275 0.6124 700.0000
271 276 0.8273 700.0000
272 274 0.4623 700.0000
272 275 0.4781 700.0000
272 276 0.6032 700.0000
272 277 0.8060 700.0000
272 289 0.7983 700.0000
272 290 0.7449 700.0000
272 291 0.7812 700.0000
273 275 0.4602 700.0000
273 276 0.4825 700.0000
273 277 0.5898 700.0000
273 278 0.8030 700.0000
273 288 0.7879 700.0000
273 289 0.7288 700.0000
273 290 0.7848 700.0000
273 302 0.8913 700.0000
274 276 0.4755 700.0000
274 277 0.4705 700.0000
274 278 0.6121 700.0000
275 277 0.4663 700.0000
275 278 0.4906 700.0000
275 279 0.8449 700.0000
276 278 0.4503 700.0000
276 279 0.7353 700.0000
276 280 0.7378 700.0000
276 288 0.7779 700.0000
276 289 0.7101 700.0000
277 279 0.5397 700.0000
277 280 0.4825 700.0000
277 281 0.7669 700.0000
277 282 0.8106 700.0000
277 288 0.8781 700.0000
278 280 0.4883 700.0000
278 281 0.8377 700.0000
279 281 0.6342 700.0000
279 282 0.8578 700.0000
280 282 0.5576 700.0000
280 283 0.8704 700.0000
281 283 0.5941 700.0000
281 284 0.8785 700.0000
281 286 0.8473 700.0000
282 284 0.6822 700.0000
282 285 0.8307 700.0000
282 286 0.7169 700.0000
282 304 0.8662 700.0000
283 285 0.5166 700.0000
283 286 0.5052 700.0000
283 287 0.8231 700.0000
283 303 0.8590 700.0000
283 304 0.5933 700.0000
283 305 0.7945 700.0000
284 286 0.5375 700.0000
284 303 0.8606 700.0000
284 304 0.5304 700.0000
284 305 0.6397 700.0000
284 306 0.7479 700.0000
284 318 0.7443 700.0000
285 287 0.6196 700.0000
285 302 0.8721 700.0000
285 303 0.6710 700.0000
285 304 0.4544 700.0000
285 305 0.6507 700.0000
285 306 0.8346 700.0000
285 318 0.6279 700.0000
285 319 0.7760 700.0000
285 321 0.7301 700.0000
285 322 0.6641 700.0000
286 288 0.6676 700.0000
286 302 0.6427 700.0000
286 303 0.5309 700.0000
286 304 0.4417 700.0000
286 305 0.7384 700.0000
286 322 0.7698 700.0000
287 289 0.6909 700.0000
287 301 0.7179 700.0000
287 302 0.5115 700.0000
287 303 0.6266 700.0000
287 304 0.7335 700.0000
287 322 0.8275 700.0000
287 325 0.8271 700.0000
287 326 0.8801 700.0000
288 290 0.6598 700.0000
288 300 0.6420 700.0000
288 301 0.5064 700.0000
288 302 0.3645 700.0000
288 303 0.6675 700.0000
289 291 0.6675 700.0000
289 299 0.7760 700.0000
289 300 0.5312 700.0000
289 301 0.6233 700.0000
289 302 0.6458 700.0000
290 292 0.6464 700.0000
290 298 0.7129 700.0000
290 299 0.5348 700.0000
290 300 0.3835 700.0000
290 301 0.6669 700.0000
290 302 0.8066 700.0000
291 293 0.5961 700.0000
291 295 0.8346 700.0000
291 297 0.7939 700.0000
291 298 0.5843 700.0000
291 299 0.5289 700.0000
291 300 0.5283 700.0000
291 301 0.8698 700.0000
292 294 0.5441 700.0000
292 295 0.4694 700.0000
292 296 0.7114 700.0000
292 297 0.5690 700.0000
292 298 0.5435 700.0000
292 299 0.5769 700.0000
292 300 0.6800 700.0000
293 295 0.4365 700.0000
293 296 0.7463 700.0000
293 297 0.6958 700.0000
293 298 0.7330 700.0000
293 299 0.8519 700.0000
294 296 0.6542 700.0000
294 297 0.7457 700.0000
295 297 0.4617 700.0000
295 298 0.7098 700.0000
295 299 0.8182 700.0000
296 298 0.6495 700.0000
296 299 0.8003 700.0000
297 299 0.5255 700.0000
297 300 0.8335 700.0000
298 300 0.6707 700.0000
299 301 0.6692 700.0000
300 302 0.6316 700.0000
301 303 0.6285 700.0000
301 326 0.7940 700.0000
301 339 0.8604 700.0000
302 304 0.6888 700.0000
303 305 0.5756 700.0000
303 322 0.8292 700.0000
304 306 0.6308 700.0000
304 318 0.8399 700.0000
304 319 0.8753 700.0000
304 322 0.8384 700.0000
305 307 0.6339 700.0000
305 315 0.8418 700.0000
305 318 0.7830 700.0000
305 319 0.7864 700.0000
305 343 0.8133 700.0000
305 344 0.7338 700.0000
305 348 0.7968 700.0000
306 308 0.6058 700.0000
306 309 0.8600 700.0000
306 314 0.8377 700.0000
306 315 0.5927 700.0000
306 316 0.8119 700.0000
306 318 0.7321 700.0000
306 319 0.7549 700.0000
306 343 0.8557 700.0000
306 344 0.6698 700.0000
306 347 0.8921 700.0000
306 348 0.6236 700.0000
306 349 0.8383 700.0000
307 309 0.5647 700.0000
307 310 0.8227 700.0000
307 311 0.8327 700.0000
307 312 0.8002 700.0000
307 314 0.8241 700.0000
307 315 0.6019 700.0000
307 316 0.8612 700.0000
307 344 0.7469 700.0000
307 347 0.8270 700.0000
307 348 0.5171 700.0000
307 349 0.6782 700.0000
307 350 0.8106 700.0000
308 310 0.5010 700.0000
308 311 0.5446 700.0000
308 312 0.6125 700.0000
308 313 0.8879 700.0000
308 314 0.8312 700.0000
308 315 0.6121 700.0000
308 316 0.8131 700.0000
308 344 0.8203 700.0000
308 348 0.5979 700.0000
308 349 0.5654 700.0000
308 350 0.6668 700.0000
308 351 0.8750 700.0000
309 311 0.4826 700.0000
309 312 0.5411 700.0000
309 313 0.8581 700.0000
309 314 0.8596 700.0000
309 315 0.7518 700.0000
309 348 0.8513 700.0000
309 349 0.7973 700.0000
310 312 0.5399 700.0000
310 313 0.8767 700.0000
310 315 0.8767 700.0000
310 349 0.8581 700.0000
311 313 0.5964 700.0000
311 314 0.7469 700.0000
311 315 0.6584 700.0000
311 316 0.7210 700.0000
312 314 0.4806 700.0000
312 315 0.4903 700.0000
312 316 0.6016 700.0000
312 317 0.8133 700.0000
313 315 0.4894 700.0000
313 316 0.5148 700.0000
313 317 0.6070 700.0000
313 318 0.8190 700.0000
314 316 0.4719 700.0000
314 317 0.4883 700.0000
314 318 0.5958 700.0000
314 319 0.8105 700.0000
315 317 0.4733 700.0000
315 318 0.4992 700.0000
315 319 0.6124 700.0000
315 320 0.8269 700.0000
316 318 0.4762 700.0000
316 319 0.4926 700.0000
316 320 0.6164 700.0000
316 321 0.8242 700.0000
316 358 0.8985 700.0000
317 319 0.4566 700.0000
317 320 0.4826 700.0000
317 321 0.6033 700.0000
317 322 0.8169 700.0000
318 320 0.4697 700.0000
318 321 0.4811 700.0000
318 322 0.6077 700.0000
318 323 0.8253 700.0000
319 321 0.4628 700.0000
319 322 0.4940 700.0000
319 323 0.6218 700.0000
319 324 0.8224 700.0000
319 358 0.8501 700.0000
319 359 0.8708 700.0000
320 322 0.4748 700.0000
320 323 0.5025 700.0000
320 324 0.6167 700.0000
320 325 0.8279 700.0000
320 358 0.7903 700.0000
320 359 0.7854 700.0000
320 362 0.7334 700.0000
321 323 0.4685 700.0000
321 324 0.4850 700.0000
321 325 0.5993 700.0000
321 326 0.8194 700.0000
322 324 0.4583 700.0000
322 325 0.4882 700.0000
322 326 0.6128 700.0000
322 327 0.8279 700.0000
323 325 0.4820 700.0000
323 326 0.5122 700.0000
323 327 0.6424 700.0000
323 328 0.8416 700.0000
323 359 0.7769 700.0000
323 362 0.7428 700.0000
323 363 0.8355 700.0000
324 326 0.4685 700.0000
324 327 0.4934 700.0000
324 328 0.6119 700.0000
324 329 0.8211 700.0000
324 362 0.7745 700.0000
324 363 0.8366 700.0000
324 366 0.8065 700.0000
325 327 0.4565 700.0000
325 328 0.4723 700.0000
325 329 0.5971 700.0000
325 330 0.8065 700.0000
326 328 0.4770 700.0000
326 329 0.4994 700.0000
326 330 0.6154 700.0000
326 331 0.8301 700.0000
326 338 0.8617 700.0000
327 329 0.4625 700.0000
327 330 0.4822 700.0000
327 331 0.6091 700.0000
327 332 0.8165 700.0000
327 335 0.8735 700.0000
327 337 0.8791 700.0000
327 338 0.8327 700.0000
327 366 0.8898 700.0000
327 375 0.8425 700.0000
328 330 0.4643 700.0000
328 331 0.4876 700.0000
328 332 0.5988 700.0000
328 333 0.8159 700.0000
329 331 0.4624 700.0000
329 332 0.4769 700.0000
329 333 0.6064 700.0000
329 334 0.8105 700.0000
329 335 0.7924 700.0000
330 332 0.4769 700.0000
330 333 0.4792 700.0000
330 334 0.5765 700.0000
330 335 0.4887 700.0000
330 336 0.7279 700.0000
330 337 0.7149 700.0000
330 338 0.8594 700.0000
330 374 0.7888 700.0000
330 375 0.7589 700.0000
331 333 0.4580 700.0000
331 334 0.4875 700.0000
331 335 0.5112 700.0000
331 336 0.7875 700.0000
331 337 0.8945 700.0000
331 372 0.8354 700.0000
331 373 0.7453 700.0000
331 374 0.6378 700.0000
331 375 0.6772 700.0000
332 334 0.5349 700.0000
332 335 0.6985 700.0000
332 374 0.8896 700.0000
333 335 0.5191 700.0000
333 336 0.8886 700.0000
333 374 0.8513 700.0000
334 336 0.6742 700.0000
334 337 0.8588 700.0000
334 373 0.7709 700.0000
334 374 0.5846 700.0000
334 375 0.7731 700.0000
335 337 0.5476 700.0000
335 338 0.8724 700.0000
335 373 0.7776 700.0000
335 374 0.4803 700.0000
335 375 0.5682 700.0000
335 376 0.8098 700.0000
335 377 0.8424 700.0000
336 338 0.6769 700.0000
336 373 0.8488 700.0000
336 374 0.5029 700.0000
336 375 0.4574 700.0000
336 376 0.5126 700.0000
336 377 0.5209 700.0000
336 378 0.8590 700.0000
337 339 0.7049 700.0000
337 374 0.8057 700.0000
337 375 0.6844 700.0000
337 376 0.6676 700.0000
337 377 0.4798 700.0000
337 378 0.6991 700.0000
337 379 0.8086 700.0000
338 340 0.6616 700.0000
338 375 0.8880 700.0000
338 376 0.8046 700.0000
338 377 0.4989 700.0000
338 378 0.4863 700.0000
338 379 0.4885 700.0000
338 380 0.8285 700.0000
339 341 0.6414 700.0000
339 377 0.8328 700.0000
339 378 0.6768 700.0000
339 379 0.4617 700.0000
339 380 0.6766 700.0000
339 381 0.7190 700.0000
340 342 0.6681 700.0000
340 343 0.7988 700.0000
340 378 0.7537 700.0000
340 379 0.4611 700.0000
340 380 0.4790 700.0000
340 381 0.4764 700.0000
340 382 0.8326 700.0000
341 343 0.5288 700.0000
341 344 0.8766 700.0000
341 379 0.7462 700.0000
341 380 0.6280 700.0000
341 381 0.4691 700.0000
341 382 0.7477 700.0000
342 344 0.5776 700.0000
342 345 0.5841 700.0000
342 346 0.7858 700.0000
342 350 0.8684 700.0000
342 352 0.8227 700.0000
342 355 0.7983 700.0000
342 356 0.8895 700.0000
342 380 0.8654 700.0000
342 381 0.6727 700.0000
342 382 0.8081 700.0000
342 389 0.8247 700.0000
343 345 0.5500 700.0000
343 346 0.7300 700.0000
343 348 0.8297 700.0000
343 349 0.8976 700.0000
343 350 0.7553 700.0000
343 352 0.8844 700.0000
343 355 0.7667 700.0000
344 346 0.4627 700.0000
344 347 0.6097 700.0000
344 348 0.4706 700.0000
344 349 0.5545 700.0000
344 350 0.4956 700.0000
344 351 0.7492 700.0000
344 352 0.8539 700.0000
344 355 0.8491 700.0000
345 347 0.6019 700.0000
345 348 0.5743 700.0000
345 349 0.5043 700.0000
345 350 0.4123 700.0000
345 351 0.6131 700.0000
345 352 0.6730 700.0000
345 355 0.8635 700.0000
346 348 0.4701 700.0000
346 349 0.5087 700.0000
346 350 0.5859 700.0000
346 351 0.8425 700.0000
347 349 0.5477 700.0000
347 350 0.7567 700.0000
348 350 0.5569 700.0000
348 351 0.8803 700.0000
349 351 0.5945 700.0000
349 352 0.8652 700.0000
350 352 0.5817 700.0000
350 353 0.8055 700.0000
350 354 0.7383 700.0000
350 355 0.7379 700.0000
351 353 0.5061 700.0000
351 354 0.4924 700.0000
351 355 0.5870 700.0000
351 356 0.8199 700.0000
352 354 0.4740 700.0000
352 355 0.4921 700.0000
352 356 0.6082 700.0000
352 357 0.8212 700.0000
352 388 0.7085 700.0000
352 389 0.6332 700.0000
352 390 0.8910 700.0000
352 391 0.8507 700.0000
352 392 0.6407 700.0000
352 393 0.8488 700.0000
353 355 0.4643 700.0000
353 356 0.4941 700.0000
353 357 0.6114 700.0000
353 358 0.8123 700.0000
353 388 0.8728 700.0000
353 389 0.7879 700.0000
353 391 0.8480 700.0000
353 392 0.5705 700.0000
353 393 0.7723 700.0000
353 396 0.8862 700.0000
354 356 0.4780 700.0000
354 357 0.4951 700.0000
354 358 0.5984 700.0000
354 359 0.8258 700.0000
354 392 0.8476 700.0000
355 357 0.4586 700.0000
355 358 0.4765 700.0000
355 359 0.6038 700.0000
355 360 0.8009 700.0000
355 392 0.8407 700.0000
355 393 0.8981 700.0000
356 358 0.4737 700.0000
356 359 0.5195 700.0000
356 360 0.6076 700.0000
356 361 0.8074 700.0000
356 389 0.8565 700.0000
356 392 0.6655 700.0000
356 393 0.6428 700.0000
356 396 0.7502 700.0000
357 359 0.4898 700.0000
357 360 0.5053 700.0000
357 361 0.5929 700.0000
357 362 0.8193 700.0000
357 392 0.8679 700.0000
357 393 0.8430 700.0000
357 396 0.7581 700.0000
358 360 0.4723 700.0000
358 361 0.4851 700.0000
358 362 0.6103 700.0000
358 363 0.8259 700.0000
359 361 0.4620 700.0000
359 362 0.4873 700.0000
359 363 0.6147 700.0000
359 364 0.8220 700.0000
360 362 0.4686 700.0000
360 363 0.4948 700.0000
360 364 0.6185 700.0000
360 365 0.8210 700.0000
360 396 0.8851 700.0000
361 363 0.4716 700.0000
361 364 0.4920 700.0000
361 365 0.6041 700.0000
361 366 0.8149 700.0000
362 364 0.4610 700.0000
362 365 0.4735 700.0000
362 366 0.5898 700.0000
362 367 0.8060 700.0000
363 365 0.4650 700.0000
363 366 0.4888 700.0000
363 367 0.6023 700.0000
363 368 0.8153 700.0000
363 378 0.8998 700.0000
364 366 0.4730 700.0000
364 367 0.4939 700.0000
364 368 0.6065 700.0000
364 369 0.8328 700.0000
365 367 0.4751 700.0000
365 368 0.4866 700.0000
365 369 0.6101 700.0000
365 370 0.7648 700.0000
366 368 0.4728 700.0000
366 369 0.4919 700.0000
366 370 0.5383 700.0000
366 371 0.8518 700.0000
367 369 0.4970 700.0000
367 370 0.4376 700.0000
367 371 0.7061 700.0000
367 372 0.7594 700.0000
368 370 0.4664 700.0000
368 371 0.7787 700.0000
369 371 0.6563 700.0000
369 372 0.8958 700.0000
370 372 0.5742 700.0000
371 373 0.6473 700.0000
371 374 0.8910 700.0000
371 375 0.8638 700.0000
372 374 0.5893 700.0000
372 375 0.5792 700.0000
372 376 0.8463 700.0000
373 375 0.5288 700.0000
373 376 0.8345 700.0000
374 376 0.6061 700.0000
374 377 0.8242 700.0000
375 377 0.5819 700.0000
376 378 0.6645 700.0000
377 379 0.6646 700.0000
378 380 0.6609 700.0000
379 381 0.6188 700.0000
380 382 0.6195 700.0000
380 393 0.8932 700.0000
381 383 0.6553 700.0000
381 389 0.8946 700.0000
382 384 0.5955 700.0000
382 385 0.7887 700.0000
382 386 0.6583 700.0000
382 387 0.8813 700.0000
382 389 0.7489 700.0000
382 390 0.7421 700.0000
383 385 0.4909 700.0000
383 386 0.4558 700.0000
383 387 0.7456 700.0000
383 389 0.7773 700.0000
383 390 0.7965 700.0000
384 386 0.4759 700.0000
384 387 0.6889 700.0000
384 390 0.8462 700.0000
385 387 0.5654 700.0000
385 388 0.8152 700.0000
385 389 0.8730 700.0000
385 390 0.8950 700.0000
386 388 0.5115 700.0000
386 389 0.5386 700.0000
386 390 0.6078 700.0000
386 391 0.8311 700.0000
387 389 0.4790 700.0000
387 390 0.4805 700.0000
387 391 0.5987 700.0000
387 392 0.8208 700.0000
388 390 0.4641 700.0000
388 391 0.4878 700.0000
388 392 0.6082 700.0000
388 393 0.8212 700.0000
389 391 0.4529 700.0000
389 392 0.4838 700.0000
389 393 0.6035 700.0000
389 394 0.7990 700.0000
390 392 0.4834 700.0000
390 393 0.5054 700.0000
390 394 0.5951 700.0000
390 395 0.8168 700.0000
391 393 0.4652 700.0000
391 394 0.4797 700.0000
391 395 0.6018 700.0000
391 396 0.8121 700.0000
392 394 0.4826 700.0000
392 395 0.5097 700.0000
392 396 0.6210 700.0000
392 397 0.8266 700.0000
393 395 0.4683 700.0000
393 396 0.4856 700.0000
393 397 0.6009 700.0000
393 398 0.8130 700.0000
394 396 0.4690 700.0000
394 397 0.4837 700.0000
394 398 0.6006 700.0000
394 399 0.8118 700.0000
395 397 0.4603 700.0000
395 398 0.4816 700.0000
395 399 0.6000 700.0000
395 400 0.8200 700.0000
396 398 0.4696 700.0000
396 399 0.4873 700.0000
396 400 0.6151 700.0000
396 401 0.8162 700.0000
397 399 0.4626 700.0000
397 400 0.4892 700.0000
397 401 0.5975 700.0000
398 400 0.4702 700.0000
398 401 0.4866 700.0000
399 401 0.4802 700.0000
427 429 0.5179 700.0000
427 430 0.4105 700.0000
427 431 0.7108 700.0000
428 430 0.4859 700.0000
428 431 0.8502 700.0000
428 443 0.8687 700.0000
428 444 0.7641 700.0000
429 431 0.6506 700.0000
429 442 0.6718 700.0000
429 443 0.5703 700.0000
429 444 0.5221 700.0000
429 445 0.8919 700.0000
429 581 0.8936 700.0000
429 587 0.8367 700.0000
430 432 0.6876 700.0000
430 441 0.7999 700.0000
430 442 0.5283 700.0000
430 443 0.6163 700.0000
430 444 0.7200 700.0000
431 433 0.6940 700.0000
431 440 0.6791 700.0000
431 441 0.5261 700.0000
431 442 0.3689 700.0000
431 443 0.6668 700.0000
431 579 0.8289 700.0000
431 590 0.8742 700.0000
431 591 0.7894 700.0000
432 434 0.7027 700.0000
432 439 0.7911 700.0000
432 440 0.5368 700.0000
432 441 0.6139 700.0000
432 442 0.6655 700.0000
432 591 0.8989 700.0000
432 594 0.8403 700.0000
433 435 0.6479 700.0000
433 436 0.8393 700.0000
433 438 0.6761 700.0000
433 439 0.5483 700.0000
433 440 0.3721 700.0000
433 441 0.6589 700.0000
433 442 0.8698 700.0000
433 577 0.8524 700.0000
433 594 0.8302 700.0000
434 436 0.5271 700.0000
434 437 0.7094 700.0000
434 438 0.5330 700.0000
434 439 0.6040 700.0000
434 440 0.5804 700.0000
434 597 0.8840 700.0000
434 598 0.8803 700.0000
435 437 0.4901 700.0000
435 438 0.3668 700.0000
435 439 0.6105 700.0000
435 440 0.6995 700.0000
435 559 0.8989 700.0000
435 562 0.7228 700.0000
435 563 0.7124 700.0000
435 566 0.7729 700.0000
435 575 0.8680 700.0000
436 438 0.4524 700.0000
436 439 0.7684 700.0000
436 563 0.8498 700.0000
436 566 0.7468 700.0000
437 439 0.6413 700.0000
437 566 0.7884 700.0000
437 571 0.6957 700.0000
437 572 0.8148 700.0000
437 574 0.7140 700.0000
437 575 0.5989 700.0000
437 576 0.8560 700.0000
438 440 0.6094 700.0000
438 562 0.8343 700.0000
438 566 0.8808 700.0000
438 571 0.8575 700.0000
438 574 0.7294 700.0000
438 575 0.5113 700.0000
438 576 0.6528 700.0000
438 577 0.7313 700.0000
439 441 0.6376 700.0000
439 537 0.8854 700.0000
439 574 0.8264 700.0000
439 575 0.5027 700.0000
439 576 0.4741 700.0000
439 577 0.4741 700.0000
439 578 0.8043 700.0000
440 442 0.6882 700.0000
440 575 0.8361 700.0000
440 576 0.7040 700.0000
440 577 0.4879 700.0000
440 578 0.6978 700.0000
440 579 0.8213 700.0000
441 443 0.6733 700.0000
441 537 0.8714 700.0000
441 539 0.8774 700.0000
441 576 0.7967 700.0000
441 577 0.4800 700.0000
441 578 0.4624 700.0000
441 579 0.4856 700.0000
441 580 0.8306 700.0000
442 444 0.6869 700.0000
442 577 0.8219 700.0000
442 578 0.6651 700.0000
442 579 0.4718 700.0000
442 580 0.7012 700.0000
442 581 0.7884 700.0000
442 587 0.7644 700.0000
442 590 0.7865 700.0000
442 591 0.8380 700.0000
443 445 0.5824 700.0000
443 446 0.8333 700.0000
443 539 0.8885 700.0000
443 578 0.7619 700.0000
443 579 0.4805 700.0000
443 580 0.4870 700.0000
443 581 0.4740 700.0000
443 582 0.7815 700.0000
443 583 0.8578 700.0000
443 587 0.7249 700.0000
444 446 0.6909 700.0000
444 579 0.7704 700.0000
444 580 0.6334 700.0000
444 581 0.4574 700.0000
444 582 0.6311 700.0000
444 583 0.7641 700.0000
444 584 0.8196 700.0000
444 587 0.8370 700.0000
445 447 0.6439 700.0000
445 448 0.8748 700.0000
445 449 0.8564 700.0000
445 579 0.8409 700.0000
445 580 0.5653 700.0000
445 581 0.4074 700.0000
445 582 0.4951 700.0000
445 583 0.7655 700.0000
446 448 0.5146 700.0000
446 449 0.5350 700.0000
446 450 0.6907 700.0000
446 580 0.6788 700.0000
446 581 0.6850 700.0000
446 582 0.7714 700.0000
447 449 0.4756 700.0000
447 450 0.5103 700.0000
447 451 0.8217 700.0000
447 455 0.8603 700.0000
447 456 0.8296 700.0000
447 469 0.8377 700.0000
447 472 0.8254 700.0000
447 473 0.8063 700.0000
447 538 0.7714 700.0000
447 539 0.7496 700.0000
447 540 0.8679 700.0000
447 579 0.8984 700.0000
447 580 0.6682 700.0000
447 581 0.8310 700.0000
448 450 0.4710 700.0000
448 451 0.8263 700.0000
448 472 0.7387 700.0000
448 473 0.7001 700.0000
448 476 0.7408 700.0000
448 503 0.8620 700.0000
448 504 0.7289 700.0000
448 505 0.7466 700.0000
449 451 0.6473 700.0000
449 504 0.8306 700.0000
449 505 0.7165 700.0000
450 452 0.6358 700.0000
450 454 0.8748 700.0000
450 455 0.8880 700.0000
450 504 0.7580 700.0000
450 505 0.5375 700.0000
450 506 0.8208 700.0000
450 538 0.8110 700.0000
451 453 0.7035 700.0000
451 454 0.7329 700.0000
451 455 0.8932 700.0000
451 504 0.8735 700.0000
451 505 0.5286 700.0000
451 506 0.7382 700.0000
451 536 0.7826 700.0000
451 537 0.7769 700.0000
451 538 0.7747 700.0000
452 454 0.4407 700.0000
452 455 0.6933 700.0000
452 504 0.8337 700.0000
452 505 0.5052 700.0000
452 506 0.5185 700.0000
452 507 0.7076 700.0000
452 508 0.7335 700.0000
452 535 0.8136 700.0000
452 536 0.5439 700.0000
452 537 0.6351 700.0000
452 538 0.6940 700.0000
453 455 0.6467 700.0000
453 505 0.6945 700.0000
453 506 0.5171 700.0000
453 507 0.5145 700.0000
453 508 0.5303 700.0000
453 509 0.8315 700.0000
453 529 0.8740 700.0000
453 534 0.7046 700.0000
453 535 0.7012 700.0000
453 536 0.4793 700.0000
453 537 0.6595 700.0000
453 538 0.7670 700.0000
454 456 0.6644 700.0000
454 505 0.7678 700.0000
454 506 0.6394 700.0000
454 507 0.6692 700.0000
454 508 0.5041 700.0000
454 509 0.6728 700.0000
454 510 0.7496 700.0000
454 529 0.8807 700.0000
454 534 0.8450 700.0000
454 535 0.8162 700.0000
454 536 0.5150 700.0000
454 537 0.4847 700.0000
454 538 0.4787 700.0000
454 539 0.8269 700.0000
454 578 0.8839 700.0000
455 457 0.6529 700.0000
455 499 0.8610 700.0000
455 500 0.8896 700.0000
455 501 0.8074 700.0000
455 505 0.8308 700.0000
455 506 0.7284 700.0000
455 507 0.7802 700.0000
455 508 0.5108 700.0000
455 509 0.4866 700.0000
455 510 0.5011 700.0000
455 511 0.8290 700.0000
455 536 0.8458 700.0000
455 537 0.6914 700.0000
455 538 0.4728 700.0000
455 539 0.7016 700.0000
456 458 0.6713 700.0000
456 469 0.8904 700.0000
456 473 0.8794 700.0000
456 508 0.8256 700.0000
456 509 0.6602 700.0000
456 510 0.4758 700.0000
456 511 0.6846 700.0000
456 512 0.7528 700.0000
456 537 0.8267 700.0000
456 538 0.5142 700.0000
456 539 0.5262 700.0000
456 540 0.6320 700.0000
457 459 0.6150 700.0000
457 460 0.8898 700.0000
457 469 0.7739 700.0000
457 470 0.7051 700.0000
457 473 0.8451 700.0000
457 497 0.8383 700.0000
457 509 0.7355 700.0000
457 510 0.4740 700.0000
457 511 0.4702 700.0000
457 512 0.4644 700.0000
457 513 0.7530 700.0000
457 514 0.8679 700.0000
457 538 0.8631 700.0000
457 539 0.7827 700.0000
457 540 0.7398 700.0000
457 542 0.8622 700.0000
458 460 0.6801 700.0000
458 463 0.8659 700.0000
458 465 0.7504 700.0000
458 467 0.8030 700.0000
458 468 0.8229 700.0000
458 469 0.6351 700.0000
458 470 0.5869 700.0000
458 471 0.8912 700.0000
458 510 0.8161 700.0000
458 511 0.6836 700.0000
458 512 0.4931 700.0000
458 513 0.6220 700.0000
458 514 0.6190 700.0000
458 540 0.7672 700.0000
458 541 0.8038 700.0000
458 542 0.7115 700.0000
458 543 0.7529 700.0000
458 545 0.8963 700.0000
459 461 0.6631 700.0000
459 462 0.7575 700.0000
459 463 0.6391 700.0000
459 464 0.7369 700.0000
459 465 0.6264 700.0000
459 467 0.8399 700.0000
459 469 0.8836 700.0000
459 470 0.7481 700.0000
459 511 0.6995 700.0000
459 512 0.4624 700.0000
459 513 0.4666 700.0000
459 514 0.5247 700.0000
459 515 0.7808 700.0000
459 543 0.8290 700.0000
459 546 0.8532 700.0000
460 462 0.4682 700.0000
460 463 0.4844 700.0000
460 464 0.6141 700.0000
460 465 0.6295 700.0000
460 495 0.8976 700.0000
460 511 0.8230 700.0000
460 512 0.6368 700.0000
460 513 0.5718 700.0000
460 514 0.6923 700.0000
460 515 0.8237 700.0000
461 463 0.5660 700.0000
461 464 0.7752 700.0000
461 489 0.8241 700.0000
461 494 0.7652 700.0000
461 495 0.7843 700.0000
461 496 0.8947 700.0000
461 512 0.8122 700.0000
461 513 0.7107 700.0000
462 464 0.5240 700.0000
462 465 0.7492 700.0000
462 485 0.7899 700.0000
462 486 0.7737 700.0000
462 489 0.6648 700.0000
463 465 0.5657 700.0000
463 482 0.8010 700.0000
463 485 0.6072 700.0000
463 486 0.7072 700.0000
463 488 0.8835 700.0000
463 489 0.7515 700.0000
463 497 0.8751 700.0000
463 511 0.7769 700.0000
463 512 0.8070 700.0000
464 466 0.6225 700.0000
464 467 0.8277 700.0000
464 470 0.7987 700.0000
464 471 0.8772 700.0000
464 482 0.8150 700.0000
464 485 0.8260 700.0000
464 486 0.8718 700.0000
465 467 0.5228 700.0000
465 468 0.7812 700.0000
465 469 0.8110 700.0000
465 470 0.5465 700.0000
465 471 0.6429 700.0000
465 474 0.8465 700.0000
466 468 0.6100 700.0000
466 469 0.7712 700.0000
466 470 0.5824 700.0000
466 471 0.5151 700.0000
466 472 0.8241 700.0000
466 474 0.8656 700.0000
467 469 0.5298 700.0000
467 470 0.4731 700.0000
467 471 0.5021 700.0000
467 472 0.7617 700.0000
467 545 0.8917 700.0000
467 546 0.8405 700.0000
468 470 0.4774 700.0000
468 471 0.5002 700.0000
468 472 0.6403 700.0000
468 473 0.8475 700.0000
468 545 0.8493 700.0000
469 471 0.4660 700.0000
469 472 0.4972 700.0000
469 473 0.6155 700.0000
469 474 0.8275 700.0000
469 540 0.8818 700.0000
470 472 0.4703 700.0000
470 473 0.4941 700.0000
470 474 0.6042 700.0000
470 475 0.8103 700.0000
471 473 0.4659 700.0000
471 474 0.4955 700.0000
471 475 0.5988 700.0000
471 476 0.8057 700.0000
472 474 0.4821 700.0000
472 475 0.5018 700.0000
472 476 0.5998 700.0000
472 477 0.8097 700.0000
473 475 0.4780 700.0000
473 476 0.4883 700.0000
473 477 0.5882 700.0000
473 478 0.7476 700.0000
473 503 0.8871 700.0000
473 504 0.8754 700.0000
474 476 0.4706 700.0000
474 477 0.4814 700.0000
474 478 0.5022 700.0000
474 479 0.7542 700.0000
474 480 0.8852 700.0000
474 481 0.7211 700.0000
474 482 0.7585 700.0000
475 477 0.4863 700.0000
475 478 0.5036 700.0000
475 479 0.7864 700.0000
475 503 0.8462 700.0000
476 478 0.5280 700.0000
476 479 0.8797 700.0000
476 501 0.8362 700.0000
476 502 0.7435 700.0000
476 503 0.5470 700.0000
476 504 0.6820 700.0000
477 479 0.6621 700.0000
477 480 0.7148 700.0000
477 481 0.6643 700.0000
477 482 0.8616 700.0000
477 500 0.8117 700.0000
477 501 0.5933 700.0000
477 502 0.4904 700.0000
477 503 0.4606 700.0000
477 504 0.6118 700.0000
478 480 0.5007 700.0000
478 481 0.5224 700.0000
478 482 0.6498 700.0000
478 483 0.8655 700.0000
478 501 0.7988 700.0000
478 502 0.6738 700.0000
478 503 0.7216 700.0000
479 481 0.4722 700.0000
479 482 0.4920 700.0000
479 483 0.6172 700.0000
479 484 0.8244 700.0000
480 482 0.4691 700.0000
480 483 0.4917 700.0000
480 484 0.6120 700.0000
480 485 0.8215 700.0000
480 500 0.7842 700.0000
480 501 0.8713 700.0000
480 502 0.7860 700.0000
481 483 0.4592 700.0000
481 484 0.4783 700.0000
481 485 0.6038 700.0000
481 486 0.8182 700.0000
481 499 0.7271 700.0000
481 500 0.6504 700.0000
481 501 0.7710 700.0000
481 502 0.7891 700.0000
482 484 0.4679 700.0000
482 485 0.4912 700.0000
482 486 0.6156 700.0000
482 487 0.8296 700.0000
483 485 0.4606 700.0000
483 486 0.4847 700.0000
483 487 0.6127 700.0000
483 488 0.8245 700.0000
484 486 0.4662 700.0000
484 487 0.4930 700.0000
484 488 0.6099 700.0000
484 489 0.8159 700.0000
484 498 0.7740 700.0000
484 499 0.7578 700.0000
484 500 0.8360 700.0000
485 487 0.4707 700.0000
485 488 0.4980 700.0000
485 489 0.6015 700.0000
485 490 0.8400 700.0000
485 497 0.7816 700.0000
485 498 0.7720 700.0000
485 499 0.8417 700.0000
486 488 0.4849 700.0000
486 489 0.5032 700.0000
486 490 0.6464 700.0000
486 491 0.8862 700.0000
487 489 0.4830 700.0000
487 490 0.5168 700.0000
487 491 0.6722 700.0000
487 492 0.8357 700.0000
488 490 0.4697 700.0000
488 491 0.5228 700.0000
488 492 0.5854 700.0000
488 493 0.8741 700.0000
488 494 0.8451 700.0000
488 496 0.8829 700.0000
488 497 0.7942 700.0000
488 498 0.8187 700.0000
489 491 0.5205 700.0000
489 492 0.4891 700.0000
489 493 0.7327 700.0000
489 494 0.7336 700.0000
489 496 0.8904 700.0000
490 492 0.4902 700.0000
490 493 0.8066 700.0000
491 493 0.6890 700.0000
491 494 0.8677 700.0000
492 494 0.5436 700.0000
492 495 0.8981 700.0000
492 496 0.8553 700.0000
493 495 0.6878 700.0000
493 496 0.7682 700.0000
494 496 0.4488 700.0000
494 497 0.7545 700.0000
495 497 0.6812 700.0000
495 511 0.7053 700.0000
495 512 0.6489 700.0000
495 513 0.6394 700.0000
495 516 0.8881 700.0000
495 521 0.8141 700.0000
496 498 0.7173 700.0000
496 510 0.7690 700.0000
496 511 0.5194 700.0000
496 512 0.6363 700.0000
496 513 0.7855 700.0000
496 521 0.8959 700.0000
496 524 0.9000 700.0000
497 499 0.6654 700.0000
497 509 0.6586 700.0000
497 510 0.5323 700.0000
497 511 0.3855 700.0000
497 512 0.6861 700.0000
498 500 0.6582 700.0000
498 508 0.7639 700.0000
498 509 0.5297 700.0000
498 510 0.6284 700.0000
498 511 0.6667 700.0000
499 501 0.6304 700.0000
499 502 0.8598 700.0000
499 507 0.7068 700.0000
499 508 0.5306 700.0000
499 509 0.3857 700.0000
499 510 0.6697 700.0000
499 511 0.8237 700.0000
500 502 0.5613 700.0000
500 503 0.8855 700.0000
500 504 0.8250 700.0000
500 506 0.7335 700.0000
500 507 0.5735 700.0000
500 508 0.5092 700.0000
500 509 0.5118 700.0000
500 510 0.8562 700.0000
501 503 0.5480 700.0000
501 504 0.4609 700.0000
501 505 0.6826 700.0000
501 506 0.4877 700.0000
501 507 0.5223 700.0000
501 508 0.5251 700.0000
501 509 0.6321 700.0000
502 504 0.4425 700.0000
502 505 0.7570 700.0000
502 506 0.6468 700.0000
502 507 0.7341 700.0000
502 508 0.8113 700.0000
503 505 0.6498 700.0000
503 506 0.7177 700.0000
504 506 0.4617 700.0000
504 507 0.7436 700.0000
504 508 0.8034 700.0000
505 507 0.6917 700.0000
505 508 0.7819 700.0000
506 508 0.4917 700.0000
506 509 0.7909 700.0000
507 509 0.6686 700.0000
508 510 0.6593 700.0000
509 511 0.6386 700.0000
510 512 0.6228 700.0000
510 525 0.8034 700.0000
510 538 0.8602 700.0000
511 513 0.6855 700.0000
512 514 0.6144 700.0000
512 515 0.8496 700.0000
512 516 0.8229 700.0000
512 521 0.7663 700.0000
512 542 0.8770 700.0000
513 515 0.5096 700.0000
513 516 0.5116 700.0000
513 517 0.7144 700.0000
513 518 0.8205 700.0000
513 521 0.7750 700.0000
513 542 0.8133 700.0000
513 543 0.8016 700.0000
514 516 0.4582 700.0000
514 517 0.7115 700.0000
514 518 0.7906 700.0000
514 541 0.8784 700.0000
514 542 0.5994 700.0000
514 543 0.4734 700.0000
514 544 0.7942 700.0000
514 545 0.8015 700.0000
514 546 0.7439 700.0000
514 547 0.6049 700.0000
514 548 0.8475 700.0000
514 549 0.8506 700.0000
515 517 0.6117 700.0000
515 518 0.8211 700.0000
515 542 0.8478 700.0000
515 543 0.6695 700.0000
515 546 0.8583 700.0000
515 547 0.6192 700.0000
515 548 0.8430 700.0000
515 549 0.8709 700.0000
516 518 0.5761 700.0000
516 519 0.8242 700.0000
516 520 0.7905 700.0000
516 521 0.7805 700.0000
516 542 0.8300 700.0000
516 543 0.7693 700.0000
516 547 0.8541 700.0000
517 519 0.5211 700.0000
517 520 0.5134 700.0000
517 521 0.5969 700.0000
517 522 0.8333 700.0000
517 542 0.8829 700.0000
517 557 0.8656 700.0000
518 520 0.4604 700.0000
518 521 0.4809 700.0000
518 522 0.6026 700.0000
518 523 0.8038 700.0000
518 542 0.7122 700.0000
518 543 0.8857 700.0000
518 553 0.8528 700.0000
518 554 0.7052 700.0000
518 555 0.8968 700.0000
518 556 0.8690 700.0000
518 557 0.5812 700.0000
518 558 0.6962 700.0000
518 561 0.8578 700.0000
519 521 0.4723 700.0000
519 522 0.4969 700.0000
519 523 0.5999 700.0000
519 524 0.8219 700.0000
519 554 0.8545 700.0000
519 556 0.8505 700.0000
519 557 0.5311 700.0000
519 558 0.6283 700.0000
519 559 0.8350 700.0000
519 560 0.7117 700.0000
519 561 0.6070 700.0000
520 522 0.4687 700.0000
520 523 0.4814 700.0000
520 524 0.6156 700.0000
520 525 0.8278 700.0000
520 557 0.8409 700.0000
520 558 0.8973 700.0000
520 561 0.7854 700.0000
521 523 0.4685 700.0000
521 524 0.4968 700.0000
521 525 0.6274 700.0000
521 526 0.8388 700.0000
521 558 0.8932 700.0000
521 561 0.8740 700.0000
522 524 0.4579 700.0000
522 525 0.4823 700.0000
522 526 0.6128 700.0000
522 527 0.8210 700.0000
522 557 0.8241 700.0000
522 558 0.7073 700.0000
522 560 0.8924 700.0000
522 561 0.6420 700.0000
522 562 0.8260 700.0000
523 525 0.4670 700.0000
523 526 0.4957 700.0000
523 527 0.6158 700.0000
523 528 0.8282 700.0000
523 558 0.8966 700.0000
523 561 0.6369 700.0000
523 562 0.8086 700.0000
523 564 0.8857 700.0000
523 565 0.8251 700.0000
524 526 0.4695 700.0000
524 527 0.4900 700.0000
524 528 0.6119 700.0000
524 529 0.8194 700.0000
525 527 0.4676 700.0000
525 528 0.4922 700.0000
525 529 0.6105 700.0000
525 530 0.8209 700.0000
526 528 0.4743 700.0000
526 529 0.4908 700.0000
526 530 0.6128 700.0000
526 531 0.8335 700.0000
526 534 0.8282 700.0000
526 561 0.8887 700.0000
526 562 0.8858 700.0000
526 565 0.8359 700.0000
526 570 0.8521 700.0000
526 574 0.8163 700.0000
527 529 0.4666 700.0000
527 530 0.4893 700.0000
527 531 0.6180 700.0000
527 532 0.8258 700.0000
527 534 0.8884 700.0000
527 570 0.8299 700.0000
528 530 0.4657 700.0000
528 531 0.4931 700.0000
528 532 0.6145 700.0000
528 533 0.7987 700.0000
528 534 0.7688 700.0000
529 531 0.4750 700.0000
529 532 0.4653 700.0000
529 533 0.5397 700.0000
529 534 0.4599 700.0000
529 535 0.7471 700.0000
529 536 0.7930 700.0000
529 573 0.7444 700.0000
529 574 0.7676 700.0000
530 532 0.4535 700.0000
530 533 0.4885 700.0000
530 534 0.5364 700.0000
530 535 0.8424 700.0000
530 570 0.7877 700.0000
530 571 0.8270 700.0000
530 572 0.7428 700.0000
530 573 0.6309 700.0000
530 574 0.7354 700.0000
531 533 0.5576 700.0000
531 534 0.7255 700.0000
531 573 0.8952 700.0000
532 534 0.5252 700.0000
532 535 0.8971 700.0000
532 573 0.8352 700.0000
533 535 0.6580 700.0000
533 536 0.8552 700.0000
533 572 0.8136 700.0000
533 573 0.5707 700.0000
533 574 0.7729 700.0000
534 536 0.5494 700.0000
534 537 0.8568 700.0000
534 572 0.7907 700.0000
534 573 0.4835 700.0000
534 574 0.5693 700.0000
534 575 0.8017 700.0000
534 576 0.8271 700.0000
535 537 0.6609 700.0000
535 572 0.8311 700.0000
535 573 0.5160 700.0000
535 574 0.4599 700.0000
535 575 0.5021 700.0000
535 576 0.5071 700.0000
535 577 0.8449 700.0000
536 538 0.6870 700.0000
536 573 0.8242 700.0000
536 574 0.7056 700.0000
536 575 0.6727 700.0000
536 576 0.4819 700.0000
536 577 0.7053 700.0000
536 578 0.8161 700.0000
537 539 0.6646 700.0000
537 574 0.8890 700.0000
537 575 0.8000 700.0000
537 576 0.4907 700.0000
537 577 0.4818 700.0000
537 578 0.4818 700.0000
537 579 0.8154 700.0000
538 540 0.6855 700.0000
538 576 0.8348 700.0000
538 577 0.6966 700.0000
538 578 0.4767 700.0000
538 579 0.6802 700.0000
538 580 0.7587 700.0000
539 541 0.6690 700.0000
539 542 0.8251 700.0000
539 577 0.7912 700.0000
539 578 0.4829 700.0000
539 579 0.4785 700.0000
539 580 0.4866 700.0000
539 581 0.8407 700.0000
540 542 0.5334 700.0000
540 543 0.8404 700.0000
540 578 0.7447 700.0000
540 579 0.5983 700.0000
540 580 0.4861 700.0000
540 581 0.7471 700.0000
541 543 0.5643 700.0000
541 544 0.5856 700.0000
541 545 0.7819 700.0000
541 549 0.8594 700.0000
541 551 0.7930 700.0000
541 554 0.7276 700.0000
541 555 0.8616 700.0000
541 579 0.8005 700.0000
541 580 0.6637 700.0000
541 581 0.7753 700.0000
541 586 0.8790 700.0000
542 544 0.5618 700.0000
542 545 0.7498 700.0000
542 547 0.8364 700.0000
542 548 0.8867 700.0000
542 549 0.7264 700.0000
542 550 0.8300 700.0000
542 551 0.8137 700.0000
542 553 0.8894 700.0000
542 554 0.6464 700.0000
542 555 0.8662 700.0000
543 545 0.4631 700.0000
543 546 0.6019 700.0000
543 547 0.4743 700.0000
543 548 0.5514 700.0000
543 549 0.4830 700.0000
543 550 0.7201 700.0000
543 551 0.8332 700.0000
543 554 0.8160 700.0000
544 546 0.5881 700.0000
544 547 0.5554 700.0000
544 548 0.4844 700.0000
544 549 0.4308 700.0000
544 550 0.6422 700.0000
544 551 0.7167 700.0000
544 554 0.8874 700.0000
545 547 0.4701 700.0000
545 548 0.5134 700.0000
545 549 0.6202 700.0000
545 550 0.8941 700.0000
546 548 0.5484 700.0000
546 549 0.7630 700.0000
547 549 0.5333 700.0000
547 550 0.8665 700.0000
548 550 0.6128 700.0000
548 551 0.8790 700.0000
549 551 0.6004 700.0000
549 552 0.8205 700.0000
549 553 0.7545 700.0000
549 554 0.7752 700.0000
550 552 0.5051 700.0000
550 553 0.4998 700.0000
550 554 0.6018 700.0000
550 555 0.8317 700.0000
551 553 0.4731 700.0000
551 554 0.4831 700.0000
551 555 0.6087 700.0000
551 556 0.8165 700.0000
551 585 0.8925 700.0000
551 586 0.6920 700.0000
551 589 0.6894 700.0000
551 590 0.8237 700.0000
552 554 0.4601 700.0000
552 555 0.4884 700.0000
552 556 0.6066 700.0000
552 557 0.8153 700.0000
552 586 0.8674 700.0000
552 589 0.6616 700.0000
552 590 0.7677 700.0000
552 593 0.8375 700.0000
553 555 0.4731 700.0000
553 556 0.4912 700.0000
553 557 0.5965 700.0000
553 558 0.8191 700.0000
554 556 0.4613 700.0000
554 557 0.4846 700.0000
554 558 0.6102 700.0000
554 559 0.8202 700.0000
554 590 0.8862 700.0000
555 557 0.4753 700.0000
555 558 0.5061 700.0000
555 559 0.6201 700.0000
555 560 0.8161 700.0000
555 589 0.7606 700.0000
555 590 0.6557 700.0000
555 593 0.7259 700.0000
556 558 0.4711 700.0000
556 559 0.4966 700.0000
556 560 0.5949 700.0000
556 561 0.8169 700.0000
556 590 0.8726 700.0000
556 593 0.7671 700.0000
557 559 0.4776 700.0000
557 560 0.4859 700.0000
557 561 0.6081 700.0000
557 562 0.8310 700.0000
558 560 0.4703 700.0000
558 561 0.4997 700.0000
558 562 0.6369 700.0000
558 563 0.8321 700.0000
559 561 0.4667 700.0000
559 562 0.4922 700.0000
559 563 0.6084 700.0000
559 564 0.8233 700.0000
560 562 0.4625 700.0000
560 563 0.4802 700.0000
560 564 0.6004 700.0000
560 565 0.8090 700.0000
561 563 0.4707 700.0000
561 564 0.4989 700.0000
561 565 0.6098 700.0000
561 566 0.8290 700.0000
562 564 0.4710 700.0000
562 565 0.4848 700.0000
562 566 0.6142 700.0000
562 567 0.8214 700.0000
563 565 0.4624 700.0000
563 566 0.4927 700.0000
563 567 0.6031 700.0000
563 568 0.8180 700.0000
564 566 0.4715 700.0000
564 567 0.4898 700.0000
564 568 0.6062 700.0000
564 569 0.8196 700.0000
564 570 0.8449 700.0000
565 567 0.4896 700.0000
565 568 0.4979 700.0000
565 569 0.5971 700.0000
565 570 0.5459 700.0000
565 571 0.6667 700.0000
566 568 0.4615 700.0000
566 569 0.4880 700.0000
566 570 0.5701 700.0000
566 571 0.5897 700.0000
567 569 0.5237 700.0000
567 570 0.7386 700.0000
567 571 0.8408 700.0000
568 570 0.5460 700.0000
568 571 0.7636 700.0000
569 571 0.5063 700.0000
569 572 0.7825 700.0000
570 572 0.5874 700.0000
570 573 0.7999 700.0000
570 574 0.7815 700.0000
571 573 0.5796 700.0000
571 574 0.5349 700.0000
571 575 0.8091 700.0000
572 574 0.4686 700.0000
572 575 0.7709 700.0000
573 575 0.6121 700.0000
573 576 0.8241 700.0000
574 576 0.5776 700.0000
574 577 0.8801 700.0000
575 577 0.6585 700.0000
576 578 0.6683 700.0000
577 579 0.6695 700.0000
578 580 0.6430 700.0000
579 581 0.6469 700.0000
580 582 0.6931 700.0000
580 583 0.8464 700.0000
581 583 0.5072 700.0000
581 584 0.7165 700.0000
581 586 0.7289 700.0000
581 587 0.7260 700.0000
582 584 0.6151 700.0000
582 585 0.8313 700.0000
582 586 0.7730 700.0000
582 587 0.8512 700.0000
583 585 0.5120 700.0000
583 586 0.5112 700.0000
583 587 0.6395 700.0000
583 588 0.8761 700.0000
584 586 0.4600 700.0000
584 587 0.4928 700.0000
584 588 0.6469 700.0000
584 589 0.8522 700.0000
585 587 0.4814 700.0000
585 588 0.5188 700.0000
585 589 0.6548 700.0000
585 590 0.8647 700.0000
586 588 0.4679 700.0000
586 589 0.4965 700.0000
586 590 0.6353 700.0000
586 591 0.8334 700.0000
587 589 0.4608 700.0000
587 590 0.4916 700.0000
587 591 0.6129 700.0000
587 592 0.8222 700.0000
588 590 0.4649 700.0000
588 591 0.4824 700.0000
588 592 0.6047 700.0000
588 593 0.8205 700.0000
589 591 0.4678 700.0000
589 592 0.4918 700.0000
589 593 0.6207 700.0000
589 594 0.8304 700.0000
590 592 0.4629 700.0000
590 593 0.4820 700.0000
590 594 0.6153 700.0000
590 595 0.8264 700.0000
591 593 0.4599 700.0000
591 594 0.4836 700.0000
591 595 0.6100 700.0000
591 596 0.8325 700.0000
592 594 0.4674 700.0000
592 595 0.4877 700.0000
592 596 0.6252 700.0000
592 597 0.8496 700.0000
593 595 0.4764 700.0000
593 596 0.5060 700.0000
593 597 0.6524 700.0000
593 598 0.8543 700.0000
594 596 0.4755 700.0000
594 597 0.4840 700.0000
594 598 0.6252 700.0000
595 597 0.4661 700.0000
595 598 0.5044 700.0000
596 598 0.5057 700.0000
