parp14 1 739 | parp14 1 1431 | 0.825 350.0
parp14 1 739 | parp14 1 1432 | 0.575 350.0
parp14 1 739 | parp14 1 1433 | 0.546 350.0
parp14 1 739 | parp14 1 1434 | 0.588 350.0
parp14 1 739 | parp14 1 1435 | 0.593 350.0
parp14 1 739 | parp14 1 1436 | 0.591 350.0
parp14 1 739 | parp14 1 1439 | 0.727 350.0
parp14 1 740 | parp14 1 1430 | 0.687 350.0
parp14 1 740 | parp14 1 1431 | 0.574 350.0
parp14 1 740 | parp14 1 1432 | 0.445 350.0
parp14 1 740 | parp14 1 1433 | 0.662 350.0
parp14 1 740 | parp14 1 1434 | 0.876 350.0
parp14 1 740 | parp14 1 1436 | 0.812 350.0
parp14 1 740 | parp14 1 1439 | 0.752 350.0
parp14 1 741 | parp14 1 1429 | 0.831 350.0
parp14 1 741 | parp14 1 1430 | 0.581 350.0
parp14 1 741 | parp14 1 1431 | 0.540 350.0
parp14 1 741 | parp14 1 1432 | 0.655 350.0
parp14 1 741 | parp14 1 1433 | 0.878 350.0
parp14 1 741 | parp14 1 1436 | 0.838 350.0
parp14 1 741 | parp14 1 1439 | 0.705 350.0
parp14 1 741 | parp14 1 1440 | 0.826 350.0
parp14 1 741 | parp14 1 1443 | 0.856 350.0
parp14 1 742 | parp14 1 1428 | 0.655 350.0
parp14 1 742 | parp14 1 1429 | 0.553 350.0
parp14 1 742 | parp14 1 1430 | 0.431 350.0
parp14 1 742 | parp14 1 1431 | 0.618 350.0
parp14 1 742 | parp14 1 1432 | 0.869 350.0
parp14 1 742 | parp14 1 1443 | 0.880 350.0
parp14 1 743 | parp14 1 1427 | 0.823 350.0
parp14 1 743 | parp14 1 1428 | 0.559 350.0
parp14 1 743 | parp14 1 1429 | 0.514 350.0
parp14 1 743 | parp14 1 1430 | 0.638 350.0
parp14 1 743 | parp14 1 1431 | 0.785 350.0
parp14 1 743 | parp14 1 1443 | 0.725 350.0
parp14 1 744 | parp14 1 1427 | 0.584 350.0
parp14 1 744 | parp14 1 1428 | 0.450 350.0
parp14 1 744 | parp14 1 1429 | 0.642 350.0
parp14 1 744 | parp14 1 1430 | 0.885 350.0
parp14 1 745 | parp14 1 1427 | 0.535 350.0
parp14 1 745 | parp14 1 1428 | 0.638 350.0
parp14 1 745 | parp14 1 1429 | 0.802 350.0
parp14 1 745 | parp14 1 1447 | 0.819 350.0
parp14 1 746 | parp14 1 1427 | 0.642 350.0
parp14 1 746 | parp14 1 1428 | 0.877 350.0
parp14 1 747 | parp14 1 1427 | 0.783 350.0
parp14 1 747 | parp14 1 1450 | 0.784 350.0
parp14 1 747 | parp14 1 1451 | 0.817 350.0
parp14 1 748 | parp14 1 1427 | 0.844 350.0
parp14 1 749 | parp14 1 1427 | 0.853 350.0
parp14 1 749 | parp14 1 1450 | 0.879 350.0
parp14 1 750 | parp14 1 1427 | 0.642 350.0
parp14 1 750 | parp14 1 1450 | 0.616 350.0
parp14 1 750 | parp14 1 1451 | 0.896 350.0
parp14 1 750 | parp14 1 1453 | 0.862 350.0
parp14 1 751 | parp14 1 1427 | 0.537 350.0
parp14 1 751 | parp14 1 1428 | 0.811 350.0
parp14 1 751 | parp14 1 1429 | 0.882 350.0
parp14 1 753 | parp14 1 1450 | 0.773 350.0
parp14 1 753 | parp14 1 1453 | 0.826 350.0
parp14 1 754 | parp14 1 1450 | 0.846 350.0
parp14 1 761 | parp14 1 1446 | 0.860 350.0
parp14 1 765 | parp14 1 1442 | 0.615 350.0
parp14 1 765 | parp14 1 1445 | 0.832 350.0
parp14 1 765 | parp14 1 1446 | 0.839 350.0
parp14 1 766 | parp14 1 1433 | 0.879 350.0
parp14 1 766 | parp14 1 1442 | 0.876 350.0
parp14 1 768 | parp14 1 1438 | 0.899 350.0
parp14 1 768 | parp14 1 1442 | 0.799 350.0
parp14 1 769 | parp14 1 1433 | 0.792 350.0
parp14 1 769 | parp14 1 1438 | 0.541 350.0
parp14 1 769 | parp14 1 1439 | 0.740 350.0
parp14 1 769 | parp14 1 1441 | 0.704 350.0
parp14 1 769 | parp14 1 1442 | 0.606 350.0
parp14 1 770 | parp14 1 1432 | 0.890 350.0
parp14 1 770 | parp14 1 1433 | 0.636 350.0
parp14 1 770 | parp14 1 1434 | 0.749 350.0
parp14 1 770 | parp14 1 1438 | 0.709 350.0
parp14 1 770 | parp14 1 1439 | 0.857 350.0
parp14 1 770 | parp14 1 1442 | 0.866 350.0
parp14 1 771 | parp14 1 1431 | 0.658 350.0
parp14 1 771 | parp14 1 1432 | 0.550 350.0
parp14 1 771 | parp14 1 1433 | 0.431 350.0
parp14 1 771 | parp14 1 1434 | 0.728 350.0
parp14 1 771 | parp14 1 1435 | 0.896 350.0
parp14 1 771 | parp14 1 1438 | 0.683 350.0
parp14 1 771 | parp14 1 1439 | 0.640 350.0
parp14 1 771 | parp14 1 1442 | 0.684 350.0
parp14 1 772 | parp14 1 1430 | 0.815 350.0
parp14 1 772 | parp14 1 1431 | 0.564 350.0
parp14 1 772 | parp14 1 1432 | 0.503 350.0
parp14 1 772 | parp14 1 1433 | 0.628 350.0
parp14 1 772 | parp14 1 1439 | 0.875 350.0
parp14 1 772 | parp14 1 1442 | 0.882 350.0
parp14 1 773 | parp14 1 1429 | 0.677 350.0
parp14 1 773 | parp14 1 1430 | 0.564 350.0
parp14 1 773 | parp14 1 1431 | 0.447 350.0
parp14 1 773 | parp14 1 1432 | 0.631 350.0
parp14 1 773 | parp14 1 1433 | 0.880 350.0
parp14 1 773 | parp14 1 1442 | 0.854 350.0
parp14 1 774 | parp14 1 1428 | 0.861 350.0
parp14 1 774 | parp14 1 1429 | 0.583 350.0
parp14 1 774 | parp14 1 1430 | 0.524 350.0
parp14 1 774 | parp14 1 1431 | 0.657 350.0
parp14 1 774 | parp14 1 1432 | 0.847 350.0
parp14 1 775 | parp14 1 1427 | 0.732 350.0
parp14 1 775 | parp14 1 1428 | 0.607 350.0
parp14 1 775 | parp14 1 1429 | 0.467 350.0
parp14 1 775 | parp14 1 1430 | 0.627 350.0
parp14 1 775 | parp14 1 1431 | 0.881 350.0
parp14 1 776 | parp14 1 1427 | 0.736 350.0
parp14 1 776 | parp14 1 1428 | 0.531 350.0
parp14 1 776 | parp14 1 1429 | 0.567 350.0
parp14 1 776 | parp14 1 1430 | 0.639 350.0
parp9 1 60 | parp9 1 519 | 0.805 350.0
parp9 1 60 | parp9 1 520 | 0.563 350.0
parp9 1 60 | parp9 1 521 | 0.542 350.0
parp9 1 60 | parp9 1 522 | 0.617 350.0
parp9 1 60 | parp9 1 523 | 0.694 350.0
parp9 1 60 | parp9 1 524 | 0.674 350.0
parp9 1 60 | parp9 1 527 | 0.754 350.0
parp9 1 61 | parp9 1 518 | 0.688 350.0
parp9 1 61 | parp9 1 519 | 0.559 350.0
parp9 1 61 | parp9 1 520 | 0.440 350.0
parp9 1 61 | parp9 1 521 | 0.664 350.0
parp9 1 61 | parp9 1 522 | 0.892 350.0
parp9 1 61 | parp9 1 527 | 0.822 350.0
parp9 1 62 | parp9 1 517 | 0.808 350.0
parp9 1 62 | parp9 1 518 | 0.580 350.0
parp9 1 62 | parp9 1 519 | 0.511 350.0
parp9 1 62 | parp9 1 520 | 0.646 350.0
parp9 1 62 | parp9 1 521 | 0.872 350.0
parp9 1 62 | parp9 1 527 | 0.778 350.0
parp9 1 62 | parp9 1 531 | 0.889 350.0
parp9 1 63 | parp9 1 516 | 0.611 350.0
parp9 1 63 | parp9 1 517 | 0.567 350.0
parp9 1 63 | parp9 1 518 | 0.454 350.0
parp9 1 63 | parp9 1 519 | 0.617 350.0
parp9 1 63 | parp9 1 520 | 0.877 350.0
parp9 1 64 | parp9 1 516 | 0.527 350.0
parp9 1 64 | parp9 1 517 | 0.501 350.0
parp9 1 64 | parp9 1 518 | 0.634 350.0
parp9 1 64 | parp9 1 519 | 0.741 350.0
parp9 1 64 | parp9 1 531 | 0.773 350.0
parp9 1 64 | parp9 1 534 | 0.898 350.0
parp9 1 65 | parp9 1 516 | 0.422 350.0
parp9 1 65 | parp9 1 517 | 0.647 350.0
parp9 1 65 | parp9 1 518 | 0.870 350.0
parp9 1 66 | parp9 1 516 | 0.513 350.0
parp9 1 66 | parp9 1 517 | 0.707 350.0
parp9 1 66 | parp9 1 538 | 0.851 350.0
parp9 1 67 | parp9 1 516 | 0.797 350.0
parp9 1 70 | parp9 1 538 | 0.696 350.0
parp9 1 71 | parp9 1 516 | 0.749 350.0
parp9 1 71 | parp9 1 517 | 0.849 350.0
parp9 1 85 | parp9 1 519 | 0.885 350.0
parp9 1 85 | parp9 1 530 | 0.647 350.0
parp9 1 85 | parp9 1 533 | 0.889 350.0
parp9 1 85 | parp9 1 534 | 0.884 350.0
parp9 1 86 | parp9 1 521 | 0.898 350.0
parp9 1 88 | parp9 1 530 | 0.812 350.0
parp9 1 89 | parp9 1 521 | 0.836 350.0
parp9 1 89 | parp9 1 525 | 0.884 350.0
parp9 1 89 | parp9 1 526 | 0.530 350.0
parp9 1 89 | parp9 1 527 | 0.761 350.0
parp9 1 89 | parp9 1 529 | 0.688 350.0
parp9 1 89 | parp9 1 530 | 0.593 350.0
parp9 1 90 | parp9 1 520 | 0.895 350.0
parp9 1 90 | parp9 1 521 | 0.659 350.0
parp9 1 90 | parp9 1 522 | 0.780 350.0
parp9 1 90 | parp9 1 523 | 0.874 350.0
parp9 1 90 | parp9 1 526 | 0.656 350.0
parp9 1 90 | parp9 1 527 | 0.864 350.0
parp9 1 90 | parp9 1 530 | 0.865 350.0
parp9 1 91 | parp9 1 519 | 0.651 350.0
parp9 1 91 | parp9 1 520 | 0.556 350.0
parp9 1 91 | parp9 1 521 | 0.450 350.0
parp9 1 91 | parp9 1 522 | 0.743 350.0
parp9 1 91 | parp9 1 523 | 0.869 350.0
parp9 1 91 | parp9 1 526 | 0.650 350.0
parp9 1 91 | parp9 1 527 | 0.670 350.0
parp9 1 91 | parp9 1 530 | 0.707 350.0
parp9 1 92 | parp9 1 518 | 0.814 350.0
parp9 1 92 | parp9 1 519 | 0.587 350.0
parp9 1 92 | parp9 1 520 | 0.498 350.0
parp9 1 92 | parp9 1 521 | 0.619 350.0
parp9 1 93 | parp9 1 517 | 0.659 350.0
parp9 1 93 | parp9 1 518 | 0.552 350.0
parp9 1 93 | parp9 1 519 | 0.459 350.0
parp9 1 93 | parp9 1 520 | 0.616 350.0
parp9 1 93 | parp9 1 521 | 0.865 350.0
parp9 1 94 | parp9 1 516 | 0.849 350.0
parp9 1 94 | parp9 1 517 | 0.577 350.0
parp9 1 94 | parp9 1 518 | 0.509 350.0
parp9 1 94 | parp9 1 519 | 0.668 350.0
parp9 1 94 | parp9 1 520 | 0.849 350.0
parp9 1 95 | parp9 1 516 | 0.613 350.0
parp9 1 95 | parp9 1 517 | 0.476 350.0
parp9 1 95 | parp9 1 518 | 0.622 350.0
parp9 1 95 | parp9 1 519 | 0.887 350.0
parp9 1 96 | parp9 1 516 | 0.506 350.0
parp9 1 96 | parp9 1 517 | 0.588 350.0
parp9 1 96 | parp9 1 518 | 0.667 350.0
