i j d[nm] fc
118 120 0.7764 2000.0000
119 121 0.7100 2000.0000
120 122 0.6699 2000.0000
121 123 0.7886 2000.0000
121 125 0.6676 2000.0000
122 124 0.5721 2000.0000
122 125 0.5098 2000.0000
122 126 0.7916 2000.0000
123 125 0.6242 2000.0000
123 126 0.6276 2000.0000
123 127 0.7638 2000.0000
124 126 0.7730 2000.0000
124 127 0.6533 2000.0000
124 128 0.8126 2000.0000
125 127 0.8183 2000.0000
125 128 0.6916 2000.0000
125 129 0.8331 2000.0000
126 128 0.6552 2000.0000
126 129 0.5815 2000.0000
126 130 0.6873 2000.0000
127 129 0.7593 2000.0000
127 130 0.6208 2000.0000
127 131 0.6497 2000.0000
128 130 0.6509 2000.0000
128 131 0.5542 2000.0000
128 132 0.6141 2000.0000
129 131 0.7343 2000.0000
129 132 0.5452 2000.0000
129 133 0.6834 2000.0000
130 132 0.7131 2000.0000
130 133 0.5621 2000.0000
130 134 0.6719 2000.0000
131 133 0.7928 2000.0000
131 134 0.5945 2000.0000
131 135 0.7321 2000.0000
132 134 0.7981 2000.0000
132 135 0.6386 2000.0000
132 136 0.6955 2000.0000
133 135 0.6746 2000.0000
133 136 0.6101 2000.0000
133 137 0.6552 2000.0000
134 136 0.7412 2000.0000
134 137 0.5833 2000.0000
134 138 0.6476 2000.0000
135 137 0.6122 2000.0000
135 138 0.4971 2000.0000
135 139 0.6080 2000.0000
135 140 0.8800 2000.0000
136 138 0.6941 2000.0000
136 139 0.5493 2000.0000
136 140 0.6745 2000.0000
137 139 0.7893 2000.0000
137 140 0.5635 2000.0000
137 141 0.6448 2000.0000
138 140 0.7076 2000.0000
138 141 0.5091 2000.0000
138 142 0.5988 2000.0000
139 141 0.7781 2000.0000
139 142 0.5714 2000.0000
139 143 0.6296 2000.0000
140 142 0.7815 2000.0000
140 143 0.5950 2000.0000
140 144 0.6290 2000.0000
141 143 0.7397 2000.0000
141 144 0.5629 2000.0000
141 145 0.6132 2000.0000
142 144 0.7783 2000.0000
142 145 0.5649 2000.0000
142 146 0.7588 2000.0000
143 145 0.7220 2000.0000
143 146 0.5861 2000.0000
143 147 0.5590 2000.0000
144 146 0.8251 2000.0000
144 147 0.6377 2000.0000
144 148 0.6674 2000.0000
145 147 0.8416 2000.0000
145 148 0.5890 2000.0000
145 149 0.6237 2000.0000
146 148 0.8015 2000.0000
146 149 0.5634 2000.0000
146 150 0.5340 2000.0000
146 153 0.8875 2000.0000
147 149 0.8417 2000.0000
147 150 0.5621 2000.0000
147 151 0.7128 2000.0000
148 150 0.8210 2000.0000
148 151 0.5758 2000.0000
148 152 0.5398 2000.0000
149 151 0.7999 2000.0000
149 152 0.5319 2000.0000
149 153 0.6355 2000.0000
150 152 0.7534 2000.0000
150 153 0.5500 2000.0000
150 154 0.6019 2000.0000
151 153 0.7926 2000.0000
151 154 0.6079 2000.0000
151 155 0.6096 2000.0000
152 154 0.7708 2000.0000
152 155 0.5786 2000.0000
152 156 0.6439 2000.0000
153 155 0.7819 2000.0000
153 156 0.5622 2000.0000
153 157 0.6054 2000.0000
154 156 0.6724 2000.0000
154 157 0.5189 2000.0000
154 158 0.6425 2000.0000
155 157 0.7898 2000.0000
155 158 0.5992 2000.0000
155 159 0.6246 2000.0000
156 158 0.6879 2000.0000
156 159 0.5328 2000.0000
156 160 0.5948 2000.0000
157 159 0.7639 2000.0000
157 160 0.6098 2000.0000
157 161 0.6563 2000.0000
158 160 0.7405 2000.0000
158 161 0.5787 2000.0000
158 162 0.7196 2000.0000
159 161 0.7425 2000.0000
159 162 0.5892 2000.0000
159 163 0.8101 2000.0000
160 162 0.7734 2000.0000
160 163 0.7075 2000.0000
160 164 0.8517 2000.0000
161 163 0.8378 2000.0000
161 164 0.6848 2000.0000
162 164 0.7041 2000.0000
163 165 0.7967 2000.0000
164 166 0.8174 2000.0000
165 167 0.7639 2000.0000
165 168 0.8541 2000.0000
166 168 0.7869 2000.0000
167 169 0.8558 2000.0000
168 170 0.7649 2000.0000
168 171 0.7907 2000.0000
169 171 0.8392 2000.0000
170 172 0.7941 2000.0000
170 173 0.8663 2000.0000
171 173 0.8234 2000.0000
171 174 0.7621 2000.0000
172 174 0.7794 2000.0000
172 175 0.8819 2000.0000
173 175 0.7175 2000.0000
173 176 0.7150 2000.0000
173 177 0.8934 2000.0000
174 176 0.6066 2000.0000
174 177 0.6134 2000.0000
174 178 0.7843 2000.0000
175 177 0.6198 2000.0000
175 178 0.5911 2000.0000
175 179 0.8127 2000.0000
176 178 0.6864 2000.0000
176 179 0.6846 2000.0000
176 180 0.8459 2000.0000
177 179 0.7844 2000.0000
177 180 0.7100 2000.0000
177 181 0.8780 2000.0000
178 180 0.7241 2000.0000
178 181 0.7594 2000.0000
178 182 0.8083 2000.0000
179 181 0.8113 2000.0000
179 182 0.6131 2000.0000
179 183 0.7677 2000.0000
180 182 0.6373 2000.0000
180 183 0.5532 2000.0000
180 184 0.6731 2000.0000
181 183 0.7683 2000.0000
181 184 0.5278 2000.0000
181 185 0.6591 2000.0000
182 184 0.7884 2000.0000
182 185 0.6328 2000.0000
182 186 0.7114 2000.0000
183 185 0.7606 2000.0000
183 186 0.6315 2000.0000
183 187 0.7319 2000.0000
184 186 0.7516 2000.0000
184 187 0.6131 2000.0000
184 188 0.7499 2000.0000
185 187 0.7381 2000.0000
185 188 0.5752 2000.0000
185 189 0.6576 2000.0000
186 188 0.7456 2000.0000
186 189 0.5552 2000.0000
186 190 0.7394 2000.0000
187 189 0.7832 2000.0000
187 190 0.6139 2000.0000
187 191 0.6884 2000.0000
188 190 0.7938 2000.0000
188 191 0.6017 2000.0000
188 192 0.6417 2000.0000
189 191 0.7630 2000.0000
189 192 0.6108 2000.0000
189 193 0.7380 2000.0000
190 192 0.7842 2000.0000
190 193 0.6161 2000.0000
190 194 0.6480 2000.0000
191 193 0.7285 2000.0000
191 194 0.5474 2000.0000
191 195 0.6979 2000.0000
192 194 0.8021 2000.0000
192 195 0.6603 2000.0000
192 196 0.6876 2000.0000
193 195 0.8181 2000.0000
193 196 0.6040 2000.0000
193 197 0.6759 2000.0000
194 196 0.7564 2000.0000
194 197 0.6034 2000.0000
194 198 0.7196 2000.0000
195 197 0.7090 2000.0000
195 198 0.5340 2000.0000
195 199 0.5482 2000.0000
196 198 0.6564 2000.0000
196 199 0.5539 2000.0000
197 199 0.6764 2000.0000
299 301 0.5634 2000.0000
299 302 0.8530 2000.0000
299 303 0.6749 2000.0000
299 304 0.7671 2000.0000
299 320 0.8857 2000.0000
300 302 0.4361 2000.0000
300 303 0.5729 2000.0000
300 304 0.8093 2000.0000
300 308 0.8846 2000.0000
300 309 0.7650 2000.0000
300 320 0.7184 2000.0000
300 323 0.7045 2000.0000
300 324 0.8648 2000.0000
301 303 0.7553 2000.0000
301 304 0.8183 2000.0000
301 309 0.6292 2000.0000
302 304 0.7756 2000.0000
302 307 0.8699 2000.0000
302 308 0.5853 2000.0000
302 309 0.4668 2000.0000
302 310 0.6285 2000.0000
302 311 0.8256 2000.0000
302 323 0.7139 2000.0000
302 327 0.7714 2000.0000
302 331 0.8880 2000.0000
303 305 0.7310 2000.0000
303 306 0.5196 2000.0000
303 307 0.5716 2000.0000
303 308 0.6651 2000.0000
303 309 0.6838 2000.0000
303 317 0.6394 2000.0000
303 319 0.8330 2000.0000
303 320 0.5697 2000.0000
303 322 0.8675 2000.0000
303 323 0.5341 2000.0000
303 324 0.8879 2000.0000
304 306 0.4549 2000.0000
304 307 0.4230 2000.0000
304 308 0.6906 2000.0000
304 309 0.5314 2000.0000
304 317 0.7939 2000.0000
304 323 0.8655 2000.0000
305 307 0.6202 2000.0000
305 309 0.8315 2000.0000
306 308 0.7284 2000.0000
306 309 0.8579 2000.0000
306 315 0.6994 2000.0000
306 316 0.5513 2000.0000
306 317 0.4595 2000.0000
306 318 0.7290 2000.0000
306 319 0.8036 2000.0000
306 322 0.8940 2000.0000
306 323 0.8069 2000.0000
307 309 0.6076 2000.0000
307 313 0.7974 2000.0000
307 314 0.5985 2000.0000
307 315 0.4990 2000.0000
307 316 0.5482 2000.0000
307 317 0.5434 2000.0000
307 323 0.7958 2000.0000
308 310 0.6467 2000.0000
308 311 0.7874 2000.0000
308 312 0.7709 2000.0000
308 313 0.4786 2000.0000
308 314 0.6064 2000.0000
308 315 0.4508 2000.0000
308 316 0.7590 2000.0000
308 317 0.6594 2000.0000
308 323 0.6216 2000.0000
308 326 0.6820 2000.0000
308 327 0.7732 2000.0000
308 331 0.7912 2000.0000
309 311 0.7589 2000.0000
309 313 0.8380 2000.0000
309 314 0.7581 2000.0000
309 315 0.8843 2000.0000
310 312 0.6589 2000.0000
310 313 0.6235 2000.0000
310 327 0.7516 2000.0000
310 331 0.4987 2000.0000
310 336 0.8769 2000.0000
310 337 0.6911 2000.0000
310 340 0.5820 2000.0000
310 341 0.8085 2000.0000
310 344 0.8815 2000.0000
311 313 0.6642 2000.0000
311 314 0.8643 2000.0000
311 331 0.8475 2000.0000
311 337 0.8828 2000.0000
311 340 0.5455 2000.0000
311 341 0.8337 2000.0000
311 343 0.8269 2000.0000
311 344 0.6937 2000.0000
312 314 0.5817 2000.0000
312 315 0.8530 2000.0000
312 340 0.7623 2000.0000
313 315 0.4833 2000.0000
313 316 0.8807 2000.0000
313 326 0.7422 2000.0000
313 330 0.7906 2000.0000
313 331 0.7234 2000.0000
314 316 0.7762 2000.0000
315 317 0.5321 2000.0000
315 323 0.8120 2000.0000
315 326 0.6639 2000.0000
316 318 0.6627 2000.0000
316 322 0.8526 2000.0000
316 326 0.8811 2000.0000
317 319 0.5921 2000.0000
317 320 0.8016 2000.0000
317 322 0.5001 2000.0000
317 323 0.5504 2000.0000
317 326 0.7005 2000.0000
318 322 0.6558 2000.0000
319 321 0.5486 2000.0000
319 322 0.3991 2000.0000
319 323 0.7505 2000.0000
319 324 0.8609 2000.0000
319 325 0.8859 2000.0000
320 322 0.6501 2000.0000
320 323 0.5137 2000.0000
320 324 0.5463 2000.0000
321 323 0.7748 2000.0000
321 324 0.5733 2000.0000
321 325 0.6331 2000.0000
322 324 0.6153 2000.0000
322 325 0.5329 2000.0000
322 326 0.6988 2000.0000
323 325 0.7559 2000.0000
323 326 0.5752 2000.0000
323 327 0.5415 2000.0000
323 328 0.8458 2000.0000
323 331 0.8937 2000.0000
324 326 0.7381 2000.0000
324 327 0.5512 2000.0000
324 328 0.6100 2000.0000
325 327 0.7832 2000.0000
325 328 0.6467 2000.0000
325 329 0.7134 2000.0000
326 328 0.7030 2000.0000
326 329 0.5305 2000.0000
326 330 0.5031 2000.0000
326 331 0.6022 2000.0000
327 329 0.6224 2000.0000
327 330 0.7086 2000.0000
327 331 0.4559 2000.0000
327 332 0.7346 2000.0000
328 330 0.7908 2000.0000
328 331 0.7167 2000.0000
328 332 0.6722 2000.0000
329 331 0.6398 2000.0000
329 332 0.6632 2000.0000
330 332 0.7016 2000.0000
330 336 0.8142 2000.0000
331 334 0.7889 2000.0000
331 336 0.7650 2000.0000
331 337 0.6107 2000.0000
331 340 0.7995 2000.0000
332 334 0.4507 2000.0000
332 335 0.8984 2000.0000
332 336 0.8290 2000.0000
332 337 0.5677 2000.0000
332 338 0.8548 2000.0000
333 335 0.7811 2000.0000
333 337 0.6648 2000.0000
333 338 0.6915 2000.0000
334 336 0.5944 2000.0000
334 337 0.4309 2000.0000
334 338 0.6050 2000.0000
334 339 0.8192 2000.0000
334 340 0.8531 2000.0000
335 337 0.6602 2000.0000
335 338 0.5693 2000.0000
335 339 0.6941 2000.0000
336 338 0.8023 2000.0000
336 339 0.7030 2000.0000
336 340 0.5661 2000.0000
337 339 0.5527 2000.0000
337 340 0.4617 2000.0000
337 341 0.6734 2000.0000
337 342 0.8965 2000.0000
338 340 0.6365 2000.0000
338 341 0.5459 2000.0000
338 342 0.5470 2000.0000
339 341 0.5608 2000.0000
339 342 0.4632 2000.0000
339 343 0.6115 2000.0000
340 342 0.8209 2000.0000
340 343 0.6418 2000.0000
340 344 0.7824 2000.0000
341 343 0.6010 2000.0000
341 344 0.5632 2000.0000
341 345 0.5393 2000.0000
341 346 0.8883 2000.0000
342 345 0.6405 2000.0000
342 346 0.7660 2000.0000
343 345 0.6385 2000.0000
343 346 0.4779 2000.0000
343 347 0.6319 2000.0000
344 346 0.7019 2000.0000
344 347 0.4946 2000.0000
344 348 0.6146 2000.0000
345 347 0.7246 2000.0000
345 348 0.6369 2000.0000
345 349 0.7088 2000.0000
346 348 0.7195 2000.0000
346 349 0.5852 2000.0000
346 350 0.6162 2000.0000
347 349 0.6732 2000.0000
347 350 0.5079 2000.0000
347 351 0.5826 2000.0000
347 352 0.8604 2000.0000
348 350 0.6563 2000.0000
348 351 0.5211 2000.0000
348 352 0.5362 2000.0000
348 353 0.8929 2000.0000
349 351 0.7324 2000.0000
349 352 0.5524 2000.0000
349 353 0.6198 2000.0000
350 352 0.7514 2000.0000
350 353 0.6178 2000.0000
350 354 0.7349 2000.0000
351 353 0.6806 2000.0000
351 354 0.6133 2000.0000
351 355 0.6590 2000.0000
352 354 0.8238 2000.0000
352 355 0.6417 2000.0000
352 356 0.7464 2000.0000
353 355 0.6946 2000.0000
353 356 0.5789 2000.0000
353 357 0.5846 2000.0000
354 356 0.6119 2000.0000
354 357 0.4935 2000.0000
354 358 0.5308 2000.0000
354 359 0.8992 2000.0000
355 357 0.7100 2000.0000
355 358 0.5597 2000.0000
355 359 0.4958 2000.0000
356 358 0.5705 2000.0000
356 359 0.4853 2000.0000
356 360 0.6086 2000.0000
356 361 0.8671 2000.0000
357 359 0.8095 2000.0000
357 360 0.6261 2000.0000
357 361 0.6830 2000.0000
358 360 0.7226 2000.0000
358 361 0.4829 2000.0000
358 362 0.7065 2000.0000
359 361 0.8336 2000.0000
359 362 0.6260 2000.0000
359 363 0.7016 2000.0000
360 362 0.7624 2000.0000
360 363 0.6146 2000.0000
360 364 0.6873 2000.0000
361 363 0.8905 2000.0000
361 364 0.7077 2000.0000
361 365 0.6495 2000.0000
362 364 0.5894 2000.0000
362 365 0.4923 2000.0000
362 366 0.5041 2000.0000
362 367 0.8420 2000.0000
362 373 0.8975 2000.0000
363 365 0.7619 2000.0000
363 366 0.5812 2000.0000
363 367 0.6141 2000.0000
363 373 0.8385 2000.0000
364 366 0.6101 2000.0000
364 367 0.4603 2000.0000
364 368 0.6689 2000.0000
364 369 0.8260 2000.0000
365 367 0.6931 2000.0000
365 368 0.6809 2000.0000
365 369 0.6567 2000.0000
365 371 0.8581 2000.0000
366 368 0.8418 2000.0000
366 369 0.6415 2000.0000
366 370 0.8042 2000.0000
366 371 0.4677 2000.0000
366 372 0.8180 2000.0000
366 373 0.5610 2000.0000
366 374 0.8151 2000.0000
367 369 0.6445 2000.0000
367 370 0.5756 2000.0000
367 371 0.7042 2000.0000
367 373 0.8976 2000.0000
368 370 0.6185 2000.0000
368 371 0.8684 2000.0000
369 371 0.4996 2000.0000
370 372 0.7474 2000.0000
371 373 0.6108 2000.0000
371 374 0.7770 2000.0000
372 374 0.6896 2000.0000
373 375 0.5692 2000.0000
451 453 0.6036 2000.0000
451 454 0.5014 2000.0000
451 455 0.5933 2000.0000
451 459 0.8758 2000.0000
451 468 0.8196 2000.0000
452 454 0.6882 2000.0000
452 455 0.5789 2000.0000
452 456 0.5691 2000.0000
452 459 0.6384 2000.0000
452 468 0.7682 2000.0000
452 473 0.8663 2000.0000
452 476 0.7358 2000.0000
452 480 0.8964 2000.0000
452 494 0.8988 2000.0000
452 498 0.6719 2000.0000
452 499 0.7955 2000.0000
453 455 0.5701 2000.0000
453 456 0.4968 2000.0000
453 457 0.8645 2000.0000
453 459 0.8807 2000.0000
453 498 0.8862 2000.0000
454 456 0.8080 2000.0000
455 457 0.7346 2000.0000
455 458 0.5560 2000.0000
455 459 0.5191 2000.0000
456 458 0.8169 2000.0000
456 459 0.6755 2000.0000
456 460 0.5225 2000.0000
456 497 0.8552 2000.0000
456 498 0.5445 2000.0000
456 499 0.8153 2000.0000
457 459 0.8330 2000.0000
457 460 0.5794 2000.0000
457 461 0.6400 2000.0000
458 460 0.7787 2000.0000
458 461 0.6456 2000.0000
458 462 0.5056 2000.0000
458 464 0.6869 2000.0000
458 499 0.8867 2000.0000
459 461 0.8168 2000.0000
459 462 0.6337 2000.0000
459 464 0.6503 2000.0000
459 466 0.6244 2000.0000
459 467 0.7760 2000.0000
459 468 0.8008 2000.0000
459 498 0.7121 2000.0000
459 499 0.5347 2000.0000
459 500 0.8058 2000.0000
460 462 0.7480 2000.0000
460 496 0.8430 2000.0000
460 497 0.6856 2000.0000
460 498 0.5054 2000.0000
460 499 0.6400 2000.0000
460 500 0.6895 2000.0000
460 503 0.8252 2000.0000
461 463 0.8849 2000.0000
461 500 0.6586 2000.0000
461 503 0.8663 2000.0000
462 464 0.4906 2000.0000
462 499 0.7874 2000.0000
462 500 0.5123 2000.0000
462 501 0.7977 2000.0000
462 503 0.8780 2000.0000
463 500 0.5328 2000.0000
463 501 0.5492 2000.0000
463 502 0.8712 2000.0000
463 503 0.8092 2000.0000
463 504 0.5650 2000.0000
464 466 0.5906 2000.0000
464 467 0.8395 2000.0000
464 499 0.8133 2000.0000
464 500 0.7177 2000.0000
464 501 0.5826 2000.0000
465 467 0.6134 2000.0000
465 468 0.7680 2000.0000
465 469 0.8868 2000.0000
465 470 0.8415 2000.0000
465 501 0.6040 2000.0000
465 502 0.8561 2000.0000
466 468 0.4815 2000.0000
466 469 0.8000 2000.0000
466 470 0.8232 2000.0000
466 473 0.7794 2000.0000
466 499 0.6336 2000.0000
466 501 0.6450 2000.0000
466 502 0.7524 2000.0000
467 469 0.7518 2000.0000
467 549 0.8112 2000.0000
467 551 0.8711 2000.0000
468 470 0.8446 2000.0000
468 471 0.8776 2000.0000
468 472 0.6268 2000.0000
468 473 0.5914 2000.0000
468 499 0.8589 2000.0000
468 549 0.8981 2000.0000
469 471 0.4720 2000.0000
469 472 0.4306 2000.0000
469 473 0.5902 2000.0000
469 474 0.8307 2000.0000
469 516 0.8753 2000.0000
469 547 0.6213 2000.0000
469 549 0.8987 2000.0000
470 472 0.7522 2000.0000
470 473 0.5995 2000.0000
470 474 0.7113 2000.0000
470 495 0.7518 2000.0000
470 502 0.8129 2000.0000
470 509 0.7715 2000.0000
470 512 0.5453 2000.0000
470 513 0.6033 2000.0000
470 516 0.6475 2000.0000
471 473 0.5597 2000.0000
471 474 0.4734 2000.0000
471 475 0.6778 2000.0000
471 476 0.8974 2000.0000
471 513 0.8401 2000.0000
471 516 0.6021 2000.0000
471 517 0.8360 2000.0000
471 520 0.6939 2000.0000
471 522 0.8019 2000.0000
471 523 0.7189 2000.0000
471 541 0.7240 2000.0000
471 544 0.8210 2000.0000
471 547 0.8215 2000.0000
472 474 0.5980 2000.0000
472 475 0.5451 2000.0000
472 476 0.6705 2000.0000
472 541 0.7493 2000.0000
472 547 0.8330 2000.0000
473 475 0.7597 2000.0000
473 476 0.6150 2000.0000
473 477 0.6972 2000.0000
473 491 0.8916 2000.0000
473 494 0.6938 2000.0000
473 495 0.6012 2000.0000
473 498 0.8897 2000.0000
473 499 0.7735 2000.0000
474 476 0.7273 2000.0000
474 477 0.5831 2000.0000
474 478 0.6398 2000.0000
474 486 0.8903 2000.0000
474 491 0.6372 2000.0000
474 494 0.8017 2000.0000
474 495 0.7327 2000.0000
474 513 0.6651 2000.0000
474 516 0.7294 2000.0000
474 517 0.6864 2000.0000
474 523 0.6614 2000.0000
474 534 0.8552 2000.0000
474 536 0.8558 2000.0000
475 477 0.7179 2000.0000
475 478 0.6606 2000.0000
475 479 0.5314 2000.0000
475 480 0.8973 2000.0000
475 522 0.8367 2000.0000
475 523 0.8442 2000.0000
475 536 0.6331 2000.0000
475 538 0.6547 2000.0000
475 541 0.6019 2000.0000
476 478 0.6734 2000.0000
476 479 0.5217 2000.0000
476 480 0.5099 2000.0000
476 481 0.8781 2000.0000
476 494 0.7188 2000.0000
477 479 0.5840 2000.0000
477 480 0.4990 2000.0000
477 481 0.6281 2000.0000
477 484 0.8965 2000.0000
477 486 0.6517 2000.0000
477 490 0.8483 2000.0000
477 491 0.6221 2000.0000
477 494 0.4789 2000.0000
477 495 0.7809 2000.0000
477 498 0.8979 2000.0000
478 480 0.7034 2000.0000
478 481 0.5510 2000.0000
478 482 0.8838 2000.0000
478 484 0.6059 2000.0000
478 485 0.6992 2000.0000
478 486 0.5165 2000.0000
478 490 0.8885 2000.0000
478 491 0.7434 2000.0000
478 494 0.8566 2000.0000
478 523 0.8391 2000.0000
478 534 0.8130 2000.0000
478 535 0.6504 2000.0000
478 536 0.6042 2000.0000
479 481 0.5804 2000.0000
479 482 0.8512 2000.0000
479 484 0.5124 2000.0000
479 536 0.6901 2000.0000
479 538 0.8238 2000.0000
480 482 0.7853 2000.0000
480 484 0.8714 2000.0000
480 494 0.6894 2000.0000
480 498 0.8926 2000.0000
481 483 0.5794 2000.0000
481 484 0.5139 2000.0000
481 485 0.6587 2000.0000
481 486 0.6455 2000.0000
481 490 0.8820 2000.0000
482 484 0.6162 2000.0000
482 485 0.7335 2000.0000
482 486 0.8859 2000.0000
483 485 0.4032 2000.0000
483 486 0.7678 2000.0000
484 486 0.8628 2000.0000
484 535 0.7524 2000.0000
484 536 0.7232 2000.0000
485 487 0.7640 2000.0000
485 490 0.8557 2000.0000
485 526 0.7659 2000.0000
485 528 0.8351 2000.0000
485 532 0.8925 2000.0000
485 533 0.5363 2000.0000
485 534 0.8532 2000.0000
485 535 0.6423 2000.0000
486 488 0.7472 2000.0000
486 489 0.8496 2000.0000
486 490 0.4359 2000.0000
486 491 0.5640 2000.0000
486 532 0.8808 2000.0000
486 533 0.6302 2000.0000
486 534 0.6819 2000.0000
486 535 0.7738 2000.0000
487 489 0.5449 2000.0000
487 490 0.3725 2000.0000
487 491 0.6226 2000.0000
487 492 0.8214 2000.0000
487 493 0.8938 2000.0000
487 531 0.7801 2000.0000
487 532 0.6238 2000.0000
487 533 0.5875 2000.0000
487 534 0.6901 2000.0000
488 490 0.6845 2000.0000
488 491 0.5169 2000.0000
488 492 0.4822 2000.0000
488 493 0.8917 2000.0000
488 510 0.7873 2000.0000
488 513 0.7404 2000.0000
488 514 0.6939 2000.0000
488 517 0.7991 2000.0000
488 532 0.8120 2000.0000
488 533 0.8728 2000.0000
488 534 0.6561 2000.0000
489 491 0.6423 2000.0000
489 492 0.5021 2000.0000
489 493 0.5681 2000.0000
489 510 0.8776 2000.0000
490 492 0.7857 2000.0000
490 493 0.6091 2000.0000
490 494 0.8772 2000.0000
490 533 0.8917 2000.0000
491 493 0.6510 2000.0000
491 494 0.6337 2000.0000
491 495 0.6045 2000.0000
491 510 0.8769 2000.0000
491 513 0.7219 2000.0000
491 517 0.8834 2000.0000
491 534 0.7979 2000.0000
492 495 0.6573 2000.0000
492 496 0.7943 2000.0000
492 506 0.8165 2000.0000
492 509 0.6353 2000.0000
492 510 0.4575 2000.0000
492 513 0.6595 2000.0000
492 514 0.7617 2000.0000
493 495 0.7509 2000.0000
493 496 0.5479 2000.0000
493 497 0.6343 2000.0000
494 496 0.7107 2000.0000
494 497 0.5373 2000.0000
494 498 0.4837 2000.0000
494 499 0.6842 2000.0000
495 497 0.8154 2000.0000
495 498 0.7054 2000.0000
495 499 0.5766 2000.0000
495 502 0.5097 2000.0000
495 509 0.6377 2000.0000
495 510 0.8415 2000.0000
495 513 0.7817 2000.0000
496 498 0.7086 2000.0000
496 499 0.6676 2000.0000
496 500 0.6867 2000.0000
496 502 0.6025 2000.0000
496 503 0.4941 2000.0000
496 509 0.7964 2000.0000
497 499 0.7965 2000.0000
498 500 0.8517 2000.0000
498 502 0.8906 2000.0000
499 501 0.7078 2000.0000
499 502 0.5325 2000.0000
499 503 0.7938 2000.0000
500 502 0.5900 2000.0000
500 503 0.4013 2000.0000
500 504 0.6634 2000.0000
501 503 0.8160 2000.0000
501 504 0.6807 2000.0000
501 505 0.7318 2000.0000
501 509 0.7908 2000.0000
502 504 0.8161 2000.0000
502 505 0.7904 2000.0000
502 506 0.7570 2000.0000
502 509 0.4962 2000.0000
502 510 0.8629 2000.0000
504 506 0.8693 2000.0000
505 507 0.6145 2000.0000
505 508 0.5543 2000.0000
505 509 0.6826 2000.0000
506 508 0.5267 2000.0000
506 509 0.4039 2000.0000
506 510 0.4583 2000.0000
506 511 0.8404 2000.0000
507 509 0.5862 2000.0000
507 510 0.5131 2000.0000
507 511 0.6162 2000.0000
507 512 0.8465 2000.0000
507 514 0.8756 2000.0000
508 510 0.6808 2000.0000
508 511 0.5960 2000.0000
508 512 0.6778 2000.0000
509 511 0.7666 2000.0000
509 512 0.6833 2000.0000
509 513 0.6818 2000.0000
509 514 0.8927 2000.0000
510 512 0.7055 2000.0000
510 513 0.6263 2000.0000
510 514 0.6050 2000.0000
511 513 0.6233 2000.0000
511 514 0.4461 2000.0000
511 515 0.6540 2000.0000
511 516 0.8729 2000.0000
512 514 0.6179 2000.0000
512 515 0.5532 2000.0000
512 516 0.5482 2000.0000
512 517 0.8199 2000.0000
513 515 0.7014 2000.0000
513 516 0.5402 2000.0000
513 517 0.5755 2000.0000
513 518 0.8745 2000.0000
514 516 0.8501 2000.0000
514 517 0.7326 2000.0000
514 518 0.8173 2000.0000
515 517 0.7064 2000.0000
515 518 0.5531 2000.0000
515 519 0.5241 2000.0000
515 520 0.7542 2000.0000
516 518 0.6400 2000.0000
516 519 0.5532 2000.0000
516 520 0.4944 2000.0000
516 522 0.8984 2000.0000
516 523 0.7068 2000.0000
517 519 0.7393 2000.0000
517 520 0.6579 2000.0000
517 522 0.7999 2000.0000
517 523 0.4724 2000.0000
517 524 0.8165 2000.0000
517 525 0.8872 2000.0000
517 534 0.5296 2000.0000
518 520 0.6510 2000.0000
518 521 0.8669 2000.0000
518 523 0.7401 2000.0000
518 534 0.8439 2000.0000
519 521 0.7379 2000.0000
519 522 0.8775 2000.0000
519 523 0.8271 2000.0000
520 522 0.5371 2000.0000
520 523 0.5435 2000.0000
520 541 0.8260 2000.0000
520 544 0.5976 2000.0000
521 523 0.7749 2000.0000
521 524 0.8453 2000.0000
521 537 0.8455 2000.0000
521 540 0.5948 2000.0000
521 544 0.7740 2000.0000
522 524 0.6881 2000.0000
522 535 0.7887 2000.0000
522 536 0.5641 2000.0000
522 537 0.5418 2000.0000
522 538 0.7824 2000.0000
522 539 0.8398 2000.0000
522 540 0.5602 2000.0000
522 541 0.5467 2000.0000
522 544 0.6174 2000.0000
523 534 0.6364 2000.0000
523 535 0.6473 2000.0000
523 536 0.5717 2000.0000
523 537 0.7841 2000.0000
523 541 0.7875 2000.0000
523 544 0.8774 2000.0000
524 526 0.6121 2000.0000
524 533 0.7784 2000.0000
524 534 0.5968 2000.0000
524 535 0.4160 2000.0000
524 536 0.6599 2000.0000
524 537 0.7325 2000.0000
525 527 0.5419 2000.0000
525 528 0.8736 2000.0000
525 531 0.8116 2000.0000
525 532 0.5196 2000.0000
525 533 0.5991 2000.0000
525 534 0.5537 2000.0000
525 535 0.8551 2000.0000
526 528 0.5437 2000.0000
526 531 0.7392 2000.0000
526 532 0.5967 2000.0000
526 533 0.4190 2000.0000
526 534 0.7028 2000.0000
526 535 0.6387 2000.0000
527 529 0.8043 2000.0000
527 531 0.6026 2000.0000
527 532 0.5704 2000.0000
527 533 0.7214 2000.0000
528 530 0.6398 2000.0000
528 531 0.4439 2000.0000
528 532 0.6093 2000.0000
528 533 0.5941 2000.0000
529 531 0.5620 2000.0000
529 532 0.8877 2000.0000
530 532 0.8331 2000.0000
531 533 0.5822 2000.0000
532 534 0.6713 2000.0000
533 535 0.6345 2000.0000
534 536 0.8602 2000.0000
535 537 0.7512 2000.0000
536 538 0.5873 2000.0000
536 539 0.8984 2000.0000
536 540 0.8992 2000.0000
536 541 0.7441 2000.0000
537 539 0.4815 2000.0000
537 540 0.4986 2000.0000
537 541 0.7271 2000.0000
537 542 0.8225 2000.0000
537 543 0.8718 2000.0000
538 540 0.7830 2000.0000
538 541 0.5564 2000.0000
538 542 0.5258 2000.0000
539 541 0.7390 2000.0000
539 542 0.5122 2000.0000
539 543 0.5596 2000.0000
540 542 0.7266 2000.0000
540 543 0.4569 2000.0000
540 544 0.6435 2000.0000
541 543 0.7582 2000.0000
541 544 0.4918 2000.0000
542 544 0.7969 2000.0000
544 546 0.7913 2000.0000
544 547 0.7861 2000.0000
545 547 0.7824 2000.0000
545 548 0.8447 2000.0000
546 548 0.6448 2000.0000
546 549 0.8211 2000.0000
547 549 0.6965 2000.0000
547 550 0.8413 2000.0000
548 550 0.5663 2000.0000
548 551 0.7450 2000.0000
549 551 0.4238 2000.0000
