parp14 1 739 | parp14 1 1431 | 0.831 350.0
parp14 1 739 | parp14 1 1432 | 0.580 350.0
parp14 1 739 | parp14 1 1433 | 0.547 350.0
parp14 1 739 | parp14 1 1434 | 0.587 350.0
parp14 1 739 | parp14 1 1435 | 0.602 350.0
parp14 1 739 | parp14 1 1436 | 0.598 350.0
parp14 1 739 | parp14 1 1439 | 0.741 350.0
parp14 1 740 | parp14 1 1430 | 0.691 350.0
parp14 1 740 | parp14 1 1431 | 0.576 350.0
parp14 1 740 | parp14 1 1432 | 0.449 350.0
parp14 1 740 | parp14 1 1433 | 0.662 350.0
parp14 1 740 | parp14 1 1434 | 0.875 350.0
parp14 1 740 | parp14 1 1436 | 0.812 350.0
parp14 1 740 | parp14 1 1439 | 0.756 350.0
parp14 1 741 | parp14 1 1429 | 0.832 350.0
parp14 1 741 | parp14 1 1430 | 0.581 350.0
parp14 1 741 | parp14 1 1431 | 0.540 350.0
parp14 1 741 | parp14 1 1432 | 0.659 350.0
parp14 1 741 | parp14 1 1433 | 0.879 350.0
parp14 1 741 | parp14 1 1436 | 0.843 350.0
parp14 1 741 | parp14 1 1439 | 0.708 350.0
parp14 1 741 | parp14 1 1440 | 0.827 350.0
parp14 1 741 | parp14 1 1443 | 0.862 350.0
parp14 1 742 | parp14 1 1428 | 0.659 350.0
parp14 1 742 | parp14 1 1429 | 0.556 350.0
parp14 1 742 | parp14 1 1430 | 0.435 350.0
parp14 1 742 | parp14 1 1431 | 0.623 350.0
parp14 1 742 | parp14 1 1432 | 0.875 350.0
parp14 1 742 | parp14 1 1443 | 0.887 350.0
parp14 1 743 | parp14 1 1427 | 0.824 350.0
parp14 1 743 | parp14 1 1428 | 0.554 350.0
parp14 1 743 | parp14 1 1429 | 0.513 350.0
parp14 1 743 | parp14 1 1430 | 0.641 350.0
parp14 1 743 | parp14 1 1431 | 0.793 350.0
parp14 1 743 | parp14 1 1443 | 0.734 350.0
parp14 1 744 | parp14 1 1427 | 0.589 350.0
parp14 1 744 | parp14 1 1428 | 0.449 350.0
parp14 1 744 | parp14 1 1429 | 0.646 350.0
parp14 1 744 | parp14 1 1430 | 0.892 350.0
parp14 1 745 | parp14 1 1427 | 0.529 350.0
parp14 1 745 | parp14 1 1428 | 0.628 350.0
parp14 1 745 | parp14 1 1429 | 0.797 350.0
parp14 1 745 | parp14 1 1447 | 0.818 350.0
parp14 1 745 | parp14 1 1450 | 0.895 350.0
parp14 1 746 | parp14 1 1427 | 0.644 350.0
parp14 1 746 | parp14 1 1428 | 0.873 350.0
parp14 1 747 | parp14 1 1427 | 0.780 350.0
parp14 1 747 | parp14 1 1450 | 0.782 350.0
parp14 1 747 | parp14 1 1451 | 0.826 350.0
parp14 1 748 | parp14 1 1427 | 0.851 350.0
parp14 1 749 | parp14 1 1427 | 0.870 350.0
parp14 1 749 | parp14 1 1450 | 0.887 350.0
parp14 1 750 | parp14 1 1427 | 0.648 350.0
parp14 1 750 | parp14 1 1450 | 0.624 350.0
parp14 1 750 | parp14 1 1453 | 0.870 350.0
parp14 1 751 | parp14 1 1427 | 0.540 350.0
parp14 1 751 | parp14 1 1428 | 0.824 350.0
parp14 1 751 | parp14 1 1429 | 0.898 350.0
parp14 1 753 | parp14 1 1450 | 0.779 350.0
parp14 1 753 | parp14 1 1453 | 0.834 350.0
parp14 1 754 | parp14 1 1450 | 0.849 350.0
parp14 1 761 | parp14 1 1446 | 0.861 350.0
parp14 1 765 | parp14 1 1442 | 0.627 350.0
parp14 1 765 | parp14 1 1445 | 0.850 350.0
parp14 1 765 | parp14 1 1446 | 0.858 350.0
parp14 1 766 | parp14 1 1433 | 0.892 350.0
parp14 1 766 | parp14 1 1442 | 0.890 350.0
parp14 1 768 | parp14 1 1442 | 0.811 350.0
parp14 1 769 | parp14 1 1433 | 0.800 350.0
parp14 1 769 | parp14 1 1438 | 0.548 350.0
parp14 1 769 | parp14 1 1439 | 0.746 350.0
parp14 1 769 | parp14 1 1441 | 0.718 350.0
parp14 1 769 | parp14 1 1442 | 0.616 350.0
parp14 1 770 | parp14 1 1432 | 0.894 350.0
parp14 1 770 | parp14 1 1433 | 0.644 350.0
parp14 1 770 | parp14 1 1434 | 0.759 350.0
parp14 1 770 | parp14 1 1438 | 0.720 350.0
parp14 1 770 | parp14 1 1439 | 0.864 350.0
parp14 1 770 | parp14 1 1442 | 0.879 350.0
parp14 1 771 | parp14 1 1431 | 0.662 350.0
parp14 1 771 | parp14 1 1432 | 0.553 350.0
parp14 1 771 | parp14 1 1433 | 0.438 350.0
parp14 1 771 | parp14 1 1434 | 0.734 350.0
parp14 1 771 | parp14 1 1435 | 0.899 350.0
parp14 1 771 | parp14 1 1438 | 0.692 350.0
parp14 1 771 | parp14 1 1439 | 0.647 350.0
parp14 1 771 | parp14 1 1442 | 0.698 350.0
parp14 1 772 | parp14 1 1430 | 0.815 350.0
parp14 1 772 | parp14 1 1431 | 0.565 350.0
parp14 1 772 | parp14 1 1432 | 0.506 350.0
parp14 1 772 | parp14 1 1433 | 0.635 350.0
parp14 1 772 | parp14 1 1439 | 0.879 350.0
parp14 1 772 | parp14 1 1442 | 0.891 350.0
parp14 1 773 | parp14 1 1429 | 0.678 350.0
parp14 1 773 | parp14 1 1430 | 0.571 350.0
parp14 1 773 | parp14 1 1431 | 0.457 350.0
parp14 1 773 | parp14 1 1432 | 0.644 350.0
parp14 1 773 | parp14 1 1433 | 0.892 350.0
parp14 1 773 | parp14 1 1442 | 0.859 350.0
parp14 1 774 | parp14 1 1428 | 0.864 350.0
parp14 1 774 | parp14 1 1429 | 0.585 350.0
parp14 1 774 | parp14 1 1430 | 0.523 350.0
parp14 1 774 | parp14 1 1431 | 0.656 350.0
parp14 1 774 | parp14 1 1432 | 0.845 350.0
parp14 1 775 | parp14 1 1427 | 0.724 350.0
parp14 1 775 | parp14 1 1428 | 0.609 350.0
parp14 1 775 | parp14 1 1429 | 0.468 350.0
parp14 1 775 | parp14 1 1430 | 0.630 350.0
parp14 1 775 | parp14 1 1431 | 0.883 350.0
parp14 1 776 | parp14 1 1427 | 0.715 350.0
parp14 1 776 | parp14 1 1428 | 0.514 350.0
parp14 1 776 | parp14 1 1429 | 0.553 350.0
parp14 1 776 | parp14 1 1430 | 0.635 350.0
parp9 1 60 | parp9 1 519 | 0.800 350.0
parp9 1 60 | parp9 1 520 | 0.561 350.0
parp9 1 60 | parp9 1 521 | 0.561 350.0
parp9 1 60 | parp9 1 522 | 0.644 350.0
parp9 1 60 | parp9 1 523 | 0.725 350.0
parp9 1 60 | parp9 1 524 | 0.681 350.0
parp9 1 60 | parp9 1 527 | 0.782 350.0
parp9 1 61 | parp9 1 518 | 0.673 350.0
parp9 1 61 | parp9 1 519 | 0.557 350.0
parp9 1 61 | parp9 1 520 | 0.449 350.0
parp9 1 61 | parp9 1 521 | 0.687 350.0
parp9 1 61 | parp9 1 527 | 0.855 350.0
parp9 1 62 | parp9 1 517 | 0.803 350.0
parp9 1 62 | parp9 1 518 | 0.577 350.0
parp9 1 62 | parp9 1 519 | 0.516 350.0
parp9 1 62 | parp9 1 520 | 0.654 350.0
parp9 1 62 | parp9 1 521 | 0.892 350.0
parp9 1 62 | parp9 1 527 | 0.805 350.0
parp9 1 62 | parp9 1 531 | 0.899 350.0
parp9 1 63 | parp9 1 516 | 0.591 350.0
parp9 1 63 | parp9 1 517 | 0.561 350.0
parp9 1 63 | parp9 1 518 | 0.462 350.0
parp9 1 63 | parp9 1 519 | 0.626 350.0
parp9 1 63 | parp9 1 520 | 0.895 350.0
parp9 1 64 | parp9 1 516 | 0.522 350.0
parp9 1 64 | parp9 1 517 | 0.502 350.0
parp9 1 64 | parp9 1 518 | 0.643 350.0
parp9 1 64 | parp9 1 519 | 0.745 350.0
parp9 1 64 | parp9 1 531 | 0.768 350.0
parp9 1 64 | parp9 1 534 | 0.894 350.0
parp9 1 65 | parp9 1 516 | 0.422 350.0
parp9 1 65 | parp9 1 517 | 0.650 350.0
parp9 1 65 | parp9 1 518 | 0.879 350.0
parp9 1 66 | parp9 1 516 | 0.519 350.0
parp9 1 66 | parp9 1 517 | 0.713 350.0
parp9 1 66 | parp9 1 538 | 0.855 350.0
parp9 1 67 | parp9 1 516 | 0.819 350.0
parp9 1 70 | parp9 1 538 | 0.709 350.0
parp9 1 71 | parp9 1 516 | 0.759 350.0
parp9 1 71 | parp9 1 517 | 0.852 350.0
parp9 1 85 | parp9 1 519 | 0.899 350.0
parp9 1 85 | parp9 1 530 | 0.647 350.0
parp9 1 85 | parp9 1 533 | 0.897 350.0
parp9 1 85 | parp9 1 534 | 0.888 350.0
parp9 1 88 | parp9 1 530 | 0.812 350.0
parp9 1 89 | parp9 1 521 | 0.852 350.0
parp9 1 89 | parp9 1 526 | 0.539 350.0
parp9 1 89 | parp9 1 527 | 0.745 350.0
parp9 1 89 | parp9 1 529 | 0.696 350.0
parp9 1 89 | parp9 1 530 | 0.595 350.0
parp9 1 90 | parp9 1 521 | 0.677 350.0
parp9 1 90 | parp9 1 522 | 0.807 350.0
parp9 1 90 | parp9 1 523 | 0.887 350.0
parp9 1 90 | parp9 1 526 | 0.671 350.0
parp9 1 90 | parp9 1 527 | 0.854 350.0
parp9 1 90 | parp9 1 530 | 0.872 350.0
parp9 1 91 | parp9 1 519 | 0.667 350.0
parp9 1 91 | parp9 1 520 | 0.565 350.0
parp9 1 91 | parp9 1 521 | 0.466 350.0
parp9 1 91 | parp9 1 522 | 0.762 350.0
parp9 1 91 | parp9 1 523 | 0.874 350.0
parp9 1 91 | parp9 1 526 | 0.664 350.0
parp9 1 91 | parp9 1 527 | 0.656 350.0
parp9 1 91 | parp9 1 530 | 0.710 350.0
parp9 1 92 | parp9 1 518 | 0.819 350.0
parp9 1 92 | parp9 1 519 | 0.586 350.0
parp9 1 92 | parp9 1 520 | 0.497 350.0
parp9 1 92 | parp9 1 521 | 0.620 350.0
parp9 1 93 | parp9 1 517 | 0.658 350.0
parp9 1 93 | parp9 1 518 | 0.552 350.0
parp9 1 93 | parp9 1 519 | 0.457 350.0
parp9 1 93 | parp9 1 520 | 0.617 350.0
parp9 1 93 | parp9 1 521 | 0.874 350.0
parp9 1 94 | parp9 1 516 | 0.836 350.0
parp9 1 94 | parp9 1 517 | 0.559 350.0
parp9 1 94 | parp9 1 518 | 0.509 350.0
parp9 1 94 | parp9 1 519 | 0.670 350.0
parp9 1 94 | parp9 1 520 | 0.869 350.0
parp9 1 95 | parp9 1 516 | 0.606 350.0
parp9 1 95 | parp9 1 517 | 0.470 350.0
parp9 1 95 | parp9 1 518 | 0.628 350.0
parp9 1 95 | parp9 1 519 | 0.895 350.0
parp9 1 96 | parp9 1 516 | 0.514 350.0
parp9 1 96 | parp9 1 517 | 0.594 350.0
parp9 1 96 | parp9 1 518 | 0.671 350.0
