parp14 1 739 | parp14 1 1431 | 0.829 350.0
parp14 1 739 | parp14 1 1432 | 0.575 350.0
parp14 1 739 | parp14 1 1433 | 0.548 350.0
parp14 1 739 | parp14 1 1434 | 0.592 350.0
parp14 1 739 | parp14 1 1435 | 0.606 350.0
parp14 1 739 | parp14 1 1436 | 0.602 350.0
parp14 1 739 | parp14 1 1439 | 0.739 350.0
parp14 1 740 | parp14 1 1430 | 0.691 350.0
parp14 1 740 | parp14 1 1431 | 0.577 350.0
parp14 1 740 | parp14 1 1432 | 0.448 350.0
parp14 1 740 | parp14 1 1433 | 0.666 350.0
parp14 1 740 | parp14 1 1434 | 0.880 350.0
parp14 1 740 | parp14 1 1436 | 0.820 350.0
parp14 1 740 | parp14 1 1439 | 0.761 350.0
parp14 1 741 | parp14 1 1429 | 0.834 350.0
parp14 1 741 | parp14 1 1430 | 0.581 350.0
parp14 1 741 | parp14 1 1431 | 0.540 350.0
parp14 1 741 | parp14 1 1432 | 0.655 350.0
parp14 1 741 | parp14 1 1433 | 0.879 350.0
parp14 1 741 | parp14 1 1436 | 0.847 350.0
parp14 1 741 | parp14 1 1439 | 0.714 350.0
parp14 1 741 | parp14 1 1440 | 0.837 350.0
parp14 1 741 | parp14 1 1443 | 0.864 350.0
parp14 1 742 | parp14 1 1428 | 0.661 350.0
parp14 1 742 | parp14 1 1429 | 0.554 350.0
parp14 1 742 | parp14 1 1430 | 0.437 350.0
parp14 1 742 | parp14 1 1431 | 0.620 350.0
parp14 1 742 | parp14 1 1432 | 0.875 350.0
parp14 1 742 | parp14 1 1443 | 0.880 350.0
parp14 1 743 | parp14 1 1427 | 0.825 350.0
parp14 1 743 | parp14 1 1428 | 0.556 350.0
parp14 1 743 | parp14 1 1429 | 0.510 350.0
parp14 1 743 | parp14 1 1430 | 0.638 350.0
parp14 1 743 | parp14 1 1431 | 0.784 350.0
parp14 1 743 | parp14 1 1443 | 0.722 350.0
parp14 1 743 | parp14 1 1447 | 0.892 350.0
parp14 1 744 | parp14 1 1427 | 0.587 350.0
parp14 1 744 | parp14 1 1428 | 0.447 350.0
parp14 1 744 | parp14 1 1429 | 0.641 350.0
parp14 1 744 | parp14 1 1430 | 0.891 350.0
parp14 1 745 | parp14 1 1427 | 0.534 350.0
parp14 1 745 | parp14 1 1428 | 0.637 350.0
parp14 1 745 | parp14 1 1429 | 0.813 350.0
parp14 1 745 | parp14 1 1447 | 0.815 350.0
parp14 1 745 | parp14 1 1450 | 0.889 350.0
parp14 1 746 | parp14 1 1427 | 0.649 350.0
parp14 1 746 | parp14 1 1428 | 0.886 350.0
parp14 1 747 | parp14 1 1427 | 0.798 350.0
parp14 1 747 | parp14 1 1450 | 0.766 350.0
parp14 1 747 | parp14 1 1451 | 0.791 350.0
parp14 1 748 | parp14 1 1427 | 0.875 350.0
parp14 1 749 | parp14 1 1427 | 0.887 350.0
parp14 1 749 | parp14 1 1450 | 0.885 350.0
parp14 1 750 | parp14 1 1427 | 0.672 350.0
parp14 1 750 | parp14 1 1450 | 0.613 350.0
parp14 1 750 | parp14 1 1451 | 0.885 350.0
parp14 1 750 | parp14 1 1453 | 0.842 350.0
parp14 1 751 | parp14 1 1427 | 0.544 350.0
parp14 1 751 | parp14 1 1428 | 0.827 350.0
parp14 1 753 | parp14 1 1450 | 0.799 350.0
parp14 1 753 | parp14 1 1453 | 0.833 350.0
parp14 1 754 | parp14 1 1450 | 0.861 350.0
parp14 1 761 | parp14 1 1446 | 0.872 350.0
parp14 1 765 | parp14 1 1442 | 0.628 350.0
parp14 1 765 | parp14 1 1445 | 0.841 350.0
parp14 1 765 | parp14 1 1446 | 0.845 350.0
parp14 1 766 | parp14 1 1433 | 0.896 350.0
parp14 1 766 | parp14 1 1442 | 0.886 350.0
parp14 1 768 | parp14 1 1442 | 0.805 350.0
parp14 1 769 | parp14 1 1433 | 0.804 350.0
parp14 1 769 | parp14 1 1438 | 0.558 350.0
parp14 1 769 | parp14 1 1439 | 0.751 350.0
parp14 1 769 | parp14 1 1441 | 0.712 350.0
parp14 1 769 | parp14 1 1442 | 0.609 350.0
parp14 1 770 | parp14 1 1432 | 0.897 350.0
parp14 1 770 | parp14 1 1433 | 0.649 350.0
parp14 1 770 | parp14 1 1434 | 0.765 350.0
parp14 1 770 | parp14 1 1438 | 0.719 350.0
parp14 1 770 | parp14 1 1439 | 0.866 350.0
parp14 1 770 | parp14 1 1442 | 0.871 350.0
parp14 1 771 | parp14 1 1431 | 0.667 350.0
parp14 1 771 | parp14 1 1432 | 0.555 350.0
parp14 1 771 | parp14 1 1433 | 0.440 350.0
parp14 1 771 | parp14 1 1434 | 0.734 350.0
parp14 1 771 | parp14 1 1438 | 0.688 350.0
parp14 1 771 | parp14 1 1439 | 0.646 350.0
parp14 1 771 | parp14 1 1442 | 0.688 350.0
parp14 1 772 | parp14 1 1430 | 0.818 350.0
parp14 1 772 | parp14 1 1431 | 0.566 350.0
parp14 1 772 | parp14 1 1432 | 0.506 350.0
parp14 1 772 | parp14 1 1433 | 0.633 350.0
parp14 1 772 | parp14 1 1439 | 0.877 350.0
parp14 1 772 | parp14 1 1442 | 0.885 350.0
parp14 1 773 | parp14 1 1429 | 0.683 350.0
parp14 1 773 | parp14 1 1430 | 0.565 350.0
parp14 1 773 | parp14 1 1431 | 0.448 350.0
parp14 1 773 | parp14 1 1432 | 0.633 350.0
parp14 1 773 | parp14 1 1433 | 0.884 350.0
parp14 1 773 | parp14 1 1442 | 0.859 350.0
parp14 1 774 | parp14 1 1428 | 0.869 350.0
parp14 1 774 | parp14 1 1429 | 0.580 350.0
parp14 1 774 | parp14 1 1430 | 0.533 350.0
parp14 1 774 | parp14 1 1431 | 0.664 350.0
parp14 1 774 | parp14 1 1432 | 0.864 350.0
parp14 1 775 | parp14 1 1427 | 0.725 350.0
parp14 1 775 | parp14 1 1428 | 0.613 350.0
parp14 1 775 | parp14 1 1429 | 0.465 350.0
parp14 1 775 | parp14 1 1430 | 0.635 350.0
parp14 1 775 | parp14 1 1431 | 0.890 350.0
parp14 1 776 | parp14 1 1427 | 0.722 350.0
parp14 1 776 | parp14 1 1428 | 0.527 350.0
parp14 1 776 | parp14 1 1429 | 0.554 350.0
parp14 1 776 | parp14 1 1430 | 0.646 350.0
parp9 1 60 | parp9 1 519 | 0.798 350.0
parp9 1 60 | parp9 1 520 | 0.571 350.0
parp9 1 60 | parp9 1 521 | 0.556 350.0
parp9 1 60 | parp9 1 522 | 0.633 350.0
parp9 1 60 | parp9 1 523 | 0.711 350.0
parp9 1 60 | parp9 1 524 | 0.684 350.0
parp9 1 60 | parp9 1 527 | 0.758 350.0
parp9 1 61 | parp9 1 518 | 0.675 350.0
parp9 1 61 | parp9 1 519 | 0.550 350.0
parp9 1 61 | parp9 1 520 | 0.450 350.0
parp9 1 61 | parp9 1 521 | 0.672 350.0
parp9 1 61 | parp9 1 527 | 0.823 350.0
parp9 1 62 | parp9 1 517 | 0.803 350.0
parp9 1 62 | parp9 1 518 | 0.577 350.0
parp9 1 62 | parp9 1 519 | 0.519 350.0
parp9 1 62 | parp9 1 520 | 0.665 350.0
parp9 1 62 | parp9 1 521 | 0.878 350.0
parp9 1 62 | parp9 1 527 | 0.776 350.0
parp9 1 62 | parp9 1 531 | 0.875 350.0
parp9 1 63 | parp9 1 516 | 0.589 350.0
parp9 1 63 | parp9 1 517 | 0.560 350.0
parp9 1 63 | parp9 1 518 | 0.459 350.0
parp9 1 63 | parp9 1 519 | 0.631 350.0
parp9 1 63 | parp9 1 520 | 0.899 350.0
parp9 1 64 | parp9 1 516 | 0.522 350.0
parp9 1 64 | parp9 1 517 | 0.502 350.0
parp9 1 64 | parp9 1 518 | 0.643 350.0
parp9 1 64 | parp9 1 519 | 0.761 350.0
parp9 1 64 | parp9 1 531 | 0.756 350.0
parp9 1 64 | parp9 1 534 | 0.875 350.0
parp9 1 64 | parp9 1 535 | 0.898 350.0
parp9 1 65 | parp9 1 516 | 0.427 350.0
parp9 1 65 | parp9 1 517 | 0.655 350.0
parp9 1 65 | parp9 1 518 | 0.878 350.0
parp9 1 66 | parp9 1 516 | 0.520 350.0
parp9 1 66 | parp9 1 517 | 0.716 350.0
parp9 1 66 | parp9 1 538 | 0.855 350.0
parp9 1 67 | parp9 1 516 | 0.808 350.0
parp9 1 70 | parp9 1 538 | 0.711 350.0
parp9 1 71 | parp9 1 516 | 0.758 350.0
parp9 1 71 | parp9 1 517 | 0.855 350.0
parp9 1 85 | parp9 1 519 | 0.883 350.0
parp9 1 85 | parp9 1 530 | 0.651 350.0
parp9 1 85 | parp9 1 533 | 0.893 350.0
parp9 1 85 | parp9 1 534 | 0.890 350.0
parp9 1 88 | parp9 1 530 | 0.819 350.0
parp9 1 89 | parp9 1 521 | 0.842 350.0
parp9 1 89 | parp9 1 526 | 0.546 350.0
parp9 1 89 | parp9 1 527 | 0.766 350.0
parp9 1 89 | parp9 1 529 | 0.693 350.0
parp9 1 89 | parp9 1 530 | 0.591 350.0
parp9 1 90 | parp9 1 520 | 0.894 350.0
parp9 1 90 | parp9 1 521 | 0.668 350.0
parp9 1 90 | parp9 1 522 | 0.798 350.0
parp9 1 90 | parp9 1 523 | 0.889 350.0
parp9 1 90 | parp9 1 526 | 0.667 350.0
parp9 1 90 | parp9 1 527 | 0.870 350.0
parp9 1 90 | parp9 1 530 | 0.866 350.0
parp9 1 91 | parp9 1 519 | 0.641 350.0
parp9 1 91 | parp9 1 520 | 0.554 350.0
parp9 1 91 | parp9 1 521 | 0.456 350.0
parp9 1 91 | parp9 1 522 | 0.752 350.0
parp9 1 91 | parp9 1 523 | 0.878 350.0
parp9 1 91 | parp9 1 526 | 0.662 350.0
parp9 1 91 | parp9 1 527 | 0.677 350.0
parp9 1 91 | parp9 1 530 | 0.711 350.0
parp9 1 92 | parp9 1 518 | 0.819 350.0
parp9 1 92 | parp9 1 519 | 0.587 350.0
parp9 1 92 | parp9 1 520 | 0.507 350.0
parp9 1 92 | parp9 1 521 | 0.635 350.0
parp9 1 93 | parp9 1 517 | 0.658 350.0
parp9 1 93 | parp9 1 518 | 0.551 350.0
parp9 1 93 | parp9 1 519 | 0.459 350.0
parp9 1 93 | parp9 1 520 | 0.621 350.0
parp9 1 93 | parp9 1 521 | 0.872 350.0
parp9 1 94 | parp9 1 516 | 0.847 350.0
parp9 1 94 | parp9 1 517 | 0.578 350.0
parp9 1 94 | parp9 1 518 | 0.508 350.0
parp9 1 94 | parp9 1 519 | 0.668 350.0
parp9 1 94 | parp9 1 520 | 0.851 350.0
parp9 1 95 | parp9 1 516 | 0.611 350.0
parp9 1 95 | parp9 1 517 | 0.471 350.0
parp9 1 95 | parp9 1 518 | 0.619 350.0
parp9 1 95 | parp9 1 519 | 0.887 350.0
parp9 1 96 | parp9 1 516 | 0.505 350.0
parp9 1 96 | parp9 1 517 | 0.586 350.0
parp9 1 96 | parp9 1 518 | 0.662 350.0
