parp14 1 739 | parp14 1 1431 | 0.829 350.0
parp14 1 739 | parp14 1 1432 | 0.576 350.0
parp14 1 739 | parp14 1 1433 | 0.544 350.0
parp14 1 739 | parp14 1 1434 | 0.590 350.0
parp14 1 739 | parp14 1 1435 | 0.587 350.0
parp14 1 739 | parp14 1 1436 | 0.583 350.0
parp14 1 739 | parp14 1 1439 | 0.729 350.0
parp14 1 740 | parp14 1 1430 | 0.690 350.0
parp14 1 740 | parp14 1 1431 | 0.577 350.0
parp14 1 740 | parp14 1 1432 | 0.448 350.0
parp14 1 740 | parp14 1 1433 | 0.661 350.0
parp14 1 740 | parp14 1 1434 | 0.877 350.0
parp14 1 740 | parp14 1 1435 | 0.899 350.0
parp14 1 740 | parp14 1 1436 | 0.796 350.0
parp14 1 740 | parp14 1 1439 | 0.745 350.0
parp14 1 741 | parp14 1 1429 | 0.831 350.0
parp14 1 741 | parp14 1 1430 | 0.580 350.0
parp14 1 741 | parp14 1 1431 | 0.543 350.0
parp14 1 741 | parp14 1 1432 | 0.657 350.0
parp14 1 741 | parp14 1 1433 | 0.874 350.0
parp14 1 741 | parp14 1 1436 | 0.823 350.0
parp14 1 741 | parp14 1 1439 | 0.697 350.0
parp14 1 741 | parp14 1 1440 | 0.815 350.0
parp14 1 741 | parp14 1 1443 | 0.858 350.0
parp14 1 742 | parp14 1 1428 | 0.660 350.0
parp14 1 742 | parp14 1 1429 | 0.562 350.0
parp14 1 742 | parp14 1 1430 | 0.441 350.0
parp14 1 742 | parp14 1 1431 | 0.630 350.0
parp14 1 742 | parp14 1 1432 | 0.879 350.0
parp14 1 742 | parp14 1 1443 | 0.886 350.0
parp14 1 743 | parp14 1 1427 | 0.823 350.0
parp14 1 743 | parp14 1 1428 | 0.557 350.0
parp14 1 743 | parp14 1 1429 | 0.514 350.0
parp14 1 743 | parp14 1 1430 | 0.637 350.0
parp14 1 743 | parp14 1 1431 | 0.787 350.0
parp14 1 743 | parp14 1 1443 | 0.722 350.0
parp14 1 744 | parp14 1 1427 | 0.591 350.0
parp14 1 744 | parp14 1 1428 | 0.449 350.0
parp14 1 744 | parp14 1 1429 | 0.645 350.0
parp14 1 744 | parp14 1 1430 | 0.886 350.0
parp14 1 745 | parp14 1 1427 | 0.529 350.0
parp14 1 745 | parp14 1 1428 | 0.629 350.0
parp14 1 745 | parp14 1 1429 | 0.800 350.0
parp14 1 745 | parp14 1 1447 | 0.816 350.0
parp14 1 746 | parp14 1 1427 | 0.650 350.0
parp14 1 746 | parp14 1 1428 | 0.875 350.0
parp14 1 747 | parp14 1 1427 | 0.769 350.0
parp14 1 747 | parp14 1 1450 | 0.792 350.0
parp14 1 747 | parp14 1 1451 | 0.830 350.0
parp14 1 748 | parp14 1 1427 | 0.843 350.0
parp14 1 749 | parp14 1 1427 | 0.849 350.0
parp14 1 749 | parp14 1 1450 | 0.885 350.0
parp14 1 750 | parp14 1 1427 | 0.631 350.0
parp14 1 750 | parp14 1 1450 | 0.625 350.0
parp14 1 750 | parp14 1 1453 | 0.882 350.0
parp14 1 751 | parp14 1 1427 | 0.542 350.0
parp14 1 751 | parp14 1 1428 | 0.823 350.0
parp14 1 751 | parp14 1 1429 | 0.893 350.0
parp14 1 753 | parp14 1 1450 | 0.755 350.0
parp14 1 753 | parp14 1 1453 | 0.815 350.0
parp14 1 754 | parp14 1 1450 | 0.849 350.0
parp14 1 761 | parp14 1 1446 | 0.840 350.0
parp14 1 765 | parp14 1 1442 | 0.619 350.0
parp14 1 765 | parp14 1 1445 | 0.841 350.0
parp14 1 765 | parp14 1 1446 | 0.843 350.0
parp14 1 766 | parp14 1 1433 | 0.894 350.0
parp14 1 766 | parp14 1 1442 | 0.886 350.0
parp14 1 768 | parp14 1 1442 | 0.815 350.0
parp14 1 769 | parp14 1 1433 | 0.794 350.0
parp14 1 769 | parp14 1 1438 | 0.560 350.0
parp14 1 769 | parp14 1 1439 | 0.755 350.0
parp14 1 769 | parp14 1 1441 | 0.720 350.0
parp14 1 769 | parp14 1 1442 | 0.616 350.0
parp14 1 770 | parp14 1 1432 | 0.894 350.0
parp14 1 770 | parp14 1 1433 | 0.644 350.0
parp14 1 770 | parp14 1 1434 | 0.753 350.0
parp14 1 770 | parp14 1 1438 | 0.727 350.0
parp14 1 770 | parp14 1 1439 | 0.871 350.0
parp14 1 770 | parp14 1 1442 | 0.876 350.0
parp14 1 771 | parp14 1 1431 | 0.664 350.0
parp14 1 771 | parp14 1 1432 | 0.554 350.0
parp14 1 771 | parp14 1 1433 | 0.436 350.0
parp14 1 771 | parp14 1 1434 | 0.727 350.0
parp14 1 771 | parp14 1 1438 | 0.690 350.0
parp14 1 771 | parp14 1 1439 | 0.649 350.0
parp14 1 771 | parp14 1 1442 | 0.692 350.0
parp14 1 772 | parp14 1 1430 | 0.823 350.0
parp14 1 772 | parp14 1 1431 | 0.569 350.0
parp14 1 772 | parp14 1 1432 | 0.511 350.0
parp14 1 772 | parp14 1 1433 | 0.637 350.0
parp14 1 772 | parp14 1 1439 | 0.877 350.0
parp14 1 772 | parp14 1 1442 | 0.885 350.0
parp14 1 773 | parp14 1 1429 | 0.685 350.0
parp14 1 773 | parp14 1 1430 | 0.573 350.0
parp14 1 773 | parp14 1 1431 | 0.450 350.0
parp14 1 773 | parp14 1 1432 | 0.636 350.0
parp14 1 773 | parp14 1 1433 | 0.882 350.0
parp14 1 773 | parp14 1 1442 | 0.850 350.0
parp14 1 774 | parp14 1 1428 | 0.877 350.0
parp14 1 774 | parp14 1 1429 | 0.591 350.0
parp14 1 774 | parp14 1 1430 | 0.533 350.0
parp14 1 774 | parp14 1 1431 | 0.655 350.0
parp14 1 774 | parp14 1 1432 | 0.849 350.0
parp14 1 775 | parp14 1 1427 | 0.739 350.0
parp14 1 775 | parp14 1 1428 | 0.623 350.0
parp14 1 775 | parp14 1 1429 | 0.468 350.0
parp14 1 775 | parp14 1 1430 | 0.631 350.0
parp14 1 775 | parp14 1 1431 | 0.875 350.0
parp14 1 776 | parp14 1 1427 | 0.745 350.0
parp14 1 776 | parp14 1 1428 | 0.542 350.0
parp14 1 776 | parp14 1 1429 | 0.554 350.0
parp14 1 776 | parp14 1 1430 | 0.629 350.0
parp9 1 60 | parp9 1 519 | 0.795 350.0
parp9 1 60 | parp9 1 520 | 0.572 350.0
parp9 1 60 | parp9 1 521 | 0.552 350.0
parp9 1 60 | parp9 1 522 | 0.626 350.0
parp9 1 60 | parp9 1 523 | 0.702 350.0
parp9 1 60 | parp9 1 524 | 0.680 350.0
parp9 1 60 | parp9 1 527 | 0.732 350.0
parp9 1 61 | parp9 1 518 | 0.684 350.0
parp9 1 61 | parp9 1 519 | 0.552 350.0
parp9 1 61 | parp9 1 520 | 0.450 350.0
parp9 1 61 | parp9 1 521 | 0.672 350.0
parp9 1 61 | parp9 1 522 | 0.897 350.0
parp9 1 61 | parp9 1 527 | 0.819 350.0
parp9 1 62 | parp9 1 517 | 0.805 350.0
parp9 1 62 | parp9 1 518 | 0.577 350.0
parp9 1 62 | parp9 1 519 | 0.512 350.0
parp9 1 62 | parp9 1 520 | 0.659 350.0
parp9 1 62 | parp9 1 521 | 0.881 350.0
parp9 1 62 | parp9 1 527 | 0.778 350.0
parp9 1 62 | parp9 1 531 | 0.872 350.0
parp9 1 63 | parp9 1 516 | 0.610 350.0
parp9 1 63 | parp9 1 517 | 0.566 350.0
parp9 1 63 | parp9 1 518 | 0.455 350.0
parp9 1 63 | parp9 1 519 | 0.628 350.0
parp9 1 63 | parp9 1 520 | 0.893 350.0
parp9 1 64 | parp9 1 516 | 0.526 350.0
parp9 1 64 | parp9 1 517 | 0.503 350.0
parp9 1 64 | parp9 1 518 | 0.637 350.0
parp9 1 64 | parp9 1 519 | 0.762 350.0
parp9 1 64 | parp9 1 531 | 0.788 350.0
parp9 1 64 | parp9 1 534 | 0.894 350.0
parp9 1 65 | parp9 1 516 | 0.425 350.0
parp9 1 65 | parp9 1 517 | 0.651 350.0
parp9 1 65 | parp9 1 518 | 0.876 350.0
parp9 1 66 | parp9 1 516 | 0.517 350.0
parp9 1 66 | parp9 1 517 | 0.713 350.0
parp9 1 66 | parp9 1 538 | 0.842 350.0
parp9 1 67 | parp9 1 516 | 0.799 350.0
parp9 1 70 | parp9 1 538 | 0.715 350.0
parp9 1 71 | parp9 1 516 | 0.754 350.0
parp9 1 71 | parp9 1 517 | 0.852 350.0
parp9 1 85 | parp9 1 519 | 0.895 350.0
parp9 1 85 | parp9 1 530 | 0.658 350.0
parp9 1 85 | parp9 1 533 | 0.894 350.0
parp9 1 85 | parp9 1 534 | 0.892 350.0
parp9 1 88 | parp9 1 530 | 0.824 350.0
parp9 1 89 | parp9 1 521 | 0.850 350.0
parp9 1 89 | parp9 1 525 | 0.895 350.0
parp9 1 89 | parp9 1 526 | 0.545 350.0
parp9 1 89 | parp9 1 527 | 0.768 350.0
parp9 1 89 | parp9 1 529 | 0.698 350.0
parp9 1 89 | parp9 1 530 | 0.595 350.0
parp9 1 90 | parp9 1 520 | 0.898 350.0
parp9 1 90 | parp9 1 521 | 0.672 350.0
parp9 1 90 | parp9 1 522 | 0.809 350.0
parp9 1 90 | parp9 1 523 | 0.898 350.0
parp9 1 90 | parp9 1 526 | 0.667 350.0
parp9 1 90 | parp9 1 527 | 0.868 350.0
parp9 1 90 | parp9 1 530 | 0.866 350.0
parp9 1 91 | parp9 1 519 | 0.651 350.0
parp9 1 91 | parp9 1 520 | 0.559 350.0
parp9 1 91 | parp9 1 521 | 0.460 350.0
parp9 1 91 | parp9 1 522 | 0.761 350.0
parp9 1 91 | parp9 1 523 | 0.883 350.0
parp9 1 91 | parp9 1 526 | 0.656 350.0
parp9 1 91 | parp9 1 527 | 0.670 350.0
parp9 1 91 | parp9 1 530 | 0.705 350.0
parp9 1 92 | parp9 1 518 | 0.823 350.0
parp9 1 92 | parp9 1 519 | 0.587 350.0
parp9 1 92 | parp9 1 520 | 0.510 350.0
parp9 1 92 | parp9 1 521 | 0.634 350.0
parp9 1 93 | parp9 1 517 | 0.664 350.0
parp9 1 93 | parp9 1 518 | 0.553 350.0
parp9 1 93 | parp9 1 519 | 0.460 350.0
parp9 1 93 | parp9 1 520 | 0.623 350.0
parp9 1 93 | parp9 1 521 | 0.877 350.0
parp9 1 94 | parp9 1 516 | 0.848 350.0
parp9 1 94 | parp9 1 517 | 0.578 350.0
parp9 1 94 | parp9 1 518 | 0.506 350.0
parp9 1 94 | parp9 1 519 | 0.666 350.0
parp9 1 94 | parp9 1 520 | 0.851 350.0
parp9 1 95 | parp9 1 516 | 0.614 350.0
parp9 1 95 | parp9 1 517 | 0.476 350.0
parp9 1 95 | parp9 1 518 | 0.623 350.0
parp9 1 95 | parp9 1 519 | 0.892 350.0
parp9 1 96 | parp9 1 516 | 0.513 350.0
parp9 1 96 | parp9 1 517 | 0.597 350.0
parp9 1 96 | parp9 1 518 | 0.682 350.0
