i	j	b_idx	d[nm]	k[kJ/mol/nm^2]
1	2	0	0.3800	8033.0000
2	3	1	0.3800	8033.0000
3	4	2	0.3800	8033.0000
4	5	3	0.3800	8033.0000
5	6	4	0.3800	8033.0000
6	7	5	0.3800	8033.0000
7	8	6	0.3800	8033.0000
8	9	7	0.3800	8033.0000
9	10	8	0.3663	8033.0000
10	11	9	0.4824	8033.0000
11	12	10	0.4011	8033.0000
12	13	11	0.3602	8033.0000
13	14	12	0.4491	8033.0000
14	15	13	0.7353	8033.0000
15	16	14	0.5610	8033.0000
16	17	15	0.5876	8033.0000
17	18	16	0.5012	8033.0000
18	19	17	0.4493	8033.0000
19	20	18	0.3794	8033.0000
20	21	19	0.3952	8033.0000
21	22	20	0.4747	8033.0000
22	23	21	0.6339	8033.0000
23	24	22	0.5462	8033.0000
24	25	23	0.5102	8033.0000
25	26	24	0.4132	8033.0000
26	27	25	0.3917	8033.0000
27	28	26	0.3980	8033.0000
28	29	27	0.4707	8033.0000
29	30	28	0.4819	8033.0000
30	31	29	0.4586	8033.0000
31	32	30	0.4270	8033.0000
32	33	31	0.5638	8033.0000
33	34	32	0.5839	8033.0000
34	35	33	0.4811	8033.0000
35	36	34	0.4163	8033.0000
36	37	35	0.4850	8033.0000
37	38	36	0.4384	8033.0000
38	39	37	0.4661	8033.0000
39	40	38	0.5038	8033.0000
40	41	39	0.4320	8033.0000
41	42	40	0.4282	8033.0000
42	43	41	0.3598	8033.0000
43	44	42	0.4142	8033.0000
44	45	43	0.4106	8033.0000
45	46	44	0.4513	8033.0000
46	47	45	0.6390	8033.0000
47	48	46	0.5138	8033.0000
48	49	47	0.5349	8033.0000
49	50	48	0.5730	8033.0000
50	51	49	0.3364	8033.0000
51	52	50	0.4006	8033.0000
52	53	51	0.4186	8033.0000
53	54	52	0.5599	8033.0000
54	55	53	0.4533	8033.0000
55	56	54	0.4028	8033.0000
56	57	55	0.4638	8033.0000
57	58	56	0.5408	8033.0000
58	59	57	0.5218	8033.0000
59	60	58	0.4744	8033.0000
60	61	59	0.3251	8033.0000
61	62	60	0.4798	8033.0000
62	63	61	0.5350	8033.0000
63	64	62	0.5065	8033.0000
64	65	63	0.4992	8033.0000
65	66	64	0.6265	8033.0000
66	67	65	0.6032	8033.0000
67	68	66	0.5175	8033.0000
68	69	67	0.4474	8033.0000
69	70	68	0.4837	8033.0000
70	71	69	0.5555	8033.0000
71	72	70	0.5354	8033.0000
72	73	71	0.4397	8033.0000
73	74	72	0.5521	8033.0000
74	75	73	0.7444	8033.0000
75	76	74	0.6857	8033.0000
76	77	75	0.5036	8033.0000
77	78	76	0.5290	8033.0000
78	79	77	0.5644	8033.0000
79	80	78	0.5365	8033.0000
80	81	79	0.4799	8033.0000
81	82	80	0.4644	8033.0000
82	83	81	0.3169	8033.0000
83	84	82	0.3615	8033.0000
84	85	83	0.2993	8033.0000
85	86	84	0.4190	8033.0000
86	87	85	0.5982	8033.0000
87	88	86	0.6090	8033.0000
88	89	87	0.6929	8033.0000
89	90	88	0.5016	8033.0000
90	91	89	0.4865	8033.0000
91	92	90	0.4957	8033.0000
92	93	91	0.4940	8033.0000
93	94	92	0.4871	8033.0000
94	95	93	0.5575	8033.0000
95	96	94	0.4597	8033.0000
96	97	95	0.4617	8033.0000
97	98	96	0.3524	8033.0000
98	99	97	0.3496	8033.0000
99	100	98	0.5298	8033.0000
100	101	99	0.4122	8033.0000
101	102	100	0.5705	8033.0000
102	103	101	0.5125	8033.0000
103	104	102	0.3797	8033.0000
104	105	103	0.4308	8033.0000
105	106	104	0.4142	8033.0000
106	107	105	0.4062	8033.0000
107	108	106	0.4325	8033.0000
108	109	107	0.4330	8033.0000
109	110	108	0.5295	8033.0000
110	111	109	0.5681	8033.0000
111	112	110	0.5272	8033.0000
112	113	111	0.5490	8033.0000
113	114	112	0.6299	8033.0000
114	115	113	0.4835	8033.0000
115	116	114	0.5641	8033.0000
116	117	115	0.5384	8033.0000
117	118	116	0.6311	8033.0000
118	119	117	0.3618	8033.0000
119	120	118	0.4417	8033.0000
120	121	119	0.4637	8033.0000
121	122	120	0.4903	8033.0000
122	123	121	0.3837	8033.0000
123	124	122	0.3978	8033.0000
124	125	123	0.4180	8033.0000
125	126	124	0.4730	8033.0000
126	127	125	0.3692	8033.0000
127	128	126	0.3921	8033.0000
128	129	127	0.4076	8033.0000
129	130	128	0.5056	8033.0000
130	131	129	0.4167	8033.0000
131	132	130	0.6376	8033.0000
132	133	131	0.6221	8033.0000
133	134	132	0.3777	8033.0000
134	135	133	0.5083	8033.0000
135	136	134	0.4347	8033.0000
136	137	135	0.5626	8033.0000
137	138	136	0.4053	8033.0000
138	139	137	0.4922	8033.0000
139	140	138	0.4809	8033.0000
140	141	139	0.4046	8033.0000
141	142	140	0.4696	8033.0000
142	143	141	0.4854	8033.0000
143	144	142	0.4827	8033.0000
144	145	143	0.3958	8033.0000
145	146	144	0.5792	8033.0000
146	147	145	0.4987	8033.0000
147	148	146	0.6445	8033.0000
148	149	147	0.4782	8033.0000
149	150	148	0.5007	8033.0000
150	151	149	0.5340	8033.0000
151	152	150	0.5545	8033.0000
152	153	151	0.3415	8033.0000
153	154	152	0.4251	8033.0000
154	155	153	0.4451	8033.0000
155	156	154	0.5063	8033.0000
156	157	155	0.4158	8033.0000
157	158	156	0.4297	8033.0000
158	159	157	0.6645	8033.0000
159	160	158	0.4649	8033.0000
160	161	159	0.5811	8033.0000
161	162	160	0.4631	8033.0000
162	163	161	0.4354	8033.0000
163	164	162	0.4428	8033.0000
164	165	163	0.6259	8033.0000
165	166	164	0.4924	8033.0000
166	167	165	0.4469	8033.0000
167	168	166	0.4779	8033.0000
168	169	167	0.4825	8033.0000
169	170	168	0.4938	8033.0000
170	171	169	0.4420	8033.0000
171	172	170	0.5032	8033.0000
172	173	171	0.4808	8033.0000
173	174	172	0.7934	8033.0000
174	175	173	0.4768	8033.0000
175	176	174	0.3867	8033.0000
176	177	175	0.5612	8033.0000
177	178	176	0.5492	8033.0000
178	179	177	0.6493	8033.0000
179	180	178	0.5650	8033.0000
180	181	179	0.7952	8033.0000
181	182	180	0.5020	8033.0000
182	183	181	0.3800	8033.0000
183	184	182	0.3800	8033.0000
184	185	183	0.3800	8033.0000
185	186	184	0.3800	8033.0000
186	187	185	0.3800	8033.0000
187	188	186	0.3800	8033.0000
188	189	187	0.3800	8033.0000
189	190	188	0.3800	8033.0000
190	191	189	0.3800	8033.0000
191	192	190	0.3800	8033.0000
192	193	191	0.3800	8033.0000
193	194	192	0.3800	8033.0000
194	195	193	0.3800	8033.0000
195	196	194	0.3800	8033.0000
196	197	195	0.3800	8033.0000
197	198	196	0.3800	8033.0000
198	199	197	0.3800	8033.0000
199	200	198	0.3800	8033.0000
200	201	199	0.3800	8033.0000
201	202	200	0.3800	8033.0000
202	203	201	0.3800	8033.0000
203	204	202	0.3800	8033.0000
204	205	203	0.3800	8033.0000
205	206	204	0.3800	8033.0000
206	207	205	0.3800	8033.0000
207	208	206	0.3800	8033.0000
208	209	207	0.3800	8033.0000
209	210	208	0.3800	8033.0000
210	211	209	0.3800	8033.0000
211	212	210	0.3800	8033.0000
212	213	211	0.3800	8033.0000
213	214	212	0.3800	8033.0000
214	215	213	0.3800	8033.0000
215	216	214	0.3800	8033.0000
216	217	215	0.3800	8033.0000
217	218	216	0.3800	8033.0000
218	219	217	0.3800	8033.0000
219	220	218	0.3800	8033.0000
220	221	219	0.3800	8033.0000
221	222	220	0.3800	8033.0000
222	223	221	0.3800	8033.0000
223	224	222	0.3800	8033.0000
224	225	223	0.3800	8033.0000
225	226	224	0.3800	8033.0000
226	227	225	0.3800	8033.0000
227	228	226	0.3800	8033.0000
228	229	227	0.3800	8033.0000
229	230	228	0.3800	8033.0000
230	231	229	0.3800	8033.0000
231	232	230	0.3800	8033.0000
232	233	231	0.3800	8033.0000
233	234	232	0.3800	8033.0000
234	235	233	0.3800	8033.0000
235	236	234	0.3800	8033.0000
236	237	235	0.3800	8033.0000
237	238	236	0.3800	8033.0000
238	239	237	0.3800	8033.0000
239	240	238	0.3800	8033.0000
240	241	239	0.3800	8033.0000
241	242	240	0.3800	8033.0000
242	243	241	0.3800	8033.0000
243	244	242	0.3800	8033.0000
244	245	243	0.3800	8033.0000
245	246	244	0.3800	8033.0000
246	247	245	0.3800	8033.0000
247	248	246	0.3800	8033.0000
248	249	247	0.3800	8033.0000
249	250	248	0.3800	8033.0000
250	251	249	0.3800	8033.0000
251	252	250	0.3800	8033.0000
252	253	251	0.3800	8033.0000
253	254	252	0.3800	8033.0000
254	255	253	0.3800	8033.0000
255	256	254	0.3800	8033.0000
256	257	255	0.3800	8033.0000
257	258	256	0.3800	8033.0000
258	259	257	0.3800	8033.0000
259	260	258	0.3800	8033.0000
260	261	259	0.3800	8033.0000
261	262	260	0.3800	8033.0000
262	263	261	0.3800	8033.0000
263	264	262	0.3800	8033.0000
264	265	263	0.3800	8033.0000
265	266	264	0.3800	8033.0000
266	267	265	0.3800	8033.0000
267	268	266	0.3800	8033.0000
268	269	267	0.3800	8033.0000
269	270	268	0.3800	8033.0000
270	271	269	0.3800	8033.0000
271	272	270	0.3800	8033.0000
272	273	271	0.3800	8033.0000
273	274	272	0.3800	8033.0000
274	275	273	0.3800	8033.0000
275	276	274	0.3800	8033.0000
276	277	275	0.3800	8033.0000
277	278	276	0.3800	8033.0000
278	279	277	0.3800	8033.0000
279	280	278	0.3800	8033.0000
280	281	279	0.3800	8033.0000
281	282	280	0.3800	8033.0000
282	283	281	0.3800	8033.0000
283	284	282	0.3800	8033.0000
284	285	283	0.3800	8033.0000
285	286	284	0.3800	8033.0000
286	287	285	0.3800	8033.0000
287	288	286	0.3800	8033.0000
288	289	287	0.3800	8033.0000
289	290	288	0.3800	8033.0000
290	291	289	0.3800	8033.0000
291	292	290	0.3800	8033.0000
292	293	291	0.3800	8033.0000
293	294	292	0.3800	8033.0000
294	295	293	0.3800	8033.0000
295	296	294	0.3800	8033.0000
296	297	295	0.3800	8033.0000
297	298	296	0.3800	8033.0000
298	299	297	0.3800	8033.0000
299	300	298	0.3800	8033.0000
300	301	299	0.3800	8033.0000
301	302	300	0.3800	8033.0000
302	303	301	0.3800	8033.0000
303	304	302	0.3800	8033.0000
304	305	303	0.3800	8033.0000
305	306	304	0.3800	8033.0000
306	307	305	0.3800	8033.0000
307	308	306	0.3800	8033.0000
308	309	307	0.3800	8033.0000
309	310	308	0.3800	8033.0000
310	311	309	0.3800	8033.0000
311	312	310	0.3800	8033.0000
312	313	311	0.3800	8033.0000
313	314	312	0.3800	8033.0000
314	315	313	0.3800	8033.0000
315	316	314	0.3800	8033.0000
316	317	315	0.6042	8033.0000
317	318	316	0.5674	8033.0000
318	319	317	0.6499	8033.0000
319	320	318	0.4849	8033.0000
320	321	319	0.5830	8033.0000
321	322	320	0.5464	8033.0000
322	323	321	0.3965	8033.0000
323	324	322	0.4906	8033.0000
324	325	323	0.4892	8033.0000
325	326	324	0.4793	8033.0000
326	327	325	0.4230	8033.0000
327	328	326	0.5202	8033.0000
328	329	327	0.5498	8033.0000
329	330	328	0.5718	8033.0000
330	331	329	0.6386	8033.0000
331	332	330	0.6492	8033.0000
332	333	331	0.6164	8033.0000
333	334	332	0.5455	8033.0000
334	335	333	0.5736	8033.0000
335	336	334	0.4018	8033.0000
336	337	335	0.5221	8033.0000
337	338	336	0.5166	8033.0000
338	339	337	0.4437	8033.0000
339	340	338	0.4004	8033.0000
340	341	339	0.5344	8033.0000
341	342	340	0.5380	8033.0000
342	343	341	0.5305	8033.0000
343	344	342	0.5489	8033.0000
344	345	343	0.6159	8033.0000
345	346	344	0.5173	8033.0000
346	347	345	0.5105	8033.0000
347	348	346	0.5057	8033.0000
348	349	347	0.5780	8033.0000
349	350	348	0.4892	8033.0000
350	351	349	0.5588	8033.0000
351	352	350	0.5084	8033.0000
352	353	351	0.4911	8033.0000
353	354	352	0.6037	8033.0000
354	355	353	0.5528	8033.0000
355	356	354	0.6277	8033.0000
356	357	355	0.6058	8033.0000
357	358	356	0.6450	8033.0000
358	359	357	0.6386	8033.0000
359	360	358	0.5066	8033.0000
360	361	359	0.4552	8033.0000
361	362	360	0.4128	8033.0000
362	363	361	0.4812	8033.0000
363	364	362	0.5022	8033.0000
364	365	363	0.5607	8033.0000
365	366	364	0.4366	8033.0000
366	367	365	0.5218	8033.0000
367	368	366	0.6611	8033.0000
368	369	367	0.6791	8033.0000
369	370	368	0.6131	8033.0000
370	371	369	0.6122	8033.0000
371	372	370	0.4460	8033.0000
372	373	371	0.5023	8033.0000
373	374	372	0.4698	8033.0000
374	375	373	0.4942	8033.0000
375	376	374	0.4932	8033.0000
376	377	375	0.5133	8033.0000
377	378	376	0.6281	8033.0000
378	379	377	0.4150	8033.0000
379	380	378	0.4004	8033.0000
380	381	379	0.4767	8033.0000
381	382	380	0.4131	8033.0000
382	383	381	0.4692	8033.0000
383	384	382	0.5599	8033.0000
384	385	383	0.4749	8033.0000
385	386	384	0.4201	8033.0000
386	387	385	0.4284	8033.0000
387	388	386	0.4765	8033.0000
388	389	387	0.4042	8033.0000
389	390	388	0.4998	8033.0000
390	391	389	0.7051	8033.0000
391	392	390	0.4725	8033.0000
392	393	391	0.4765	8033.0000
393	394	392	0.4765	8033.0000
394	395	393	0.5231	8033.0000
395	396	394	0.5180	8033.0000
396	397	395	0.3800	8033.0000
397	398	396	0.3800	8033.0000
398	399	397	0.5012	8033.0000
399	400	398	0.4033	8033.0000
400	401	399	0.4532	8033.0000
401	402	400	0.4478	8033.0000
402	403	401	0.5011	8033.0000
403	404	402	0.5596	8033.0000
404	405	403	0.4976	8033.0000
405	406	404	0.5062	8033.0000
406	407	405	0.6041	8033.0000
407	408	406	0.6204	8033.0000
408	409	407	0.6191	8033.0000
409	410	408	0.5631	8033.0000
410	411	409	0.5714	8033.0000
411	412	410	0.4632	8033.0000
412	413	411	0.4315	8033.0000
413	414	412	0.4421	8033.0000
414	415	413	0.5529	8033.0000
415	416	414	0.5050	8033.0000
416	417	415	0.4843	8033.0000
417	418	416	0.4370	8033.0000
418	419	417	0.4263	8033.0000
419	420	418	0.3594	8033.0000
420	421	419	0.4549	8033.0000
421	422	420	0.4671	8033.0000
422	423	421	0.7282	8033.0000
423	424	422	0.4705	8033.0000
424	425	423	0.5073	8033.0000
425	426	424	0.4369	8033.0000
426	427	425	0.4085	8033.0000
427	428	426	0.3889	8033.0000
428	429	427	0.4368	8033.0000
429	430	428	0.7165	8033.0000
430	431	429	0.4554	8033.0000
431	432	430	0.5672	8033.0000
432	433	431	0.5378	8033.0000
433	434	432	0.4180	8033.0000
434	435	433	0.4933	8033.0000
435	436	434	0.4480	8033.0000
436	437	435	0.3894	8033.0000
437	438	436	0.8010	8033.0000
438	439	437	0.5310	8033.0000
439	440	438	0.5438	8033.0000
440	441	439	0.5162	8033.0000
441	442	440	0.4973	8033.0000
442	443	441	0.5108	8033.0000
443	444	442	0.7228	8033.0000
444	445	443	0.5507	8033.0000
445	446	444	0.5046	8033.0000
446	447	445	0.6367	8033.0000
447	448	446	0.4021	8033.0000
448	449	447	0.4260	8033.0000
449	450	448	0.5084	8033.0000
450	451	449	0.6790	8033.0000
451	452	450	0.5458	8033.0000
452	453	451	0.4747	8033.0000
453	454	452	0.6217	8033.0000
454	455	453	0.4514	8033.0000
455	456	454	0.5037	8033.0000
456	457	455	0.4996	8033.0000
457	458	456	0.6398	8033.0000
458	459	457	0.5996	8033.0000
459	460	458	0.4974	8033.0000
460	461	459	0.5450	8033.0000
461	462	460	0.4932	8033.0000
462	463	461	0.4863	8033.0000
463	464	462	0.5286	8033.0000
464	465	463	0.4102	8033.0000
465	466	464	0.4834	8033.0000
466	467	465	0.4277	8033.0000
467	468	466	0.4568	8033.0000
468	469	467	0.4987	8033.0000
469	470	468	0.5700	8033.0000
470	471	469	0.5965	8033.0000
471	472	470	0.5248	8033.0000
472	473	471	0.6065	8033.0000
473	474	472	0.5406	8033.0000
474	475	473	0.4811	8033.0000
475	476	474	0.7116	8033.0000
476	477	475	0.3363	8033.0000
477	478	476	0.4002	8033.0000
478	479	477	0.4043	8033.0000
479	480	478	0.4168	8033.0000
480	481	479	0.3591	8033.0000
481	482	480	0.3414	8033.0000
482	483	481	0.4456	8033.0000
483	484	482	0.3861	8033.0000
484	485	483	0.4095	8033.0000
485	486	484	0.5707	8033.0000
486	487	485	0.4321	8033.0000
487	488	486	0.5843	8033.0000
488	489	487	0.5667	8033.0000
489	490	488	0.4238	8033.0000
490	491	489	0.4156	8033.0000
491	492	490	0.6527	8033.0000
492	493	491	0.5242	8033.0000
493	494	492	0.5614	8033.0000
494	495	493	0.3958	8033.0000
495	496	494	0.6052	8033.0000
496	497	495	0.3925	8033.0000
497	498	496	0.5063	8033.0000
498	499	497	0.4339	8033.0000
499	500	498	0.4694	8033.0000
500	501	499	0.4098	8033.0000
501	502	500	0.4248	8033.0000
502	503	501	0.3690	8033.0000
503	504	502	0.6022	8033.0000
504	505	503	0.4581	8033.0000
505	506	504	0.5608	8033.0000
506	507	505	0.3943	8033.0000
507	508	506	0.5004	8033.0000
508	509	507	0.6059	8033.0000
509	510	508	0.5503	8033.0000
510	511	509	0.4100	8033.0000
511	512	510	0.3961	8033.0000
512	513	511	0.4777	8033.0000
513	514	512	0.4078	8033.0000
514	515	513	0.6021	8033.0000
515	516	514	0.4896	8033.0000
516	517	515	0.4254	8033.0000
517	518	516	0.4465	8033.0000
518	519	517	0.4159	8033.0000
519	520	518	0.5176	8033.0000
520	521	519	0.3764	8033.0000
521	522	520	0.6322	8033.0000
522	523	521	0.5587	8033.0000
523	524	522	0.5689	8033.0000
524	525	523	0.4923	8033.0000
525	526	524	0.3760	8033.0000
526	527	525	0.3682	8033.0000
527	528	526	0.4840	8033.0000
528	529	527	0.4710	8033.0000
529	530	528	0.6735	8033.0000
530	531	529	0.5223	8033.0000
531	532	530	0.5753	8033.0000
532	533	531	0.5090	8033.0000
533	534	532	0.7990	8033.0000
534	535	533	0.4851	8033.0000
535	536	534	0.5688	8033.0000
536	537	535	0.6355	8033.0000
537	538	536	0.4496	8033.0000
538	539	537	0.5109	8033.0000
539	540	538	0.3474	8033.0000
540	541	539	0.4086	8033.0000
541	542	540	0.5428	8033.0000
542	543	541	0.5552	8033.0000
543	544	542	0.5262	8033.0000
544	545	543	0.3275	8033.0000
545	546	544	0.4213	8033.0000
546	547	545	0.4700	8033.0000
547	548	546	0.4265	8033.0000
548	549	547	0.3964	8033.0000
549	550	548	0.5220	8033.0000
550	551	549	0.4215	8033.0000
551	552	550	0.3591	8033.0000
552	553	551	0.3970	8033.0000
553	554	552	0.4399	8033.0000
554	555	553	0.4724	8033.0000
555	556	554	0.5969	8033.0000
556	557	555	0.3763	8033.0000
557	558	556	0.4474	8033.0000
558	559	557	0.6001	8033.0000
559	560	558	0.4052	8033.0000
560	561	559	0.4269	8033.0000
561	562	560	0.5099	8033.0000
562	563	561	0.4509	8033.0000
563	564	562	0.5587	8033.0000
564	565	563	0.5965	8033.0000
565	566	564	0.4641	8033.0000
566	567	565	0.4081	8033.0000
567	568	566	0.4424	8033.0000
568	569	567	0.4054	8033.0000
569	570	568	0.4341	8033.0000
570	571	569	0.4413	8033.0000
571	572	570	0.4114	8033.0000
572	573	571	0.5049	8033.0000
573	574	572	0.5289	8033.0000
574	575	573	0.4736	8033.0000
575	576	574	0.3921	8033.0000
576	577	575	0.4605	8033.0000
577	578	576	0.5751	8033.0000
578	579	577	0.3991	8033.0000
579	580	578	0.4064	8033.0000
580	581	579	0.5612	8033.0000
581	582	580	0.6129	8033.0000
582	583	581	0.5083	8033.0000
583	584	582	0.5694	8033.0000
584	585	583	0.5170	8033.0000
585	586	584	0.5880	8033.0000
586	587	585	0.3733	8033.0000
587	588	586	0.5608	8033.0000
588	589	587	0.3643	8033.0000
589	590	588	0.6876	8033.0000
590	591	589	0.4485	8033.0000
591	592	590	0.4769	8033.0000
592	593	591	0.4967	8033.0000
593	594	592	0.6551	8033.0000
594	595	593	0.6641	8033.0000
