i	j	b_idx	d[nm]	k[kJ/mol/nm^2]
2656	2657	0	0.3800	8033.0000
2657	2658	1	0.3800	8033.0000
2658	2659	2	0.3800	8033.0000
2659	2660	3	0.3800	8033.0000
2660	2661	4	0.3800	8033.0000
2661	2662	5	0.3800	8033.0000
2662	2663	6	0.3800	8033.0000
2663	2664	7	0.3800	8033.0000
2664	2665	8	0.3800	8033.0000
2665	2666	9	0.4999	8033.0000
2666	2667	10	0.4590	8033.0000
2667	2668	11	0.4766	8033.0000
2668	2669	12	0.6462	8033.0000
2669	2670	13	0.5412	8033.0000
2670	2671	14	0.6282	8033.0000
2671	2672	15	0.5948	8033.0000
2672	2673	16	0.5028	8033.0000
2673	2674	17	0.4108	8033.0000
2674	2675	18	0.3498	8033.0000
2675	2676	19	0.5356	8033.0000
2676	2677	20	0.6547	8033.0000
2677	2678	21	0.6584	8033.0000
2678	2679	22	0.5556	8033.0000
2679	2680	23	0.6835	8033.0000
2680	2681	24	0.5787	8033.0000
2681	2682	25	0.5734	8033.0000
2682	2683	26	0.5189	8033.0000
2683	2684	27	0.5843	8033.0000
2684	2685	28	0.4451	8033.0000
2685	2686	29	0.6556	8033.0000
2686	2687	30	0.5520	8033.0000
2687	2688	31	0.3925	8033.0000
2688	2689	32	0.4996	8033.0000
2689	2690	33	0.5060	8033.0000
2690	2691	34	0.3847	8033.0000
2691	2692	35	0.3512	8033.0000
2692	2693	36	0.2907	8033.0000
2693	2694	37	0.3660	8033.0000
2694	2695	38	0.4794	8033.0000
2695	2696	39	0.5371	8033.0000
2696	2697	40	0.4234	8033.0000
2697	2698	41	0.4551	8033.0000
2698	2699	42	0.4159	8033.0000
2699	2700	43	0.4071	8033.0000
2700	2701	44	0.5576	8033.0000
2701	2702	45	0.6221	8033.0000
2702	2703	46	0.5038	8033.0000
2703	2704	47	0.5920	8033.0000
2704	2705	48	0.4447	8033.0000
2705	2706	49	0.3457	8033.0000
2706	2707	50	0.4473	8033.0000
2707	2708	51	0.3510	8033.0000
2708	2709	52	0.4437	8033.0000
2709	2710	53	0.7966	8033.0000
2710	2711	54	0.5539	8033.0000
2711	2712	55	0.4971	8033.0000
2712	2713	56	0.5960	8033.0000
2713	2714	57	0.5518	8033.0000
2714	2715	58	0.4169	8033.0000
2715	2716	59	0.7504	8033.0000
2716	2717	60	0.5799	8033.0000
2717	2718	61	0.3509	8033.0000
2718	2719	62	0.5219	8033.0000
2719	2720	63	0.5170	8033.0000
2720	2721	64	0.6117	8033.0000
2721	2722	65	0.5993	8033.0000
2722	2723	66	0.4397	8033.0000
2723	2724	67	0.5802	8033.0000
2724	2725	68	0.6790	8033.0000
2725	2726	69	0.4619	8033.0000
2726	2727	70	0.4384	8033.0000
2727	2728	71	0.5435	8033.0000
2728	2729	72	0.6072	8033.0000
2729	2730	73	0.5349	8033.0000
2730	2731	74	0.4791	8033.0000
2731	2732	75	0.4851	8033.0000
2732	2733	76	0.3953	8033.0000
2733	2734	77	0.5666	8033.0000
2734	2735	78	0.5817	8033.0000
2735	2736	79	0.4794	8033.0000
2736	2737	80	0.4595	8033.0000
2737	2738	81	0.3707	8033.0000
2738	2739	82	0.4734	8033.0000
2739	2740	83	0.4919	8033.0000
2740	2741	84	0.5860	8033.0000
2741	2742	85	0.4902	8033.0000
2742	2743	86	0.3775	8033.0000
2743	2744	87	0.3800	8033.0000
2744	2745	88	0.3800	8033.0000
2745	2746	89	0.3800	8033.0000
2746	2747	90	0.3800	8033.0000
2747	2748	91	0.3800	8033.0000
2748	2749	92	0.3800	8033.0000
2749	2750	93	0.3800	8033.0000
2750	2751	94	0.3800	8033.0000
2751	2752	95	0.3800	8033.0000
2752	2753	96	0.3800	8033.0000
2753	2754	97	0.3800	8033.0000
2754	2755	98	0.3800	8033.0000
2755	2756	99	0.3800	8033.0000
2756	2757	100	0.3800	8033.0000
2757	2758	101	0.3800	8033.0000
2758	2759	102	0.3800	8033.0000
2759	2760	103	0.3800	8033.0000
2760	2761	104	0.3800	8033.0000
2761	2762	105	0.3800	8033.0000
2762	2763	106	0.3800	8033.0000
2763	2764	107	0.3800	8033.0000
2764	2765	108	0.3800	8033.0000
2765	2766	109	0.3800	8033.0000
2766	2767	110	0.3800	8033.0000
2767	2768	111	0.3800	8033.0000
2768	2769	112	0.3800	8033.0000
2769	2770	113	0.3800	8033.0000
2770	2771	114	0.3800	8033.0000
2771	2772	115	0.3800	8033.0000
2772	2773	116	0.3800	8033.0000
2773	2774	117	0.3800	8033.0000
2774	2775	118	0.3800	8033.0000
2775	2776	119	0.3800	8033.0000
2776	2777	120	0.3800	8033.0000
2777	2778	121	0.3800	8033.0000
2778	2779	122	0.3800	8033.0000
2779	2780	123	0.3800	8033.0000
2780	2781	124	0.3800	8033.0000
2781	2782	125	0.3800	8033.0000
2782	2783	126	0.3800	8033.0000
2783	2784	127	0.3800	8033.0000
2784	2785	128	0.3800	8033.0000
2785	2786	129	0.3800	8033.0000
2786	2787	130	0.3800	8033.0000
2787	2788	131	0.3800	8033.0000
2788	2789	132	0.3800	8033.0000
2789	2790	133	0.3800	8033.0000
2790	2791	134	0.3800	8033.0000
2791	2792	135	0.3800	8033.0000
2792	2793	136	0.4456	8033.0000
2793	2794	137	0.4224	8033.0000
2794	2795	138	0.4200	8033.0000
2795	2796	139	0.4007	8033.0000
2796	2797	140	0.5138	8033.0000
2797	2798	141	0.5514	8033.0000
2798	2799	142	0.4581	8033.0000
2799	2800	143	0.4866	8033.0000
2800	2801	144	0.5096	8033.0000
2801	2802	145	0.4725	8033.0000
2802	2803	146	0.5289	8033.0000
2803	2804	147	0.5167	8033.0000
2804	2805	148	0.5840	8033.0000
2805	2806	149	0.5619	8033.0000
2806	2807	150	0.6359	8033.0000
2807	2808	151	0.6241	8033.0000
2808	2809	152	0.5676	8033.0000
2809	2810	153	0.5694	8033.0000
2810	2811	154	0.4597	8033.0000
2811	2812	155	0.4344	8033.0000
2812	2813	156	0.4674	8033.0000
2813	2814	157	0.4222	8033.0000
2814	2815	158	0.4547	8033.0000
2815	2816	159	0.4013	8033.0000
2816	2817	160	0.4084	8033.0000
2817	2818	161	0.6229	8033.0000
2818	2819	162	0.7165	8033.0000
2819	2820	163	0.6305	8033.0000
2820	2821	164	0.6297	8033.0000
2821	2822	165	0.4552	8033.0000
2822	2823	166	0.4055	8033.0000
2823	2824	167	0.5159	8033.0000
2824	2825	168	0.5042	8033.0000
2825	2826	169	0.3694	8033.0000
2826	2827	170	0.5465	8033.0000
2827	2828	171	0.6297	8033.0000
2828	2829	172	0.5489	8033.0000
2829	2830	173	0.4804	8033.0000
2830	2831	174	0.3861	8033.0000
2831	2832	175	0.3833	8033.0000
2832	2833	176	0.6576	8033.0000
2833	2834	177	0.5440	8033.0000
2834	2835	178	0.5204	8033.0000
2835	2836	179	0.5121	8033.0000
2836	2837	180	0.5771	8033.0000
2837	2838	181	0.6003	8033.0000
2838	2839	182	0.6528	8033.0000
2839	2840	183	0.5875	8033.0000
2840	2841	184	0.5407	8033.0000
2841	2842	185	0.6743	8033.0000
2842	2843	186	0.4495	8033.0000
2843	2844	187	0.4839	8033.0000
2844	2845	188	0.4445	8033.0000
2845	2846	189	0.5796	8033.0000
2846	2847	190	0.5522	8033.0000
2847	2848	191	0.6106	8033.0000
2848	2849	192	0.5587	8033.0000
2849	2850	193	0.5353	8033.0000
2850	2851	194	0.4587	8033.0000
2851	2852	195	0.5794	8033.0000
2852	2853	196	0.5709	8033.0000
2853	2854	197	0.6149	8033.0000
2854	2855	198	0.5976	8033.0000
2855	2856	199	0.5554	8033.0000
2856	2857	200	0.5941	8033.0000
2857	2858	201	0.3800	8033.0000
2858	2859	202	0.3800	8033.0000
2859	2860	203	0.3800	8033.0000
2860	2861	204	0.3800	8033.0000
2861	2862	205	0.3800	8033.0000
2862	2863	206	0.3800	8033.0000
2863	2864	207	0.3800	8033.0000
2864	2865	208	0.3800	8033.0000
2865	2866	209	0.3800	8033.0000
2866	2867	210	0.3800	8033.0000
2867	2868	211	0.3800	8033.0000
2868	2869	212	0.3800	8033.0000
2869	2870	213	0.3800	8033.0000
2870	2871	214	0.3800	8033.0000
2871	2872	215	0.3800	8033.0000
2872	2873	216	0.3800	8033.0000
2873	2874	217	0.3800	8033.0000
2874	2875	218	0.3800	8033.0000
2875	2876	219	0.3800	8033.0000
2876	2877	220	0.3800	8033.0000
2877	2878	221	0.3800	8033.0000
2878	2879	222	0.3800	8033.0000
2879	2880	223	0.3800	8033.0000
2880	2881	224	0.3800	8033.0000
2881	2882	225	0.3800	8033.0000
2882	2883	226	0.3800	8033.0000
2883	2884	227	0.3800	8033.0000
2884	2885	228	0.3800	8033.0000
2885	2886	229	0.3800	8033.0000
2886	2887	230	0.3800	8033.0000
2887	2888	231	0.5299	8033.0000
2888	2889	232	0.4528	8033.0000
2889	2890	233	0.6080	8033.0000
2890	2891	234	0.5745	8033.0000
2891	2892	235	0.6442	8033.0000
2892	2893	236	0.5247	8033.0000
2893	2894	237	0.3726	8033.0000
2894	2895	238	0.5300	8033.0000
2895	2896	239	0.3993	8033.0000
2896	2897	240	0.4743	8033.0000
2897	2898	241	0.7863	8033.0000
2898	2899	242	0.5131	8033.0000
2899	2900	243	0.7167	8033.0000
2900	2901	244	0.6442	8033.0000
2901	2902	245	0.5922	8033.0000
2902	2903	246	0.6989	8033.0000
2903	2904	247	0.5011	8033.0000
2904	2905	248	0.4146	8033.0000
2905	2906	249	0.4502	8033.0000
2906	2907	250	0.3855	8033.0000
2907	2908	251	0.5637	8033.0000
2908	2909	252	0.5697	8033.0000
2909	2910	253	0.4478	8033.0000
2910	2911	254	0.5125	8033.0000
2911	2912	255	0.4137	8033.0000
2912	2913	256	0.5104	8033.0000
2913	2914	257	0.5670	8033.0000
2914	2915	258	0.7402	8033.0000
2915	2916	259	0.4134	8033.0000
2916	2917	260	0.5615	8033.0000
2917	2918	261	0.3369	8033.0000
2918	2919	262	0.4362	8033.0000
2919	2920	263	0.5062	8033.0000
2920	2921	264	0.5491	8033.0000
2921	2922	265	0.5571	8033.0000
2922	2923	266	0.5138	8033.0000
2923	2924	267	0.6081	8033.0000
2924	2925	268	0.5401	8033.0000
2925	2926	269	0.3424	8033.0000
2926	2927	270	0.3453	8033.0000
2927	2928	271	0.4415	8033.0000
2928	2929	272	0.5315	8033.0000
2929	2930	273	0.4829	8033.0000
2930	2931	274	0.4648	8033.0000
2931	2932	275	0.4307	8033.0000
2932	2933	276	0.5260	8033.0000
2933	2934	277	0.5088	8033.0000
2934	2935	278	0.5685	8033.0000
2935	2936	279	0.4577	8033.0000
2936	2937	280	0.3751	8033.0000
2937	2938	281	0.4493	8033.0000
2938	2939	282	0.6370	8033.0000
2939	2940	283	0.3683	8033.0000
2940	2941	284	0.3589	8033.0000
2941	2942	285	0.5477	8033.0000
2942	2943	286	0.5412	8033.0000
2943	2944	287	0.5069	8033.0000
2944	2945	288	0.3502	8033.0000
2945	2946	289	0.5502	8033.0000
2946	2947	290	0.6161	8033.0000
2947	2948	291	0.5436	8033.0000
2948	2949	292	0.5526	8033.0000
2949	2950	293	0.4461	8033.0000
2950	2951	294	0.3876	8033.0000
2951	2952	295	0.4407	8033.0000
2952	2953	296	0.6811	8033.0000
2953	2954	297	0.5297	8033.0000
2954	2955	298	0.6375	8033.0000
2955	2956	299	0.4539	8033.0000
2956	2957	300	0.5048	8033.0000
2957	2958	301	0.5555	8033.0000
2958	2959	302	0.3800	8033.0000
2959	2960	303	0.4674	8033.0000
2960	2961	304	0.4830	8033.0000
2961	2962	305	0.6413	8033.0000
2962	2963	306	0.5413	8033.0000
2963	2964	307	0.5082	8033.0000
2964	2965	308	0.4758	8033.0000
2965	2966	309	0.4140	8033.0000
2966	2967	310	0.4338	8033.0000
2967	2968	311	0.4553	8033.0000
2968	2969	312	0.4347	8033.0000
2969	2970	313	0.3969	8033.0000
2970	2971	314	0.4525	8033.0000
2971	2972	315	0.5933	8033.0000
2972	2973	316	0.5118	8033.0000
2973	2974	317	0.3976	8033.0000
2974	2975	318	0.6299	8033.0000
2975	2976	319	0.5050	8033.0000
2976	2977	320	0.7236	8033.0000
2977	2978	321	0.5176	8033.0000
2978	2979	322	0.5638	8033.0000
2979	2980	323	0.5269	8033.0000
2980	2981	324	0.5031	8033.0000
2981	2982	325	0.5505	8033.0000
2982	2983	326	0.5914	8033.0000
2983	2984	327	0.4522	8033.0000
2984	2985	328	0.6032	8033.0000
2985	2986	329	0.4578	8033.0000
2986	2987	330	0.6288	8033.0000
2987	2988	331	0.4956	8033.0000
2988	2989	332	0.4495	8033.0000
2989	2990	333	0.5420	8033.0000
2990	2991	334	0.6579	8033.0000
2991	2992	335	0.5524	8033.0000
2992	2993	336	0.4921	8033.0000
2993	2994	337	0.3473	8033.0000
2994	2995	338	0.4286	8033.0000
2995	2996	339	0.5523	8033.0000
2996	2997	340	0.4817	8033.0000
2997	2998	341	0.4476	8033.0000
2998	2999	342	0.5064	8033.0000
2999	3000	343	0.4664	8033.0000
3000	3001	344	0.3744	8033.0000
3001	3002	345	0.5312	8033.0000
3002	3003	346	0.4866	8033.0000
3003	3004	347	0.4905	8033.0000
3004	3005	348	0.5142	8033.0000
3005	3006	349	0.4338	8033.0000
3006	3007	350	0.4004	8033.0000
3007	3008	351	0.3500	8033.0000
3008	3009	352	0.4787	8033.0000
3009	3010	353	0.6465	8033.0000
3010	3011	354	0.5322	8033.0000
3011	3012	355	0.5719	8033.0000
3012	3013	356	0.4577	8033.0000
3013	3014	357	0.4391	8033.0000
3014	3015	358	0.5412	8033.0000
3015	3016	359	0.4871	8033.0000
3016	3017	360	0.5303	8033.0000
3017	3018	361	0.5378	8033.0000
3018	3019	362	0.3800	8033.0000
3019	3020	363	0.3800	8033.0000
3020	3021	364	0.3800	8033.0000
3021	3022	365	0.3800	8033.0000
3022	3023	366	0.3800	8033.0000
3023	3024	367	0.3800	8033.0000
3024	3025	368	0.3800	8033.0000
3025	3026	369	0.3800	8033.0000
3026	3027	370	0.3800	8033.0000
3027	3028	371	0.3800	8033.0000
3028	3029	372	0.3800	8033.0000
3029	3030	373	0.3800	8033.0000
3030	3031	374	0.3800	8033.0000
3031	3032	375	0.3800	8033.0000
3032	3033	376	0.4470	8033.0000
3033	3034	377	0.5439	8033.0000
3034	3035	378	0.5230	8033.0000
3035	3036	379	0.4849	8033.0000
3036	3037	380	0.4267	8033.0000
3037	3038	381	0.3670	8033.0000
3038	3039	382	0.4844	8033.0000
3039	3040	383	0.7181	8033.0000
3040	3041	384	0.5414	8033.0000
3041	3042	385	0.5695	8033.0000
3042	3043	386	0.4737	8033.0000
3043	3044	387	0.6149	8033.0000
3044	3045	388	0.4801	8033.0000
3045	3046	389	0.5105	8033.0000
3046	3047	390	0.5213	8033.0000
3047	3048	391	0.5035	8033.0000
3048	3049	392	0.5426	8033.0000
3049	3050	393	0.5509	8033.0000
3050	3051	394	0.5624	8033.0000
3051	3052	395	0.4784	8033.0000
3052	3053	396	0.4825	8033.0000
3053	3054	397	0.5449	8033.0000
3054	3055	398	0.5217	8033.0000
3055	3056	399	0.5833	8033.0000
3056	3057	400	0.7302	8033.0000
3057	3058	401	0.4489	8033.0000
3058	3059	402	0.7138	8033.0000
3059	3060	403	0.4841	8033.0000
3060	3061	404	0.4296	8033.0000
3061	3062	405	0.4647	8033.0000
3062	3063	406	0.5156	8033.0000
3063	3064	407	0.5205	8033.0000
3064	3065	408	0.4290	8033.0000
3065	3066	409	0.5075	8033.0000
3066	3067	410	0.6317	8033.0000
3067	3068	411	0.5343	8033.0000
3068	3069	412	0.4655	8033.0000
3069	3070	413	0.5546	8033.0000
3070	3071	414	0.5305	8033.0000
3071	3072	415	0.4265	8033.0000
3072	3073	416	0.4902	8033.0000
3073	3074	417	0.5068	8033.0000
3074	3075	418	0.4890	8033.0000
3075	3076	419	0.6304	8033.0000
3076	3077	420	0.5236	8033.0000
3077	3078	421	0.4796	8033.0000
3078	3079	422	0.5409	8033.0000
3079	3080	423	0.6132	8033.0000
3080	3081	424	0.6972	8033.0000
3081	3082	425	0.5022	8033.0000
3082	3083	426	0.5134	8033.0000
3083	3084	427	0.4727	8033.0000
3084	3085	428	0.4946	8033.0000
3085	3086	429	0.3896	8033.0000
3086	3087	430	0.4270	8033.0000
3087	3088	431	0.5387	8033.0000
3088	3089	432	0.4520	8033.0000
3089	3090	433	0.6162	8033.0000
3090	3091	434	0.3613	8033.0000
3091	3092	435	0.5777	8033.0000
3092	3093	436	0.4906	8033.0000
3093	3094	437	0.4592	8033.0000
3094	3095	438	0.4793	8033.0000
3095	3096	439	0.5308	8033.0000
3096	3097	440	0.5424	8033.0000
3097	3098	441	0.6499	8033.0000
3098	3099	442	0.4488	8033.0000
3099	3100	443	0.3631	8033.0000
3100	3101	444	0.4159	8033.0000
3101	3102	445	0.5212	8033.0000
3102	3103	446	0.5665	8033.0000
3103	3104	447	0.5366	8033.0000
3104	3105	448	0.7301	8033.0000
3105	3106	449	0.6621	8033.0000
3106	3107	450	0.5061	8033.0000
3107	3108	451	0.4544	8033.0000
3108	3109	452	0.4941	8033.0000
3109	3110	453	0.5152	8033.0000
3110	3111	454	0.5835	8033.0000
3111	3112	455	0.5588	8033.0000
3112	3113	456	0.4106	8033.0000
3113	3114	457	0.4328	8033.0000
3114	3115	458	0.4801	8033.0000
3115	3116	459	0.6078	8033.0000
3116	3117	460	0.7489	8033.0000
3117	3118	461	0.6532	8033.0000
3118	3119	462	0.5574	8033.0000
3119	3120	463	0.5807	8033.0000
3120	3121	464	0.4882	8033.0000
3121	3122	465	0.6262	8033.0000
3122	3123	466	0.5088	8033.0000
3123	3124	467	0.4867	8033.0000
3124	3125	468	0.7104	8033.0000
3125	3126	469	0.4470	8033.0000
3126	3127	470	0.3806	8033.0000
3127	3128	471	0.5649	8033.0000
3128	3129	472	0.6170	8033.0000
3129	3130	473	0.5936	8033.0000
3130	3131	474	0.7277	8033.0000
3131	3132	475	0.5991	8033.0000
3132	3133	476	0.5532	8033.0000
3133	3134	477	0.5400	8033.0000
3134	3135	478	0.3833	8033.0000
3135	3136	479	0.5079	8033.0000
3136	3137	480	0.5522	8033.0000
3137	3138	481	0.4927	8033.0000
3138	3139	482	0.4935	8033.0000
3139	3140	483	0.4768	8033.0000
3140	3141	484	0.4569	8033.0000
3141	3142	485	0.5598	8033.0000
3142	3143	486	0.5322	8033.0000
3143	3144	487	0.5282	8033.0000
3144	3145	488	0.5399	8033.0000
3145	3146	489	0.4844	8033.0000
3146	3147	490	0.4479	8033.0000
3147	3148	491	0.4863	8033.0000
3148	3149	492	0.4213	8033.0000
3149	3150	493	0.3997	8033.0000
3150	3151	494	0.4253	8033.0000
3151	3152	495	0.4175	8033.0000
3152	3153	496	0.4839	8033.0000
3153	3154	497	0.5996	8033.0000
3154	3155	498	0.4475	8033.0000
3155	3156	499	0.4515	8033.0000
3156	3157	500	0.5352	8033.0000
3157	3158	501	0.5125	8033.0000
3158	3159	502	0.5792	8033.0000
3159	3160	503	0.7112	8033.0000
3160	3161	504	0.4965	8033.0000
3161	3162	505	0.4381	8033.0000
3162	3163	506	0.5567	8033.0000
3163	3164	507	0.3800	8033.0000
3164	3165	508	0.3800	8033.0000
3165	3166	509	0.3800	8033.0000
3166	3167	510	0.3800	8033.0000
3167	3168	511	0.3800	8033.0000
3168	3169	512	0.3800	8033.0000
3169	3170	513	0.3800	8033.0000
3170	3171	514	0.3800	8033.0000
3171	3172	515	0.3800	8033.0000
3172	3173	516	0.3800	8033.0000
3173	3174	517	0.3800	8033.0000
3174	3175	518	0.3800	8033.0000
3175	3176	519	0.3800	8033.0000
3176	3177	520	0.3800	8033.0000
3177	3178	521	0.3800	8033.0000
3178	3179	522	0.3800	8033.0000
3179	3180	523	0.3800	8033.0000
3180	3181	524	0.3800	8033.0000
3181	3182	525	0.3800	8033.0000
3182	3183	526	0.3800	8033.0000
3183	3184	527	0.3800	8033.0000
3184	3185	528	0.3800	8033.0000
3185	3186	529	0.3800	8033.0000
3186	3187	530	0.3800	8033.0000
3187	3188	531	0.3800	8033.0000
3188	3189	532	0.3800	8033.0000
3189	3190	533	0.3800	8033.0000
3190	3191	534	0.3800	8033.0000
3191	3192	535	0.3800	8033.0000
3192	3193	536	0.3800	8033.0000
3193	3194	537	0.3800	8033.0000
3194	3195	538	0.3800	8033.0000
3195	3196	539	0.3800	8033.0000
3196	3197	540	0.3800	8033.0000
3197	3198	541	0.3800	8033.0000
3198	3199	542	0.3800	8033.0000
3199	3200	543	0.3800	8033.0000
3200	3201	544	0.3800	8033.0000
3201	3202	545	0.3800	8033.0000
3202	3203	546	0.3800	8033.0000
3203	3204	547	0.3800	8033.0000
3204	3205	548	0.3800	8033.0000
3205	3206	549	0.3800	8033.0000
3206	3207	550	0.3800	8033.0000
3207	3208	551	0.3800	8033.0000
3208	3209	552	0.3800	8033.0000
3209	3210	553	0.3800	8033.0000
3210	3211	554	0.6735	8033.0000
3211	3212	555	0.6390	8033.0000
3212	3213	556	0.6431	8033.0000
3213	3214	557	0.4959	8033.0000
3214	3215	558	0.3938	8033.0000
3215	3216	559	0.5003	8033.0000
3216	3217	560	0.4300	8033.0000
3217	3218	561	0.4490	8033.0000
3218	3219	562	0.4619	8033.0000
3219	3220	563	0.4921	8033.0000
3220	3221	564	0.5632	8033.0000
3221	3222	565	0.4301	8033.0000
3222	3223	566	0.4542	8033.0000
3223	3224	567	0.4496	8033.0000
3224	3225	568	0.4433	8033.0000
3225	3226	569	0.6234	8033.0000
3226	3227	570	0.6290	8033.0000
3227	3228	571	0.4768	8033.0000
3228	3229	572	0.4424	8033.0000
3229	3230	573	0.4444	8033.0000
3230	3231	574	0.4504	8033.0000
3231	3232	575	0.5496	8033.0000
3232	3233	576	0.4913	8033.0000
3233	3234	577	0.6022	8033.0000
3234	3235	578	0.5777	8033.0000
3235	3236	579	0.5304	8033.0000
3236	3237	580	0.5416	8033.0000
3237	3238	581	0.4520	8033.0000
3238	3239	582	0.3321	8033.0000
3239	3240	583	0.3852	8033.0000
3240	3241	584	0.4996	8033.0000
3241	3242	585	0.4338	8033.0000
3242	3243	586	0.6189	8033.0000
3243	3244	587	0.5110	8033.0000
3244	3245	588	0.4499	8033.0000
3245	3246	589	0.5547	8033.0000
3246	3247	590	0.4146	8033.0000
3247	3248	591	0.6632	8033.0000
3248	3249	592	0.4936	8033.0000
3249	3250	593	0.4293	8033.0000
3250	3251	594	0.4792	8033.0000
3251	3252	595	0.3625	8033.0000
3252	3253	596	0.4200	8033.0000
3253	3254	597	0.4436	8033.0000
3254	3255	598	0.4809	8033.0000
3255	3256	599	0.5729	8033.0000
3256	3257	600	0.4350	8033.0000
3257	3258	601	0.4485	8033.0000
3258	3259	602	0.6086	8033.0000
3259	3260	603	0.4104	8033.0000
3260	3261	604	0.5900	8033.0000
3261	3262	605	0.5779	8033.0000
3262	3263	606	0.4550	8033.0000
3263	3264	607	0.4314	8033.0000
3264	3265	608	0.5758	8033.0000
3265	3266	609	0.3751	8033.0000
3266	3267	610	0.5346	8033.0000
3267	3268	611	0.4763	8033.0000
3268	3269	612	0.3837	8033.0000
3269	3270	613	0.5477	8033.0000
3270	3271	614	0.4737	8033.0000
3271	3272	615	0.5302	8033.0000
3272	3273	616	0.4682	8033.0000
3273	3274	617	0.4414	8033.0000
3274	3275	618	0.4253	8033.0000
3275	3276	619	0.5559	8033.0000
3276	3277	620	0.6285	8033.0000
3277	3278	621	0.4822	8033.0000
3278	3279	622	0.4269	8033.0000
3279	3280	623	0.3990	8033.0000
3280	3281	624	0.4527	8033.0000
3281	3282	625	0.3578	8033.0000
3282	3283	626	0.6952	8033.0000
3283	3284	627	0.5422	8033.0000
3284	3285	628	0.3269	8033.0000
3285	3286	629	0.4865	8033.0000
3286	3287	630	0.3952	8033.0000
3287	3288	631	0.4505	8033.0000
3288	3289	632	0.4745	8033.0000
3289	3290	633	0.4543	8033.0000
3290	3291	634	0.4740	8033.0000
3291	3292	635	0.4918	8033.0000
3292	3293	636	0.6433	8033.0000
3293	3294	637	0.4158	8033.0000
3294	3295	638	0.5490	8033.0000
3295	3296	639	0.4560	8033.0000
3296	3297	640	0.3798	8033.0000
3297	3298	641	0.3953	8033.0000
3298	3299	642	0.5270	8033.0000
3299	3300	643	0.5099	8033.0000
3300	3301	644	0.5029	8033.0000
3301	3302	645	0.5881	8033.0000
3302	3303	646	0.4809	8033.0000
3303	3304	647	0.5076	8033.0000
3304	3305	648	0.3828	8033.0000
3305	3306	649	0.4510	8033.0000
3306	3307	650	0.4543	8033.0000
3307	3308	651	0.4541	8033.0000
3308	3309	652	0.6453	8033.0000
3309	3310	653	0.6418	8033.0000
3310	3311	654	0.4803	8033.0000
3311	3312	655	0.3468	8033.0000
3312	3313	656	0.3953	8033.0000
3313	3314	657	0.5144	8033.0000
3314	3315	658	0.5494	8033.0000
3315	3316	659	0.5715	8033.0000
3316	3317	660	0.4037	8033.0000
3317	3318	661	0.3726	8033.0000
3318	3319	662	0.6314	8033.0000
3319	3320	663	0.3975	8033.0000
3320	3321	664	0.5415	8033.0000
3321	3322	665	0.4961	8033.0000
3322	3323	666	0.5532	8033.0000
3323	3324	667	0.5975	8033.0000
3324	3325	668	0.5109	8033.0000
3325	3326	669	0.5179	8033.0000
3326	3327	670	0.7765	8033.0000
3327	3328	671	0.5189	8033.0000
3328	3329	672	0.4900	8033.0000
3329	3330	673	0.5465	8033.0000
3330	3331	674	0.5374	8033.0000
3331	3332	675	0.4979	8033.0000
3332	3333	676	0.5791	8033.0000
3333	3334	677	0.7792	8033.0000
3334	3335	678	0.6255	8033.0000
3335	3336	679	0.5290	8033.0000
3336	3337	680	0.4844	8033.0000
3337	3338	681	0.5360	8033.0000
3338	3339	682	0.6192	8033.0000
3339	3340	683	0.6027	8033.0000
3340	3341	684	0.5102	8033.0000
3341	3342	685	0.3995	8033.0000
3342	3343	686	0.5675	8033.0000
3343	3344	687	0.3944	8033.0000
3344	3345	688	0.4106	8033.0000
3345	3346	689	0.5756	8033.0000
3346	3347	690	0.4162	8033.0000
3347	3348	691	0.5834	8033.0000
3348	3349	692	0.6529	8033.0000
3349	3350	693	0.4212	8033.0000
3350	3351	694	0.4616	8033.0000
3351	3352	695	0.3364	8033.0000
3352	3353	696	0.4087	8033.0000
3353	3354	697	0.3585	8033.0000
3354	3355	698	0.4950	8033.0000
3355	3356	699	0.4437	8033.0000
3356	3357	700	0.4563	8033.0000
3357	3358	701	0.5424	8033.0000
3358	3359	702	0.6862	8033.0000
3359	3360	703	0.4173	8033.0000
3360	3361	704	0.5243	8033.0000
3361	3362	705	0.5045	8033.0000
3362	3363	706	0.5620	8033.0000
3363	3364	707	0.5947	8033.0000
3364	3365	708	0.5247	8033.0000
3365	3366	709	0.4355	8033.0000
3366	3367	710	0.5523	8033.0000
3367	3368	711	0.5008	8033.0000
3368	3369	712	0.5850	8033.0000
3369	3370	713	0.2912	8033.0000
3370	3371	714	0.3471	8033.0000
3371	3372	715	0.4568	8033.0000
3372	3373	716	0.5384	8033.0000
3373	3374	717	0.6156	8033.0000
3374	3375	718	0.6083	8033.0000
3375	3376	719	0.4069	8033.0000
3376	3377	720	0.5116	8033.0000
3377	3378	721	0.5252	8033.0000
3378	3379	722	0.4037	8033.0000
3379	3380	723	0.4135	8033.0000
3380	3381	724	0.5997	8033.0000
3381	3382	725	0.4508	8033.0000
3382	3383	726	0.6263	8033.0000
3383	3384	727	0.5625	8033.0000
3384	3385	728	0.5919	8033.0000
3385	3386	729	0.4742	8033.0000
3386	3387	730	0.5938	8033.0000
3387	3388	731	0.5430	8033.0000
3388	3389	732	0.5344	8033.0000
3389	3390	733	0.6089	8033.0000
3390	3391	734	0.4992	8033.0000
3391	3392	735	0.4241	8033.0000
3392	3393	736	0.5588	8033.0000
3393	3394	737	0.3800	8033.0000
3394	3395	738	0.3800	8033.0000
