i	j	b_idx	d[nm]	k[kJ/mol/nm^2]
1	2	0	0.3800	8033.0000
2	3	1	0.3800	8033.0000
3	4	2	0.3800	8033.0000
4	5	3	0.3800	8033.0000
5	6	4	0.3800	8033.0000
6	7	5	0.3800	8033.0000
7	8	6	0.3800	8033.0000
8	9	7	0.3800	8033.0000
9	10	8	0.3800	8033.0000
10	11	9	0.3800	8033.0000
11	12	10	0.3800	8033.0000
12	13	11	0.3800	8033.0000
13	14	12	0.3800	8033.0000
14	15	13	0.3800	8033.0000
15	16	14	0.3800	8033.0000
16	17	15	0.3800	8033.0000
17	18	16	0.3800	8033.0000
18	19	17	0.3800	8033.0000
19	20	18	0.3800	8033.0000
20	21	19	0.3800	8033.0000
21	22	20	0.3800	8033.0000
22	23	21	0.3800	8033.0000
23	24	22	0.3800	8033.0000
24	25	23	0.3800	8033.0000
25	26	24	0.3800	8033.0000
26	27	25	0.3800	8033.0000
27	28	26	0.3800	8033.0000
28	29	27	0.3800	8033.0000
29	30	28	0.3800	8033.0000
30	31	29	0.3800	8033.0000
31	32	30	0.3800	8033.0000
32	33	31	0.3800	8033.0000
33	34	32	0.3800	8033.0000
34	35	33	0.3800	8033.0000
35	36	34	0.3800	8033.0000
36	37	35	0.3800	8033.0000
37	38	36	0.3800	8033.0000
38	39	37	0.3800	8033.0000
39	40	38	0.3800	8033.0000
40	41	39	0.3800	8033.0000
41	42	40	0.3800	8033.0000
42	43	41	0.3800	8033.0000
43	44	42	0.3800	8033.0000
44	45	43	0.3800	8033.0000
45	46	44	0.3800	8033.0000
46	47	45	0.3800	8033.0000
47	48	46	0.3800	8033.0000
48	49	47	0.3800	8033.0000
49	50	48	0.3800	8033.0000
50	51	49	0.3800	8033.0000
51	52	50	0.3800	8033.0000
52	53	51	0.3800	8033.0000
53	54	52	0.3800	8033.0000
54	55	53	0.3800	8033.0000
55	56	54	0.3800	8033.0000
56	57	55	0.3800	8033.0000
57	58	56	0.3800	8033.0000
58	59	57	0.3800	8033.0000
59	60	58	0.4947	8033.0000
60	61	59	0.6355	8033.0000
61	62	60	0.4929	8033.0000
62	63	61	0.7666	8033.0000
63	64	62	0.5208	8033.0000
64	65	63	0.4202	8033.0000
65	66	64	0.4642	8033.0000
66	67	65	0.4490	8033.0000
67	68	66	0.5177	8033.0000
68	69	67	0.6348	8033.0000
69	70	68	0.4314	8033.0000
70	71	69	0.6511	8033.0000
71	72	70	0.5127	8033.0000
72	73	71	0.5580	8033.0000
73	74	72	0.4547	8033.0000
74	75	73	0.5913	8033.0000
75	76	74	0.5114	8033.0000
76	77	75	0.4668	8033.0000
77	78	76	0.6381	8033.0000
78	79	77	0.7226	8033.0000
79	80	78	0.4424	8033.0000
80	81	79	0.5754	8033.0000
81	82	80	0.4266	8033.0000
82	83	81	0.5243	8033.0000
83	84	82	0.5520	8033.0000
84	85	83	0.4322	8033.0000
85	86	84	0.5975	8033.0000
86	87	85	0.4441	8033.0000
87	88	86	0.6113	8033.0000
88	89	87	0.3967	8033.0000
89	90	88	0.5563	8033.0000
90	91	89	0.3264	8033.0000
91	92	90	0.4670	8033.0000
92	93	91	0.4604	8033.0000
93	94	92	0.4097	8033.0000
94	95	93	0.4487	8033.0000
95	96	94	0.4867	8033.0000
96	97	95	0.3961	8033.0000
97	98	96	0.3800	8033.0000
98	99	97	0.3800	8033.0000
99	100	98	0.3800	8033.0000
100	101	99	0.3800	8033.0000
101	102	100	0.3800	8033.0000
102	103	101	0.3800	8033.0000
103	104	102	0.3800	8033.0000
104	105	103	0.3800	8033.0000
105	106	104	0.3800	8033.0000
106	107	105	0.4714	8033.0000
107	108	106	0.5453	8033.0000
108	109	107	0.5056	8033.0000
109	110	108	0.5561	8033.0000
110	111	109	0.6336	8033.0000
111	112	110	0.5974	8033.0000
112	113	111	0.4718	8033.0000
113	114	112	0.5253	8033.0000
114	115	113	0.4488	8033.0000
115	116	114	0.3846	8033.0000
116	117	115	0.4929	8033.0000
117	118	116	0.6412	8033.0000
118	119	117	0.5781	8033.0000
119	120	118	0.5113	8033.0000
120	121	119	0.4047	8033.0000
121	122	120	0.4257	8033.0000
122	123	121	0.4941	8033.0000
123	124	122	0.7356	8033.0000
124	125	123	0.5416	8033.0000
125	126	124	0.4646	8033.0000
126	127	125	0.4692	8033.0000
127	128	126	0.5020	8033.0000
128	129	127	0.4165	8033.0000
129	130	128	0.5505	8033.0000
130	131	129	0.4009	8033.0000
131	132	130	0.3790	8033.0000
132	133	131	0.4558	8033.0000
133	134	132	0.4723	8033.0000
134	135	133	0.4052	8033.0000
135	136	134	0.4271	8033.0000
136	137	135	0.4945	8033.0000
137	138	136	0.3549	8033.0000
138	139	137	0.3681	8033.0000
139	140	138	0.4168	8033.0000
140	141	139	0.4346	8033.0000
141	142	140	0.4983	8033.0000
142	143	141	0.5199	8033.0000
143	144	142	0.5116	8033.0000
144	145	143	0.4970	8033.0000
145	146	144	0.5777	8033.0000
146	147	145	0.3347	8033.0000
147	148	146	0.3165	8033.0000
148	149	147	0.4496	8033.0000
149	150	148	0.4142	8033.0000
150	151	149	0.4415	8033.0000
151	152	150	0.4202	8033.0000
152	153	151	0.3937	8033.0000
153	154	152	0.4986	8033.0000
154	155	153	0.5632	8033.0000
155	156	154	0.4806	8033.0000
156	157	155	0.3599	8033.0000
157	158	156	0.3149	8033.0000
158	159	157	0.5380	8033.0000
159	160	158	0.5495	8033.0000
160	161	159	0.4821	8033.0000
161	162	160	0.5388	8033.0000
162	163	161	0.5422	8033.0000
163	164	162	0.5700	8033.0000
164	165	163	0.5168	8033.0000
165	166	164	0.4901	8033.0000
166	167	165	0.5646	8033.0000
167	168	166	0.6784	8033.0000
168	169	167	0.4860	8033.0000
169	170	168	0.4081	8033.0000
170	171	169	0.6013	8033.0000
171	172	170	0.4002	8033.0000
172	173	171	0.5598	8033.0000
173	174	172	0.4690	8033.0000
174	175	173	0.5301	8033.0000
175	176	174	0.4020	8033.0000
176	177	175	0.3827	8033.0000
177	178	176	0.3975	8033.0000
178	179	177	0.3916	8033.0000
179	180	178	0.5166	8033.0000
180	181	179	0.3960	8033.0000
181	182	180	0.3956	8033.0000
182	183	181	0.4160	8033.0000
183	184	182	0.3152	8033.0000
184	185	183	0.3842	8033.0000
185	186	184	0.3065	8033.0000
186	187	185	0.4797	8033.0000
187	188	186	0.6008	8033.0000
188	189	187	0.4353	8033.0000
189	190	188	0.4205	8033.0000
190	191	189	0.4996	8033.0000
191	192	190	0.5051	8033.0000
192	193	191	0.5297	8033.0000
193	194	192	0.4876	8033.0000
194	195	193	0.5013	8033.0000
195	196	194	0.5447	8033.0000
196	197	195	0.4079	8033.0000
197	198	196	0.3644	8033.0000
198	199	197	0.3481	8033.0000
199	200	198	0.5893	8033.0000
200	201	199	0.8397	8033.0000
201	202	200	0.5216	8033.0000
202	203	201	0.6606	8033.0000
203	204	202	0.6530	8033.0000
204	205	203	0.4641	8033.0000
205	206	204	0.5560	8033.0000
206	207	205	0.5737	8033.0000
207	208	206	0.5129	8033.0000
208	209	207	0.3545	8033.0000
209	210	208	0.4748	8033.0000
210	211	209	0.4126	8033.0000
211	212	210	0.4286	8033.0000
212	213	211	0.6181	8033.0000
213	214	212	0.4982	8033.0000
214	215	213	0.6139	8033.0000
215	216	214	0.5704	8033.0000
216	217	215	0.3902	8033.0000
217	218	216	0.4750	8033.0000
218	219	217	0.4126	8033.0000
219	220	218	0.4432	8033.0000
220	221	219	0.4512	8033.0000
221	222	220	0.4877	8033.0000
222	223	221	0.6945	8033.0000
223	224	222	0.4823	8033.0000
224	225	223	0.4373	8033.0000
225	226	224	0.3784	8033.0000
226	227	225	0.6576	8033.0000
227	228	226	0.6113	8033.0000
228	229	227	0.4501	8033.0000
229	230	228	0.4310	8033.0000
230	231	229	0.5793	8033.0000
231	232	230	0.5348	8033.0000
232	233	231	0.5083	8033.0000
233	234	232	0.4688	8033.0000
234	235	233	0.3873	8033.0000
235	236	234	0.4109	8033.0000
236	237	235	0.4077	8033.0000
237	238	236	0.4077	8033.0000
238	239	237	0.4530	8033.0000
239	240	238	0.4168	8033.0000
240	241	239	0.4484	8033.0000
241	242	240	0.3554	8033.0000
242	243	241	0.4130	8033.0000
243	244	242	0.4733	8033.0000
244	245	243	0.6348	8033.0000
245	246	244	0.7084	8033.0000
246	247	245	0.3772	8033.0000
247	248	246	0.5321	8033.0000
248	249	247	0.4301	8033.0000
249	250	248	0.5591	8033.0000
250	251	249	0.4991	8033.0000
251	252	250	0.4004	8033.0000
252	253	251	0.5534	8033.0000
253	254	252	0.5006	8033.0000
254	255	253	0.4485	8033.0000
255	256	254	0.4626	8033.0000
256	257	255	0.5095	8033.0000
257	258	256	0.4992	8033.0000
258	259	257	0.4510	8033.0000
259	260	258	0.6374	8033.0000
260	261	259	0.4263	8033.0000
261	262	260	0.4153	8033.0000
262	263	261	0.4284	8033.0000
263	264	262	0.5464	8033.0000
264	265	263	0.5402	8033.0000
265	266	264	0.4008	8033.0000
266	267	265	0.4853	8033.0000
267	268	266	0.5195	8033.0000
268	269	267	0.6049	8033.0000
269	270	268	0.5287	8033.0000
270	271	269	0.4305	8033.0000
271	272	270	0.5677	8033.0000
272	273	271	0.5060	8033.0000
273	274	272	0.4843	8033.0000
274	275	273	0.5716	8033.0000
275	276	274	0.4945	8033.0000
276	277	275	0.5733	8033.0000
277	278	276	0.5007	8033.0000
278	279	277	0.4339	8033.0000
279	280	278	0.4200	8033.0000
280	281	279	0.4380	8033.0000
281	282	280	0.5742	8033.0000
282	283	281	0.4528	8033.0000
283	284	282	0.4212	8033.0000
284	285	283	0.4431	8033.0000
285	286	284	0.4025	8033.0000
286	287	285	0.3532	8033.0000
287	288	286	0.4592	8033.0000
288	289	287	0.7245	8033.0000
289	290	288	0.4574	8033.0000
290	291	289	0.3514	8033.0000
291	292	290	0.3572	8033.0000
292	293	291	0.4834	8033.0000
293	294	292	0.6861	8033.0000
294	295	293	0.4738	8033.0000
295	296	294	0.4374	8033.0000
296	297	295	0.4191	8033.0000
297	298	296	0.3800	8033.0000
298	299	297	0.3800	8033.0000
299	300	298	0.3800	8033.0000
300	301	299	0.3800	8033.0000
301	302	300	0.3800	8033.0000
302	303	301	0.3800	8033.0000
303	304	302	0.3800	8033.0000
304	305	303	0.3800	8033.0000
305	306	304	0.3800	8033.0000
306	307	305	0.3800	8033.0000
307	308	306	0.3800	8033.0000
308	309	307	0.3800	8033.0000
309	310	308	0.3800	8033.0000
310	311	309	0.4804	8033.0000
311	312	310	0.4791	8033.0000
312	313	311	0.4887	8033.0000
313	314	312	0.4372	8033.0000
314	315	313	0.3914	8033.0000
315	316	314	0.4921	8033.0000
316	317	315	0.5750	8033.0000
317	318	316	0.4284	8033.0000
318	319	317	0.5004	8033.0000
319	320	318	0.4797	8033.0000
320	321	319	0.5523	8033.0000
321	322	320	0.4568	8033.0000
322	323	321	0.5182	8033.0000
323	324	322	0.5146	8033.0000
324	325	323	0.3924	8033.0000
325	326	324	0.6040	8033.0000
326	327	325	0.4360	8033.0000
327	328	326	0.4247	8033.0000
328	329	327	0.6376	8033.0000
329	330	328	0.4876	8033.0000
330	331	329	0.4196	8033.0000
331	332	330	0.4183	8033.0000
332	333	331	0.4856	8033.0000
333	334	332	0.4435	8033.0000
334	335	333	0.4630	8033.0000
335	336	334	0.4891	8033.0000
336	337	335	0.4108	8033.0000
337	338	336	0.4045	8033.0000
338	339	337	0.4879	8033.0000
339	340	338	0.3680	8033.0000
340	341	339	0.3950	8033.0000
341	342	340	0.6207	8033.0000
342	343	341	0.4598	8033.0000
343	344	342	0.4634	8033.0000
344	345	343	0.4335	8033.0000
345	346	344	0.4005	8033.0000
346	347	345	0.3449	8033.0000
347	348	346	0.4131	8033.0000
348	349	347	0.4016	8033.0000
349	350	348	0.4505	8033.0000
350	351	349	0.5431	8033.0000
351	352	350	0.4417	8033.0000
352	353	351	0.5255	8033.0000
353	354	352	0.5577	8033.0000
354	355	353	0.4510	8033.0000
355	356	354	0.5185	8033.0000
356	357	355	0.3200	8033.0000
357	358	356	0.3927	8033.0000
358	359	357	0.4488	8033.0000
359	360	358	0.6496	8033.0000
360	361	359	0.5372	8033.0000
361	362	360	0.4717	8033.0000
362	363	361	0.5442	8033.0000
363	364	362	0.6506	8033.0000
364	365	363	0.4548	8033.0000
365	366	364	0.4693	8033.0000
366	367	365	0.3852	8033.0000
367	368	366	0.5713	8033.0000
368	369	367	0.4743	8033.0000
369	370	368	0.4355	8033.0000
370	371	369	0.5228	8033.0000
371	372	370	0.6944	8033.0000
372	373	371	0.5300	8033.0000
373	374	372	0.7516	8033.0000
374	375	373	0.6518	8033.0000
375	376	374	0.5014	8033.0000
376	377	375	0.5180	8033.0000
377	378	376	0.4885	8033.0000
378	379	377	0.4452	8033.0000
379	380	378	0.4712	8033.0000
380	381	379	0.4187	8033.0000
381	382	380	0.4809	8033.0000
382	383	381	0.5223	8033.0000
383	384	382	0.3616	8033.0000
384	385	383	0.5538	8033.0000
385	386	384	0.5018	8033.0000
386	387	385	0.5093	8033.0000
387	388	386	0.5986	8033.0000
388	389	387	0.5107	8033.0000
389	390	388	0.4252	8033.0000
390	391	389	0.6336	8033.0000
391	392	390	0.5488	8033.0000
392	393	391	0.6426	8033.0000
393	394	392	0.5751	8033.0000
394	395	393	0.4389	8033.0000
395	396	394	0.5798	8033.0000
396	397	395	0.6463	8033.0000
397	398	396	0.5474	8033.0000
398	399	397	0.4385	8033.0000
399	400	398	0.4598	8033.0000
400	401	399	0.5006	8033.0000
401	402	400	0.5437	8033.0000
402	403	401	0.5130	8033.0000
403	404	402	0.4710	8033.0000
404	405	403	0.5476	8033.0000
405	406	404	0.5162	8033.0000
406	407	405	0.5705	8033.0000
407	408	406	0.4496	8033.0000
408	409	407	0.5510	8033.0000
409	410	408	0.4790	8033.0000
410	411	409	0.6286	8033.0000
411	412	410	0.5933	8033.0000
412	413	411	0.4821	8033.0000
413	414	412	0.4733	8033.0000
414	415	413	0.5313	8033.0000
415	416	414	0.5637	8033.0000
416	417	415	0.5558	8033.0000
417	418	416	0.4907	8033.0000
418	419	417	0.5013	8033.0000
419	420	418	0.5187	8033.0000
420	421	419	0.5681	8033.0000
421	422	420	0.5162	8033.0000
422	423	421	0.4621	8033.0000
423	424	422	0.4057	8033.0000
424	425	423	0.4666	8033.0000
425	426	424	0.4156	8033.0000
426	427	425	0.4562	8033.0000
427	428	426	0.4868	8033.0000
428	429	427	0.4109	8033.0000
429	430	428	0.4132	8033.0000
430	431	429	0.4809	8033.0000
431	432	430	0.3652	8033.0000
432	433	431	0.3898	8033.0000
433	434	432	0.4085	8033.0000
434	435	433	0.4795	8033.0000
435	436	434	0.5549	8033.0000
436	437	435	0.5924	8033.0000
437	438	436	0.5387	8033.0000
438	439	437	0.5759	8033.0000
439	440	438	0.3581	8033.0000
440	441	439	0.5128	8033.0000
441	442	440	0.4118	8033.0000
442	443	441	0.3474	8033.0000
443	444	442	0.4477	8033.0000
444	445	443	0.5395	8033.0000
445	446	444	0.4577	8033.0000
446	447	445	0.5259	8033.0000
447	448	446	0.5981	8033.0000
448	449	447	0.4996	8033.0000
449	450	448	0.5500	8033.0000
450	451	449	0.4336	8033.0000
451	452	450	0.4926	8033.0000
452	453	451	0.5859	8033.0000
453	454	452	0.4636	8033.0000
454	455	453	0.4377	8033.0000
455	456	454	0.5147	8033.0000
456	457	455	0.4452	8033.0000
457	458	456	0.6007	8033.0000
458	459	457	0.4773	8033.0000
459	460	458	0.6828	8033.0000
460	461	459	0.5433	8033.0000
461	462	460	0.5488	8033.0000
462	463	461	0.4257	8033.0000
463	464	462	0.4454	8033.0000
464	465	463	0.4888	8033.0000
465	466	464	0.6155	8033.0000
466	467	465	0.5922	8033.0000
467	468	466	0.4349	8033.0000
468	469	467	0.6057	8033.0000
469	470	468	0.3826	8033.0000
470	471	469	0.4290	8033.0000
471	472	470	0.4219	8033.0000
472	473	471	0.5397	8033.0000
473	474	472	0.4900	8033.0000
474	475	473	0.5530	8033.0000
475	476	474	0.6593	8033.0000
476	477	475	0.5558	8033.0000
477	478	476	0.5319	8033.0000
478	479	477	0.4417	8033.0000
479	480	478	0.5741	8033.0000
480	481	479	0.4049	8033.0000
481	482	480	0.5036	8033.0000
482	483	481	0.6210	8033.0000
483	484	482	0.4796	8033.0000
484	485	483	0.5112	8033.0000
485	486	484	0.4418	8033.0000
486	487	485	0.6384	8033.0000
487	488	486	0.4839	8033.0000
488	489	487	0.5884	8033.0000
489	490	488	0.5389	8033.0000
490	491	489	0.4781	8033.0000
491	492	490	0.4385	8033.0000
492	493	491	0.4899	8033.0000
493	494	492	0.5132	8033.0000
494	495	493	0.3800	8033.0000
495	496	494	0.3800	8033.0000
496	497	495	0.3800	8033.0000
497	498	496	0.3800	8033.0000
498	499	497	0.3800	8033.0000
499	500	498	0.3800	8033.0000
500	501	499	0.3800	8033.0000
501	502	500	0.3800	8033.0000
502	503	501	0.3800	8033.0000
503	504	502	0.3800	8033.0000
504	505	503	0.3800	8033.0000
505	506	504	0.3800	8033.0000
506	507	505	0.3800	8033.0000
507	508	506	0.3800	8033.0000
508	509	507	0.3800	8033.0000
509	510	508	0.3800	8033.0000
510	511	509	0.3800	8033.0000
511	512	510	0.3800	8033.0000
512	513	511	0.3800	8033.0000
513	514	512	0.3800	8033.0000
514	515	513	0.3800	8033.0000
515	516	514	0.4366	8033.0000
516	517	515	0.4156	8033.0000
517	518	516	0.4848	8033.0000
518	519	517	0.5537	8033.0000
519	520	518	0.4947	8033.0000
520	521	519	0.4829	8033.0000
521	522	520	0.3992	8033.0000
522	523	521	0.6244	8033.0000
523	524	522	0.4275	8033.0000
524	525	523	0.3931	8033.0000
525	526	524	0.5313	8033.0000
526	527	525	0.5616	8033.0000
527	528	526	0.7158	8033.0000
528	529	527	0.4767	8033.0000
529	530	528	0.5125	8033.0000
530	531	529	0.5129	8033.0000
531	532	530	0.4373	8033.0000
532	533	531	0.5952	8033.0000
533	534	532	0.4777	8033.0000
534	535	533	0.4699	8033.0000
535	536	534	0.6219	8033.0000
536	537	535	0.5912	8033.0000
537	538	536	0.4719	8033.0000
538	539	537	0.5053	8033.0000
539	540	538	0.3998	8033.0000
540	541	539	0.3800	8033.0000
541	542	540	0.3800	8033.0000
542	543	541	0.5107	8033.0000
543	544	542	0.5219	8033.0000
544	545	543	0.4160	8033.0000
545	546	544	0.4923	8033.0000
546	547	545	0.6032	8033.0000
547	548	546	0.5634	8033.0000
548	549	547	0.4567	8033.0000
549	550	548	0.5349	8033.0000
550	551	549	0.5953	8033.0000
551	552	550	0.4819	8033.0000
552	553	551	0.4624	8033.0000
553	554	552	0.6476	8033.0000
554	555	553	0.4119	8033.0000
555	556	554	0.5631	8033.0000
556	557	555	0.7683	8033.0000
557	558	556	0.3820	8033.0000
558	559	557	0.5374	8033.0000
559	560	558	0.5716	8033.0000
560	561	559	0.5189	8033.0000
561	562	560	0.4664	8033.0000
562	563	561	0.4688	8033.0000
563	564	562	0.5355	8033.0000
564	565	563	0.4892	8033.0000
565	566	564	0.5460	8033.0000
566	567	565	0.5544	8033.0000
567	568	566	0.5457	8033.0000
568	569	567	0.3785	8033.0000
569	570	568	0.4347	8033.0000
570	571	569	0.4405	8033.0000
571	572	570	0.4241	8033.0000
572	573	571	0.4197	8033.0000
573	574	572	0.4785	8033.0000
574	575	573	0.5613	8033.0000
575	576	574	0.5144	8033.0000
576	577	575	0.4955	8033.0000
577	578	576	0.4428	8033.0000
578	579	577	0.3728	8033.0000
579	580	578	0.4527	8033.0000
580	581	579	0.5540	8033.0000
581	582	580	0.5318	8033.0000
582	583	581	0.4549	8033.0000
583	584	582	0.5474	8033.0000
584	585	583	0.6018	8033.0000
585	586	584	0.5135	8033.0000
586	587	585	0.5300	8033.0000
587	588	586	0.5140	8033.0000
588	589	587	0.3391	8033.0000
589	590	588	0.6372	8033.0000
590	591	589	0.5113	8033.0000
591	592	590	0.3773	8033.0000
592	593	591	0.5540	8033.0000
593	594	592	0.4612	8033.0000
594	595	593	0.5757	8033.0000
595	596	594	0.4743	8033.0000
596	597	595	0.4362	8033.0000
597	598	596	0.4840	8033.0000
598	599	597	0.5180	8033.0000
599	600	598	0.5156	8033.0000
600	601	599	0.5092	8033.0000
601	602	600	0.6136	8033.0000
602	603	601	0.5521	8033.0000
603	604	602	0.4483	8033.0000
604	605	603	0.4805	8033.0000
605	606	604	0.5006	8033.0000
606	607	605	0.5686	8033.0000
607	608	606	0.5401	8033.0000
608	609	607	0.5536	8033.0000
609	610	608	0.6059	8033.0000
610	611	609	0.4826	8033.0000
611	612	610	0.5002	8033.0000
612	613	611	0.5154	8033.0000
613	614	612	0.6636	8033.0000
614	615	613	0.5640	8033.0000
615	616	614	0.6289	8033.0000
616	617	615	0.5603	8033.0000
617	618	616	0.5859	8033.0000
618	619	617	0.3817	8033.0000
619	620	618	0.5444	8033.0000
620	621	619	0.7595	8033.0000
621	622	620	0.6505	8033.0000
622	623	621	0.3941	8033.0000
623	624	622	0.3800	8033.0000
624	625	623	0.3800	8033.0000
625	626	624	0.3800	8033.0000
626	627	625	0.3800	8033.0000
627	628	626	0.3800	8033.0000
628	629	627	0.3800	8033.0000
629	630	628	0.3800	8033.0000
630	631	629	0.3800	8033.0000
631	632	630	0.3800	8033.0000
632	633	631	0.3800	8033.0000
633	634	632	0.3800	8033.0000
634	635	633	0.3800	8033.0000
635	636	634	0.3800	8033.0000
636	637	635	0.3800	8033.0000
637	638	636	0.3800	8033.0000
638	639	637	0.3800	8033.0000
639	640	638	0.3800	8033.0000
640	641	639	0.3800	8033.0000
641	642	640	0.3800	8033.0000
642	643	641	0.3800	8033.0000
643	644	642	0.5029	8033.0000
644	645	643	0.5557	8033.0000
645	646	644	0.5565	8033.0000
646	647	645	0.4038	8033.0000
647	648	646	0.4615	8033.0000
648	649	647	0.3589	8033.0000
649	650	648	0.4152	8033.0000
650	651	649	0.4489	8033.0000
651	652	650	0.5254	8033.0000
652	653	651	0.6131	8033.0000
653	654	652	0.4828	8033.0000
654	655	653	0.4985	8033.0000
655	656	654	0.4706	8033.0000
656	657	655	0.5794	8033.0000
657	658	656	0.6436	8033.0000
658	659	657	0.5183	8033.0000
659	660	658	0.5870	8033.0000
660	661	659	0.5563	8033.0000
661	662	660	0.6133	8033.0000
662	663	661	0.5822	8033.0000
663	664	662	0.5402	8033.0000
664	665	663	0.4596	8033.0000
665	666	664	0.3565	8033.0000
666	667	665	0.6106	8033.0000
667	668	666	0.4853	8033.0000
668	669	667	0.4495	8033.0000
669	670	668	0.5490	8033.0000
670	671	669	0.4526	8033.0000
671	672	670	0.4771	8033.0000
672	673	671	0.6755	8033.0000
673	674	672	0.4665	8033.0000
674	675	673	0.5302	8033.0000
675	676	674	0.5104	8033.0000
676	677	675	0.5251	8033.0000
677	678	676	0.5361	8033.0000
678	679	677	0.4786	8033.0000
679	680	678	0.5392	8033.0000
680	681	679	0.4711	8033.0000
681	682	680	0.3536	8033.0000
682	683	681	0.5361	8033.0000
683	684	682	0.4495	8033.0000
684	685	683	0.7611	8033.0000
685	686	684	0.6529	8033.0000
686	687	685	0.6249	8033.0000
687	688	686	0.6263	8033.0000
688	689	687	0.5526	8033.0000
689	690	688	0.5656	8033.0000
690	691	689	0.5726	8033.0000
691	692	690	0.5528	8033.0000
692	693	691	0.6679	8033.0000
693	694	692	0.4453	8033.0000
694	695	693	0.5235	8033.0000
695	696	694	0.6067	8033.0000
696	697	695	0.6782	8033.0000
697	698	696	0.4483	8033.0000
698	699	697	0.4518	8033.0000
699	700	698	0.4246	8033.0000
700	701	699	0.4086	8033.0000
701	702	700	0.7198	8033.0000
702	703	701	0.6057	8033.0000
703	704	702	0.4568	8033.0000
704	705	703	0.6895	8033.0000
705	706	704	0.5720	8033.0000
706	707	705	0.4700	8033.0000
707	708	706	0.3616	8033.0000
708	709	707	0.6590	8033.0000
709	710	708	0.5633	8033.0000
710	711	709	0.3846	8033.0000
711	712	710	0.5858	8033.0000
712	713	711	0.4736	8033.0000
713	714	712	0.5058	8033.0000
714	715	713	0.4431	8033.0000
715	716	714	0.4144	8033.0000
716	717	715	0.6754	8033.0000
717	718	716	0.5068	8033.0000
718	719	717	0.3596	8033.0000
719	720	718	0.4196	8033.0000
720	721	719	0.5738	8033.0000
721	722	720	0.7225	8033.0000
722	723	721	0.6017	8033.0000
723	724	722	0.4175	8033.0000
724	725	723	0.6398	8033.0000
725	726	724	0.4174	8033.0000
726	727	725	0.3738	8033.0000
727	728	726	0.4587	8033.0000
728	729	727	0.5293	8033.0000
729	730	728	0.4107	8033.0000
730	731	729	0.5149	8033.0000
731	732	730	0.4466	8033.0000
732	733	731	0.5890	8033.0000
733	734	732	0.3857	8033.0000
734	735	733	0.3647	8033.0000
735	736	734	0.4108	8033.0000
736	737	735	0.5388	8033.0000
737	738	736	0.6231	8033.0000
738	739	737	0.5797	8033.0000
739	740	738	0.5578	8033.0000
740	741	739	0.5629	8033.0000
741	742	740	0.4766	8033.0000
742	743	741	0.6290	8033.0000
743	744	742	0.4682	8033.0000
744	745	743	0.5609	8033.0000
745	746	744	0.4154	8033.0000
746	747	745	0.4486	8033.0000
747	748	746	0.5683	8033.0000
748	749	747	0.5402	8033.0000
749	750	748	0.4510	8033.0000
750	751	749	0.5810	8033.0000
751	752	750	0.5595	8033.0000
752	753	751	0.4817	8033.0000
753	754	752	0.3970	8033.0000
754	755	753	0.3771	8033.0000
755	756	754	0.3665	8033.0000
756	757	755	0.5744	8033.0000
757	758	756	0.5389	8033.0000
758	759	757	0.4931	8033.0000
759	760	758	0.4888	8033.0000
760	761	759	0.6405	8033.0000
761	762	760	0.4838	8033.0000
762	763	761	0.6626	8033.0000
763	764	762	0.4587	8033.0000
764	765	763	0.5217	8033.0000
765	766	764	0.4883	8033.0000
766	767	765	0.4530	8033.0000
767	768	766	0.5026	8033.0000
768	769	767	0.3406	8033.0000
769	770	768	0.4357	8033.0000
770	771	769	0.5920	8033.0000
771	772	770	0.5297	8033.0000
772	773	771	0.4947	8033.0000
773	774	772	0.3401	8033.0000
774	775	773	0.4954	8033.0000
775	776	774	0.3582	8033.0000
776	777	775	0.4339	8033.0000
777	778	776	0.4940	8033.0000
778	779	777	0.5319	8033.0000
779	780	778	0.3997	8033.0000
780	781	779	0.3641	8033.0000
781	782	780	0.4017	8033.0000
782	783	781	0.3984	8033.0000
783	784	782	0.4867	8033.0000
784	785	783	0.4574	8033.0000
785	786	784	0.3555	8033.0000
786	787	785	0.4554	8033.0000
787	788	786	0.3144	8033.0000
788	789	787	0.4297	8033.0000
789	790	788	0.4393	8033.0000
790	791	789	0.4266	8033.0000
791	792	790	0.4178	8033.0000
792	793	791	0.5517	8033.0000
793	794	792	0.4645	8033.0000
794	795	793	0.3923	8033.0000
795	796	794	0.4180	8033.0000
796	797	795	0.4384	8033.0000
797	798	796	0.4355	8033.0000
798	799	797	0.4356	8033.0000
799	800	798	0.4157	8033.0000
800	801	799	0.4393	8033.0000
801	802	800	0.3768	8033.0000
802	803	801	0.5289	8033.0000
803	804	802	0.5234	8033.0000
804	805	803	0.4489	8033.0000
805	806	804	0.5814	8033.0000
806	807	805	0.4471	8033.0000
807	808	806	0.4737	8033.0000
808	809	807	0.6094	8033.0000
809	810	808	0.3641	8033.0000
810	811	809	0.4411	8033.0000
811	812	810	0.5954	8033.0000
812	813	811	0.5315	8033.0000
813	814	812	0.4393	8033.0000
814	815	813	0.3712	8033.0000
815	816	814	0.5117	8033.0000
816	817	815	0.4239	8033.0000
817	818	816	0.6779	8033.0000
818	819	817	0.5469	8033.0000
819	820	818	0.6356	8033.0000
820	821	819	0.4107	8033.0000
821	822	820	0.4520	8033.0000
822	823	821	0.4993	8033.0000
823	824	822	0.6187	8033.0000
824	825	823	0.3800	8033.0000
825	826	824	0.3800	8033.0000
826	827	825	0.3800	8033.0000
827	828	826	0.3800	8033.0000
828	829	827	0.3800	8033.0000
829	830	828	0.3800	8033.0000
830	831	829	0.3800	8033.0000
831	832	830	0.3800	8033.0000
832	833	831	0.3800	8033.0000
833	834	832	0.3800	8033.0000
834	835	833	0.3800	8033.0000
835	836	834	0.3800	8033.0000
836	837	835	0.3800	8033.0000
837	838	836	0.3800	8033.0000
838	839	837	0.3800	8033.0000
839	840	838	0.3800	8033.0000
840	841	839	0.3800	8033.0000
841	842	840	0.3800	8033.0000
842	843	841	0.3800	8033.0000
843	844	842	0.3800	8033.0000
844	845	843	0.3800	8033.0000
845	846	844	0.3800	8033.0000
846	847	845	0.3800	8033.0000
847	848	846	0.3800	8033.0000
848	849	847	0.3800	8033.0000
849	850	848	0.3800	8033.0000
850	851	849	0.3800	8033.0000
851	852	850	0.3800	8033.0000
852	853	851	0.3800	8033.0000
853	854	852	0.3800	8033.0000
855	856	853	0.3800	8033.0000
856	857	854	0.3800	8033.0000
857	858	855	0.3800	8033.0000
858	859	856	0.3800	8033.0000
859	860	857	0.3800	8033.0000
860	861	858	0.3800	8033.0000
861	862	859	0.3800	8033.0000
862	863	860	0.3800	8033.0000
863	864	861	0.3800	8033.0000
864	865	862	0.3800	8033.0000
865	866	863	0.3800	8033.0000
866	867	864	0.3800	8033.0000
867	868	865	0.3800	8033.0000
868	869	866	0.3800	8033.0000
869	870	867	0.3800	8033.0000
870	871	868	0.3800	8033.0000
871	872	869	0.3800	8033.0000
872	873	870	0.3800	8033.0000
873	874	871	0.3800	8033.0000
874	875	872	0.3800	8033.0000
875	876	873	0.3800	8033.0000
876	877	874	0.3800	8033.0000
877	878	875	0.3800	8033.0000
878	879	876	0.3800	8033.0000
879	880	877	0.3800	8033.0000
880	881	878	0.3800	8033.0000
881	882	879	0.3800	8033.0000
882	883	880	0.3800	8033.0000
883	884	881	0.3800	8033.0000
884	885	882	0.3800	8033.0000
885	886	883	0.3800	8033.0000
886	887	884	0.3800	8033.0000
887	888	885	0.3800	8033.0000
888	889	886	0.3800	8033.0000
889	890	887	0.3800	8033.0000
890	891	888	0.3800	8033.0000
891	892	889	0.3800	8033.0000
892	893	890	0.3800	8033.0000
893	894	891	0.3800	8033.0000
894	895	892	0.3800	8033.0000
895	896	893	0.3800	8033.0000
896	897	894	0.3800	8033.0000
897	898	895	0.3800	8033.0000
898	899	896	0.3800	8033.0000
899	900	897	0.3800	8033.0000
900	901	898	0.3800	8033.0000
901	902	899	0.3800	8033.0000
902	903	900	0.3800	8033.0000
903	904	901	0.3800	8033.0000
904	905	902	0.3800	8033.0000
905	906	903	0.3800	8033.0000
906	907	904	0.3800	8033.0000
907	908	905	0.3800	8033.0000
908	909	906	0.3800	8033.0000
909	910	907	0.3800	8033.0000
910	911	908	0.3800	8033.0000
911	912	909	0.3800	8033.0000
912	913	910	0.3800	8033.0000
913	914	911	0.4947	8033.0000
914	915	912	0.6355	8033.0000
915	916	913	0.4929	8033.0000
916	917	914	0.7666	8033.0000
917	918	915	0.5208	8033.0000
918	919	916	0.4202	8033.0000
919	920	917	0.4642	8033.0000
920	921	918	0.4490	8033.0000
921	922	919	0.5177	8033.0000
922	923	920	0.6348	8033.0000
923	924	921	0.4314	8033.0000
924	925	922	0.6511	8033.0000
925	926	923	0.5127	8033.0000
926	927	924	0.5580	8033.0000
927	928	925	0.4547	8033.0000
928	929	926	0.5913	8033.0000
929	930	927	0.5114	8033.0000
930	931	928	0.4668	8033.0000
931	932	929	0.6381	8033.0000
932	933	930	0.7226	8033.0000
933	934	931	0.4424	8033.0000
934	935	932	0.5754	8033.0000
935	936	933	0.4266	8033.0000
936	937	934	0.5243	8033.0000
937	938	935	0.5520	8033.0000
938	939	936	0.4322	8033.0000
939	940	937	0.5975	8033.0000
940	941	938	0.4441	8033.0000
941	942	939	0.6113	8033.0000
942	943	940	0.3967	8033.0000
943	944	941	0.5563	8033.0000
944	945	942	0.3264	8033.0000
945	946	943	0.4670	8033.0000
946	947	944	0.4604	8033.0000
947	948	945	0.4097	8033.0000
948	949	946	0.4487	8033.0000
949	950	947	0.4867	8033.0000
950	951	948	0.3961	8033.0000
951	952	949	0.3800	8033.0000
952	953	950	0.3800	8033.0000
953	954	951	0.3800	8033.0000
954	955	952	0.3800	8033.0000
955	956	953	0.3800	8033.0000
956	957	954	0.3800	8033.0000
957	958	955	0.3800	8033.0000
958	959	956	0.3800	8033.0000
959	960	957	0.3800	8033.0000
960	961	958	0.4714	8033.0000
961	962	959	0.5453	8033.0000
962	963	960	0.5056	8033.0000
963	964	961	0.5561	8033.0000
964	965	962	0.6336	8033.0000
965	966	963	0.5974	8033.0000
966	967	964	0.4718	8033.0000
967	968	965	0.5253	8033.0000
968	969	966	0.4488	8033.0000
969	970	967	0.3846	8033.0000
970	971	968	0.4929	8033.0000
971	972	969	0.6412	8033.0000
972	973	970	0.5781	8033.0000
973	974	971	0.5113	8033.0000
974	975	972	0.4047	8033.0000
975	976	973	0.4257	8033.0000
976	977	974	0.4941	8033.0000
977	978	975	0.7356	8033.0000
978	979	976	0.5416	8033.0000
979	980	977	0.4646	8033.0000
980	981	978	0.4692	8033.0000
981	982	979	0.5020	8033.0000
982	983	980	0.4165	8033.0000
983	984	981	0.5505	8033.0000
984	985	982	0.4009	8033.0000
985	986	983	0.3790	8033.0000
986	987	984	0.4558	8033.0000
987	988	985	0.4723	8033.0000
988	989	986	0.4052	8033.0000
989	990	987	0.4271	8033.0000
990	991	988	0.4945	8033.0000
991	992	989	0.3549	8033.0000
992	993	990	0.3681	8033.0000
993	994	991	0.4168	8033.0000
994	995	992	0.4346	8033.0000
995	996	993	0.4983	8033.0000
996	997	994	0.5199	8033.0000
997	998	995	0.5116	8033.0000
998	999	996	0.4970	8033.0000
999	1000	997	0.5777	8033.0000
1000	1001	998	0.3347	8033.0000
1001	1002	999	0.3165	8033.0000
1002	1003	1000	0.4496	8033.0000
1003	1004	1001	0.4142	8033.0000
1004	1005	1002	0.4415	8033.0000
1005	1006	1003	0.4202	8033.0000
1006	1007	1004	0.3937	8033.0000
1007	1008	1005	0.4986	8033.0000
1008	1009	1006	0.5632	8033.0000
1009	1010	1007	0.4806	8033.0000
1010	1011	1008	0.3599	8033.0000
1011	1012	1009	0.3149	8033.0000
1012	1013	1010	0.5380	8033.0000
1013	1014	1011	0.5495	8033.0000
1014	1015	1012	0.4821	8033.0000
1015	1016	1013	0.5388	8033.0000
1016	1017	1014	0.5422	8033.0000
1017	1018	1015	0.5700	8033.0000
1018	1019	1016	0.5168	8033.0000
1019	1020	1017	0.4901	8033.0000
1020	1021	1018	0.5646	8033.0000
1021	1022	1019	0.6784	8033.0000
1022	1023	1020	0.4860	8033.0000
1023	1024	1021	0.4081	8033.0000
1024	1025	1022	0.6013	8033.0000
1025	1026	1023	0.4002	8033.0000
1026	1027	1024	0.5598	8033.0000
1027	1028	1025	0.4690	8033.0000
1028	1029	1026	0.5301	8033.0000
1029	1030	1027	0.4020	8033.0000
1030	1031	1028	0.3827	8033.0000
1031	1032	1029	0.3975	8033.0000
1032	1033	1030	0.3916	8033.0000
1033	1034	1031	0.5166	8033.0000
1034	1035	1032	0.3960	8033.0000
1035	1036	1033	0.3956	8033.0000
1036	1037	1034	0.4160	8033.0000
1037	1038	1035	0.3152	8033.0000
1038	1039	1036	0.3842	8033.0000
1039	1040	1037	0.3065	8033.0000
1040	1041	1038	0.4797	8033.0000
1041	1042	1039	0.6008	8033.0000
1042	1043	1040	0.4353	8033.0000
1043	1044	1041	0.4205	8033.0000
1044	1045	1042	0.4996	8033.0000
1045	1046	1043	0.5051	8033.0000
1046	1047	1044	0.5297	8033.0000
1047	1048	1045	0.4876	8033.0000
1048	1049	1046	0.5013	8033.0000
1049	1050	1047	0.5447	8033.0000
1050	1051	1048	0.4079	8033.0000
1051	1052	1049	0.3644	8033.0000
1052	1053	1050	0.3481	8033.0000
1053	1054	1051	0.5893	8033.0000
1054	1055	1052	0.8397	8033.0000
1055	1056	1053	0.5216	8033.0000
1056	1057	1054	0.6606	8033.0000
1057	1058	1055	0.6530	8033.0000
1058	1059	1056	0.4641	8033.0000
1059	1060	1057	0.5560	8033.0000
1060	1061	1058	0.5737	8033.0000
1061	1062	1059	0.5129	8033.0000
1062	1063	1060	0.3545	8033.0000
1063	1064	1061	0.4748	8033.0000
1064	1065	1062	0.4126	8033.0000
1065	1066	1063	0.4286	8033.0000
1066	1067	1064	0.6181	8033.0000
1067	1068	1065	0.4982	8033.0000
1068	1069	1066	0.6139	8033.0000
1069	1070	1067	0.5704	8033.0000
1070	1071	1068	0.3902	8033.0000
1071	1072	1069	0.4750	8033.0000
1072	1073	1070	0.4126	8033.0000
1073	1074	1071	0.4432	8033.0000
1074	1075	1072	0.4512	8033.0000
1075	1076	1073	0.4877	8033.0000
1076	1077	1074	0.6945	8033.0000
1077	1078	1075	0.4823	8033.0000
1078	1079	1076	0.4373	8033.0000
1079	1080	1077	0.3784	8033.0000
1080	1081	1078	0.6576	8033.0000
1081	1082	1079	0.6113	8033.0000
1082	1083	1080	0.4501	8033.0000
1083	1084	1081	0.4310	8033.0000
1084	1085	1082	0.5793	8033.0000
1085	1086	1083	0.5348	8033.0000
1086	1087	1084	0.5083	8033.0000
1087	1088	1085	0.4688	8033.0000
1088	1089	1086	0.3873	8033.0000
1089	1090	1087	0.4109	8033.0000
1090	1091	1088	0.4077	8033.0000
1091	1092	1089	0.4077	8033.0000
1092	1093	1090	0.4530	8033.0000
1093	1094	1091	0.4168	8033.0000
1094	1095	1092	0.4484	8033.0000
1095	1096	1093	0.3554	8033.0000
1096	1097	1094	0.4130	8033.0000
1097	1098	1095	0.4733	8033.0000
1098	1099	1096	0.6348	8033.0000
1099	1100	1097	0.7084	8033.0000
1100	1101	1098	0.3772	8033.0000
1101	1102	1099	0.5321	8033.0000
1102	1103	1100	0.4301	8033.0000
1103	1104	1101	0.5591	8033.0000
1104	1105	1102	0.4991	8033.0000
1105	1106	1103	0.4004	8033.0000
1106	1107	1104	0.5534	8033.0000
1107	1108	1105	0.5006	8033.0000
1108	1109	1106	0.4485	8033.0000
1109	1110	1107	0.4626	8033.0000
1110	1111	1108	0.5095	8033.0000
1111	1112	1109	0.4992	8033.0000
1112	1113	1110	0.4510	8033.0000
1113	1114	1111	0.6374	8033.0000
1114	1115	1112	0.4263	8033.0000
1115	1116	1113	0.4153	8033.0000
1116	1117	1114	0.4284	8033.0000
1117	1118	1115	0.5464	8033.0000
1118	1119	1116	0.5402	8033.0000
1119	1120	1117	0.4008	8033.0000
1120	1121	1118	0.4853	8033.0000
1121	1122	1119	0.5195	8033.0000
1122	1123	1120	0.6049	8033.0000
1123	1124	1121	0.5287	8033.0000
1124	1125	1122	0.4305	8033.0000
1125	1126	1123	0.5677	8033.0000
1126	1127	1124	0.5060	8033.0000
1127	1128	1125	0.4843	8033.0000
1128	1129	1126	0.5716	8033.0000
1129	1130	1127	0.4945	8033.0000
1130	1131	1128	0.5733	8033.0000
1131	1132	1129	0.5007	8033.0000
1132	1133	1130	0.4339	8033.0000
1133	1134	1131	0.4200	8033.0000
1134	1135	1132	0.4380	8033.0000
1135	1136	1133	0.5742	8033.0000
1136	1137	1134	0.4528	8033.0000
1137	1138	1135	0.4212	8033.0000
1138	1139	1136	0.4431	8033.0000
1139	1140	1137	0.4025	8033.0000
1140	1141	1138	0.3532	8033.0000
1141	1142	1139	0.4592	8033.0000
1142	1143	1140	0.7245	8033.0000
1143	1144	1141	0.4574	8033.0000
1144	1145	1142	0.3514	8033.0000
1145	1146	1143	0.3572	8033.0000
1146	1147	1144	0.4834	8033.0000
1147	1148	1145	0.6861	8033.0000
1148	1149	1146	0.4738	8033.0000
1149	1150	1147	0.4374	8033.0000
1150	1151	1148	0.4191	8033.0000
1151	1152	1149	0.3800	8033.0000
1152	1153	1150	0.3800	8033.0000
1153	1154	1151	0.3800	8033.0000
1154	1155	1152	0.3800	8033.0000
1155	1156	1153	0.3800	8033.0000
1156	1157	1154	0.3800	8033.0000
1157	1158	1155	0.3800	8033.0000
1158	1159	1156	0.3800	8033.0000
1159	1160	1157	0.3800	8033.0000
1160	1161	1158	0.3800	8033.0000
1161	1162	1159	0.3800	8033.0000
1162	1163	1160	0.3800	8033.0000
1163	1164	1161	0.3800	8033.0000
1164	1165	1162	0.4804	8033.0000
1165	1166	1163	0.4791	8033.0000
1166	1167	1164	0.4887	8033.0000
1167	1168	1165	0.4372	8033.0000
1168	1169	1166	0.3914	8033.0000
1169	1170	1167	0.4921	8033.0000
1170	1171	1168	0.5750	8033.0000
1171	1172	1169	0.4284	8033.0000
1172	1173	1170	0.5004	8033.0000
1173	1174	1171	0.4797	8033.0000
1174	1175	1172	0.5523	8033.0000
1175	1176	1173	0.4568	8033.0000
1176	1177	1174	0.5182	8033.0000
1177	1178	1175	0.5146	8033.0000
1178	1179	1176	0.3924	8033.0000
1179	1180	1177	0.6040	8033.0000
1180	1181	1178	0.4360	8033.0000
1181	1182	1179	0.4247	8033.0000
1182	1183	1180	0.6376	8033.0000
1183	1184	1181	0.4876	8033.0000
1184	1185	1182	0.4196	8033.0000
1185	1186	1183	0.4183	8033.0000
1186	1187	1184	0.4856	8033.0000
1187	1188	1185	0.4435	8033.0000
1188	1189	1186	0.4630	8033.0000
1189	1190	1187	0.4891	8033.0000
1190	1191	1188	0.4108	8033.0000
1191	1192	1189	0.4045	8033.0000
1192	1193	1190	0.4879	8033.0000
1193	1194	1191	0.3680	8033.0000
1194	1195	1192	0.3950	8033.0000
1195	1196	1193	0.6207	8033.0000
1196	1197	1194	0.4598	8033.0000
1197	1198	1195	0.4634	8033.0000
1198	1199	1196	0.4335	8033.0000
1199	1200	1197	0.4005	8033.0000
1200	1201	1198	0.3449	8033.0000
1201	1202	1199	0.4131	8033.0000
1202	1203	1200	0.4016	8033.0000
1203	1204	1201	0.4505	8033.0000
1204	1205	1202	0.5431	8033.0000
1205	1206	1203	0.4417	8033.0000
1206	1207	1204	0.5255	8033.0000
1207	1208	1205	0.5577	8033.0000
1208	1209	1206	0.4510	8033.0000
1209	1210	1207	0.5185	8033.0000
1210	1211	1208	0.3200	8033.0000
1211	1212	1209	0.3927	8033.0000
1212	1213	1210	0.4488	8033.0000
1213	1214	1211	0.6496	8033.0000
1214	1215	1212	0.5372	8033.0000
1215	1216	1213	0.4717	8033.0000
1216	1217	1214	0.5442	8033.0000
1217	1218	1215	0.6506	8033.0000
1218	1219	1216	0.4548	8033.0000
1219	1220	1217	0.4693	8033.0000
1220	1221	1218	0.3852	8033.0000
1221	1222	1219	0.5713	8033.0000
1222	1223	1220	0.4743	8033.0000
1223	1224	1221	0.4355	8033.0000
1224	1225	1222	0.5228	8033.0000
1225	1226	1223	0.6944	8033.0000
1226	1227	1224	0.5300	8033.0000
1227	1228	1225	0.7516	8033.0000
1228	1229	1226	0.6518	8033.0000
1229	1230	1227	0.5014	8033.0000
1230	1231	1228	0.5180	8033.0000
1231	1232	1229	0.4885	8033.0000
1232	1233	1230	0.4452	8033.0000
1233	1234	1231	0.4712	8033.0000
1234	1235	1232	0.4187	8033.0000
1235	1236	1233	0.4809	8033.0000
1236	1237	1234	0.5223	8033.0000
1237	1238	1235	0.3616	8033.0000
1238	1239	1236	0.5538	8033.0000
1239	1240	1237	0.5018	8033.0000
1240	1241	1238	0.5093	8033.0000
1241	1242	1239	0.5986	8033.0000
1242	1243	1240	0.5107	8033.0000
1243	1244	1241	0.4252	8033.0000
1244	1245	1242	0.6336	8033.0000
1245	1246	1243	0.5488	8033.0000
1246	1247	1244	0.6426	8033.0000
1247	1248	1245	0.5751	8033.0000
1248	1249	1246	0.4389	8033.0000
1249	1250	1247	0.5798	8033.0000
1250	1251	1248	0.6463	8033.0000
1251	1252	1249	0.5474	8033.0000
1252	1253	1250	0.4385	8033.0000
1253	1254	1251	0.4598	8033.0000
1254	1255	1252	0.5006	8033.0000
1255	1256	1253	0.5437	8033.0000
1256	1257	1254	0.5130	8033.0000
1257	1258	1255	0.4710	8033.0000
1258	1259	1256	0.5476	8033.0000
1259	1260	1257	0.5162	8033.0000
1260	1261	1258	0.5705	8033.0000
1261	1262	1259	0.4496	8033.0000
1262	1263	1260	0.5510	8033.0000
1263	1264	1261	0.4790	8033.0000
1264	1265	1262	0.6286	8033.0000
1265	1266	1263	0.5933	8033.0000
1266	1267	1264	0.4821	8033.0000
1267	1268	1265	0.4733	8033.0000
1268	1269	1266	0.5313	8033.0000
1269	1270	1267	0.5637	8033.0000
1270	1271	1268	0.5558	8033.0000
1271	1272	1269	0.4907	8033.0000
1272	1273	1270	0.5013	8033.0000
1273	1274	1271	0.5187	8033.0000
1274	1275	1272	0.5681	8033.0000
1275	1276	1273	0.5162	8033.0000
1276	1277	1274	0.4621	8033.0000
1277	1278	1275	0.4057	8033.0000
1278	1279	1276	0.4666	8033.0000
1279	1280	1277	0.4156	8033.0000
1280	1281	1278	0.4562	8033.0000
1281	1282	1279	0.4868	8033.0000
1282	1283	1280	0.4109	8033.0000
1283	1284	1281	0.4132	8033.0000
1284	1285	1282	0.4809	8033.0000
1285	1286	1283	0.3652	8033.0000
1286	1287	1284	0.3898	8033.0000
1287	1288	1285	0.4085	8033.0000
1288	1289	1286	0.4795	8033.0000
1289	1290	1287	0.5549	8033.0000
1290	1291	1288	0.5924	8033.0000
1291	1292	1289	0.5387	8033.0000
1292	1293	1290	0.5759	8033.0000
1293	1294	1291	0.3581	8033.0000
1294	1295	1292	0.5128	8033.0000
1295	1296	1293	0.4118	8033.0000
1296	1297	1294	0.3474	8033.0000
1297	1298	1295	0.4477	8033.0000
1298	1299	1296	0.5395	8033.0000
1299	1300	1297	0.4577	8033.0000
1300	1301	1298	0.5259	8033.0000
1301	1302	1299	0.5981	8033.0000
1302	1303	1300	0.4996	8033.0000
1303	1304	1301	0.5500	8033.0000
1304	1305	1302	0.4336	8033.0000
1305	1306	1303	0.4926	8033.0000
1306	1307	1304	0.5859	8033.0000
1307	1308	1305	0.4636	8033.0000
1308	1309	1306	0.4377	8033.0000
1309	1310	1307	0.5147	8033.0000
1310	1311	1308	0.4452	8033.0000
1311	1312	1309	0.6007	8033.0000
1312	1313	1310	0.4773	8033.0000
1313	1314	1311	0.6828	8033.0000
1314	1315	1312	0.5433	8033.0000
1315	1316	1313	0.5488	8033.0000
1316	1317	1314	0.4257	8033.0000
1317	1318	1315	0.4454	8033.0000
1318	1319	1316	0.4888	8033.0000
1319	1320	1317	0.6155	8033.0000
1320	1321	1318	0.5922	8033.0000
1321	1322	1319	0.4349	8033.0000
1322	1323	1320	0.6057	8033.0000
1323	1324	1321	0.3826	8033.0000
1324	1325	1322	0.4290	8033.0000
1325	1326	1323	0.4219	8033.0000
1326	1327	1324	0.5397	8033.0000
1327	1328	1325	0.4900	8033.0000
1328	1329	1326	0.5530	8033.0000
1329	1330	1327	0.6593	8033.0000
1330	1331	1328	0.5558	8033.0000
1331	1332	1329	0.5319	8033.0000
1332	1333	1330	0.4417	8033.0000
1333	1334	1331	0.5741	8033.0000
1334	1335	1332	0.4049	8033.0000
1335	1336	1333	0.5036	8033.0000
1336	1337	1334	0.6210	8033.0000
1337	1338	1335	0.4796	8033.0000
1338	1339	1336	0.5112	8033.0000
1339	1340	1337	0.4418	8033.0000
1340	1341	1338	0.6384	8033.0000
1341	1342	1339	0.4839	8033.0000
1342	1343	1340	0.5884	8033.0000
1343	1344	1341	0.5389	8033.0000
1344	1345	1342	0.4781	8033.0000
1345	1346	1343	0.4385	8033.0000
1346	1347	1344	0.4899	8033.0000
1347	1348	1345	0.5132	8033.0000
1348	1349	1346	0.3800	8033.0000
1349	1350	1347	0.3800	8033.0000
1350	1351	1348	0.3800	8033.0000
1351	1352	1349	0.3800	8033.0000
1352	1353	1350	0.3800	8033.0000
1353	1354	1351	0.3800	8033.0000
1354	1355	1352	0.3800	8033.0000
1355	1356	1353	0.3800	8033.0000
1356	1357	1354	0.3800	8033.0000
1357	1358	1355	0.3800	8033.0000
1358	1359	1356	0.3800	8033.0000
1359	1360	1357	0.3800	8033.0000
1360	1361	1358	0.3800	8033.0000
1361	1362	1359	0.3800	8033.0000
1362	1363	1360	0.3800	8033.0000
1363	1364	1361	0.3800	8033.0000
1364	1365	1362	0.3800	8033.0000
1365	1366	1363	0.3800	8033.0000
1366	1367	1364	0.3800	8033.0000
1367	1368	1365	0.3800	8033.0000
1368	1369	1366	0.3800	8033.0000
1369	1370	1367	0.4366	8033.0000
1370	1371	1368	0.4156	8033.0000
1371	1372	1369	0.4848	8033.0000
1372	1373	1370	0.5537	8033.0000
1373	1374	1371	0.4947	8033.0000
1374	1375	1372	0.4829	8033.0000
1375	1376	1373	0.3992	8033.0000
1376	1377	1374	0.6244	8033.0000
1377	1378	1375	0.4275	8033.0000
1378	1379	1376	0.3931	8033.0000
1379	1380	1377	0.5313	8033.0000
1380	1381	1378	0.5616	8033.0000
1381	1382	1379	0.7158	8033.0000
1382	1383	1380	0.4767	8033.0000
1383	1384	1381	0.5125	8033.0000
1384	1385	1382	0.5129	8033.0000
1385	1386	1383	0.4373	8033.0000
1386	1387	1384	0.5952	8033.0000
1387	1388	1385	0.4777	8033.0000
1388	1389	1386	0.4699	8033.0000
1389	1390	1387	0.6219	8033.0000
1390	1391	1388	0.5912	8033.0000
1391	1392	1389	0.4719	8033.0000
1392	1393	1390	0.5053	8033.0000
1393	1394	1391	0.3998	8033.0000
1394	1395	1392	0.3800	8033.0000
1395	1396	1393	0.3800	8033.0000
1396	1397	1394	0.5107	8033.0000
1397	1398	1395	0.5219	8033.0000
1398	1399	1396	0.4160	8033.0000
1399	1400	1397	0.4923	8033.0000
1400	1401	1398	0.6032	8033.0000
1401	1402	1399	0.5634	8033.0000
1402	1403	1400	0.4567	8033.0000
1403	1404	1401	0.5349	8033.0000
1404	1405	1402	0.5953	8033.0000
1405	1406	1403	0.4819	8033.0000
1406	1407	1404	0.4624	8033.0000
1407	1408	1405	0.6476	8033.0000
1408	1409	1406	0.4119	8033.0000
1409	1410	1407	0.5631	8033.0000
1410	1411	1408	0.7683	8033.0000
1411	1412	1409	0.3820	8033.0000
1412	1413	1410	0.5374	8033.0000
1413	1414	1411	0.5716	8033.0000
1414	1415	1412	0.5189	8033.0000
1415	1416	1413	0.4664	8033.0000
1416	1417	1414	0.4688	8033.0000
1417	1418	1415	0.5355	8033.0000
1418	1419	1416	0.4892	8033.0000
1419	1420	1417	0.5460	8033.0000
1420	1421	1418	0.5544	8033.0000
1421	1422	1419	0.5457	8033.0000
1422	1423	1420	0.3785	8033.0000
1423	1424	1421	0.4347	8033.0000
1424	1425	1422	0.4405	8033.0000
1425	1426	1423	0.4241	8033.0000
1426	1427	1424	0.4197	8033.0000
1427	1428	1425	0.4785	8033.0000
1428	1429	1426	0.5613	8033.0000
1429	1430	1427	0.5144	8033.0000
1430	1431	1428	0.4955	8033.0000
1431	1432	1429	0.4428	8033.0000
1432	1433	1430	0.3728	8033.0000
1433	1434	1431	0.4527	8033.0000
1434	1435	1432	0.5540	8033.0000
1435	1436	1433	0.5318	8033.0000
1436	1437	1434	0.4549	8033.0000
1437	1438	1435	0.5474	8033.0000
1438	1439	1436	0.6018	8033.0000
1439	1440	1437	0.5135	8033.0000
1440	1441	1438	0.5300	8033.0000
1441	1442	1439	0.5140	8033.0000
1442	1443	1440	0.3391	8033.0000
1443	1444	1441	0.6372	8033.0000
1444	1445	1442	0.5113	8033.0000
1445	1446	1443	0.3773	8033.0000
1446	1447	1444	0.5540	8033.0000
1447	1448	1445	0.4612	8033.0000
1448	1449	1446	0.5757	8033.0000
1449	1450	1447	0.4743	8033.0000
1450	1451	1448	0.4362	8033.0000
1451	1452	1449	0.4840	8033.0000
1452	1453	1450	0.5180	8033.0000
1453	1454	1451	0.5156	8033.0000
1454	1455	1452	0.5092	8033.0000
1455	1456	1453	0.6136	8033.0000
1456	1457	1454	0.5521	8033.0000
1457	1458	1455	0.4483	8033.0000
1458	1459	1456	0.4805	8033.0000
1459	1460	1457	0.5006	8033.0000
1460	1461	1458	0.5686	8033.0000
1461	1462	1459	0.5401	8033.0000
1462	1463	1460	0.5536	8033.0000
1463	1464	1461	0.6059	8033.0000
1464	1465	1462	0.4826	8033.0000
1465	1466	1463	0.5002	8033.0000
1466	1467	1464	0.5154	8033.0000
1467	1468	1465	0.6636	8033.0000
1468	1469	1466	0.5640	8033.0000
1469	1470	1467	0.6289	8033.0000
1470	1471	1468	0.5603	8033.0000
1471	1472	1469	0.5859	8033.0000
1472	1473	1470	0.3817	8033.0000
1473	1474	1471	0.5444	8033.0000
1474	1475	1472	0.7595	8033.0000
1475	1476	1473	0.6505	8033.0000
1476	1477	1474	0.3941	8033.0000
1477	1478	1475	0.3800	8033.0000
1478	1479	1476	0.3800	8033.0000
1479	1480	1477	0.3800	8033.0000
1480	1481	1478	0.3800	8033.0000
1481	1482	1479	0.3800	8033.0000
1482	1483	1480	0.3800	8033.0000
1483	1484	1481	0.3800	8033.0000
1484	1485	1482	0.3800	8033.0000
1485	1486	1483	0.3800	8033.0000
1486	1487	1484	0.3800	8033.0000
1487	1488	1485	0.3800	8033.0000
1488	1489	1486	0.3800	8033.0000
1489	1490	1487	0.3800	8033.0000
1490	1491	1488	0.3800	8033.0000
1491	1492	1489	0.3800	8033.0000
1492	1493	1490	0.3800	8033.0000
1493	1494	1491	0.3800	8033.0000
1494	1495	1492	0.3800	8033.0000
1495	1496	1493	0.3800	8033.0000
1496	1497	1494	0.3800	8033.0000
1497	1498	1495	0.5029	8033.0000
1498	1499	1496	0.5557	8033.0000
1499	1500	1497	0.5565	8033.0000
1500	1501	1498	0.4038	8033.0000
1501	1502	1499	0.4615	8033.0000
1502	1503	1500	0.3589	8033.0000
1503	1504	1501	0.4152	8033.0000
1504	1505	1502	0.4489	8033.0000
1505	1506	1503	0.5254	8033.0000
1506	1507	1504	0.6131	8033.0000
1507	1508	1505	0.4828	8033.0000
1508	1509	1506	0.4985	8033.0000
1509	1510	1507	0.4706	8033.0000
1510	1511	1508	0.5794	8033.0000
1511	1512	1509	0.6436	8033.0000
1512	1513	1510	0.5183	8033.0000
1513	1514	1511	0.5870	8033.0000
1514	1515	1512	0.5563	8033.0000
1515	1516	1513	0.6133	8033.0000
1516	1517	1514	0.5822	8033.0000
1517	1518	1515	0.5402	8033.0000
1518	1519	1516	0.4596	8033.0000
1519	1520	1517	0.3565	8033.0000
1520	1521	1518	0.6106	8033.0000
1521	1522	1519	0.4853	8033.0000
1522	1523	1520	0.4495	8033.0000
1523	1524	1521	0.5490	8033.0000
1524	1525	1522	0.4526	8033.0000
1525	1526	1523	0.4771	8033.0000
1526	1527	1524	0.6755	8033.0000
1527	1528	1525	0.4665	8033.0000
1528	1529	1526	0.5302	8033.0000
1529	1530	1527	0.5104	8033.0000
1530	1531	1528	0.5251	8033.0000
1531	1532	1529	0.5361	8033.0000
1532	1533	1530	0.4786	8033.0000
1533	1534	1531	0.5392	8033.0000
1534	1535	1532	0.4711	8033.0000
1535	1536	1533	0.3536	8033.0000
1536	1537	1534	0.5361	8033.0000
1537	1538	1535	0.4495	8033.0000
1538	1539	1536	0.7611	8033.0000
1539	1540	1537	0.6529	8033.0000
1540	1541	1538	0.6249	8033.0000
1541	1542	1539	0.6263	8033.0000
1542	1543	1540	0.5526	8033.0000
1543	1544	1541	0.5656	8033.0000
1544	1545	1542	0.5726	8033.0000
1545	1546	1543	0.5528	8033.0000
1546	1547	1544	0.6679	8033.0000
1547	1548	1545	0.4453	8033.0000
1548	1549	1546	0.5235	8033.0000
1549	1550	1547	0.6067	8033.0000
1550	1551	1548	0.6782	8033.0000
1551	1552	1549	0.4483	8033.0000
1552	1553	1550	0.4518	8033.0000
1553	1554	1551	0.4246	8033.0000
1554	1555	1552	0.4086	8033.0000
1555	1556	1553	0.7198	8033.0000
1556	1557	1554	0.6057	8033.0000
1557	1558	1555	0.4568	8033.0000
1558	1559	1556	0.6895	8033.0000
1559	1560	1557	0.5720	8033.0000
1560	1561	1558	0.4700	8033.0000
1561	1562	1559	0.3616	8033.0000
1562	1563	1560	0.6590	8033.0000
1563	1564	1561	0.5633	8033.0000
1564	1565	1562	0.3846	8033.0000
1565	1566	1563	0.5858	8033.0000
1566	1567	1564	0.4736	8033.0000
1567	1568	1565	0.5058	8033.0000
1568	1569	1566	0.4431	8033.0000
1569	1570	1567	0.4144	8033.0000
1570	1571	1568	0.6754	8033.0000
1571	1572	1569	0.5068	8033.0000
1572	1573	1570	0.3596	8033.0000
1573	1574	1571	0.4196	8033.0000
1574	1575	1572	0.5738	8033.0000
1575	1576	1573	0.7225	8033.0000
1576	1577	1574	0.6017	8033.0000
1577	1578	1575	0.4175	8033.0000
1578	1579	1576	0.6398	8033.0000
1579	1580	1577	0.4174	8033.0000
1580	1581	1578	0.3738	8033.0000
1581	1582	1579	0.4587	8033.0000
1582	1583	1580	0.5293	8033.0000
1583	1584	1581	0.4107	8033.0000
1584	1585	1582	0.5149	8033.0000
1585	1586	1583	0.4466	8033.0000
1586	1587	1584	0.5890	8033.0000
1587	1588	1585	0.3857	8033.0000
1588	1589	1586	0.3647	8033.0000
1589	1590	1587	0.4108	8033.0000
1590	1591	1588	0.5388	8033.0000
1591	1592	1589	0.6231	8033.0000
1592	1593	1590	0.5797	8033.0000
1593	1594	1591	0.5578	8033.0000
1594	1595	1592	0.5629	8033.0000
1595	1596	1593	0.4766	8033.0000
1596	1597	1594	0.6290	8033.0000
1597	1598	1595	0.4682	8033.0000
1598	1599	1596	0.5609	8033.0000
1599	1600	1597	0.4154	8033.0000
1600	1601	1598	0.4486	8033.0000
1601	1602	1599	0.5683	8033.0000
1602	1603	1600	0.5402	8033.0000
1603	1604	1601	0.4510	8033.0000
1604	1605	1602	0.5810	8033.0000
1605	1606	1603	0.5595	8033.0000
1606	1607	1604	0.4817	8033.0000
1607	1608	1605	0.3970	8033.0000
1608	1609	1606	0.3771	8033.0000
1609	1610	1607	0.3665	8033.0000
1610	1611	1608	0.5744	8033.0000
1611	1612	1609	0.5389	8033.0000
1612	1613	1610	0.4931	8033.0000
1613	1614	1611	0.4888	8033.0000
1614	1615	1612	0.6405	8033.0000
1615	1616	1613	0.4838	8033.0000
1616	1617	1614	0.6626	8033.0000
1617	1618	1615	0.4587	8033.0000
1618	1619	1616	0.5217	8033.0000
1619	1620	1617	0.4883	8033.0000
1620	1621	1618	0.4530	8033.0000
1621	1622	1619	0.5026	8033.0000
1622	1623	1620	0.3406	8033.0000
1623	1624	1621	0.4357	8033.0000
1624	1625	1622	0.5920	8033.0000
1625	1626	1623	0.5297	8033.0000
1626	1627	1624	0.4947	8033.0000
1627	1628	1625	0.3401	8033.0000
1628	1629	1626	0.4954	8033.0000
1629	1630	1627	0.3582	8033.0000
1630	1631	1628	0.4339	8033.0000
1631	1632	1629	0.4940	8033.0000
1632	1633	1630	0.5319	8033.0000
1633	1634	1631	0.3997	8033.0000
1634	1635	1632	0.3641	8033.0000
1635	1636	1633	0.4017	8033.0000
1636	1637	1634	0.3984	8033.0000
1637	1638	1635	0.4867	8033.0000
1638	1639	1636	0.4574	8033.0000
1639	1640	1637	0.3555	8033.0000
1640	1641	1638	0.4554	8033.0000
1641	1642	1639	0.3144	8033.0000
1642	1643	1640	0.4297	8033.0000
1643	1644	1641	0.4393	8033.0000
1644	1645	1642	0.4266	8033.0000
1645	1646	1643	0.4178	8033.0000
1646	1647	1644	0.5517	8033.0000
1647	1648	1645	0.4645	8033.0000
1648	1649	1646	0.3923	8033.0000
1649	1650	1647	0.4180	8033.0000
1650	1651	1648	0.4384	8033.0000
1651	1652	1649	0.4355	8033.0000
1652	1653	1650	0.4356	8033.0000
1653	1654	1651	0.4157	8033.0000
1654	1655	1652	0.4393	8033.0000
1655	1656	1653	0.3768	8033.0000
1656	1657	1654	0.5289	8033.0000
1657	1658	1655	0.5234	8033.0000
1658	1659	1656	0.4489	8033.0000
1659	1660	1657	0.5814	8033.0000
1660	1661	1658	0.4471	8033.0000
1661	1662	1659	0.4737	8033.0000
1662	1663	1660	0.6094	8033.0000
1663	1664	1661	0.3641	8033.0000
1664	1665	1662	0.4411	8033.0000
1665	1666	1663	0.5954	8033.0000
1666	1667	1664	0.5315	8033.0000
1667	1668	1665	0.4393	8033.0000
1668	1669	1666	0.3712	8033.0000
1669	1670	1667	0.5117	8033.0000
1670	1671	1668	0.4239	8033.0000
1671	1672	1669	0.6779	8033.0000
1672	1673	1670	0.5469	8033.0000
1673	1674	1671	0.6356	8033.0000
1674	1675	1672	0.4107	8033.0000
1675	1676	1673	0.4520	8033.0000
1676	1677	1674	0.4993	8033.0000
1677	1678	1675	0.6187	8033.0000
1678	1679	1676	0.3800	8033.0000
1679	1680	1677	0.3800	8033.0000
1680	1681	1678	0.3800	8033.0000
1681	1682	1679	0.3800	8033.0000
1682	1683	1680	0.3800	8033.0000
1683	1684	1681	0.3800	8033.0000
1684	1685	1682	0.3800	8033.0000
1685	1686	1683	0.3800	8033.0000
1686	1687	1684	0.3800	8033.0000
1687	1688	1685	0.3800	8033.0000
1688	1689	1686	0.3800	8033.0000
1689	1690	1687	0.3800	8033.0000
1690	1691	1688	0.3800	8033.0000
1691	1692	1689	0.3800	8033.0000
1692	1693	1690	0.3800	8033.0000
1693	1694	1691	0.3800	8033.0000
1694	1695	1692	0.3800	8033.0000
1695	1696	1693	0.3800	8033.0000
1696	1697	1694	0.3800	8033.0000
1697	1698	1695	0.3800	8033.0000
1698	1699	1696	0.3800	8033.0000
1699	1700	1697	0.3800	8033.0000
1700	1701	1698	0.3800	8033.0000
1701	1702	1699	0.3800	8033.0000
1702	1703	1700	0.3800	8033.0000
1703	1704	1701	0.3800	8033.0000
1704	1705	1702	0.3800	8033.0000
1705	1706	1703	0.3800	8033.0000
1706	1707	1704	0.3800	8033.0000
1707	1708	1705	0.3800	8033.0000
