i j d[nm] fc
1861 1863 0.6969 700.0000
1862 1864 0.7280 700.0000
1863 1865 0.7445 700.0000
1864 1866 0.6437 700.0000
1864 1897 0.7633 700.0000
1865 1867 0.6359 700.0000
1866 1868 0.7507 700.0000
1867 1869 0.7364 700.0000
1867 1870 0.8766 700.0000
1867 1871 0.5698 700.0000
1867 1872 0.6429 700.0000
1867 1875 0.8244 700.0000
1867 1896 0.8779 700.0000
1867 1897 0.8454 700.0000
1868 1870 0.5914 700.0000
1868 1871 0.4707 700.0000
1868 1872 0.8052 700.0000
1869 1871 0.7144 700.0000
1869 1872 0.5570 700.0000
1869 1873 0.6193 700.0000
1870 1872 0.7598 700.0000
1870 1873 0.5575 700.0000
1870 1874 0.6925 700.0000
1871 1873 0.7330 700.0000
1871 1874 0.5526 700.0000
1871 1875 0.6365 700.0000
1872 1874 0.7074 700.0000
1872 1875 0.5777 700.0000
1872 1876 0.5191 700.0000
1872 1877 0.8513 700.0000
1872 1879 0.8854 700.0000
1872 1896 0.6254 700.0000
1872 1897 0.7478 700.0000
1873 1875 0.7783 700.0000
1873 1876 0.6548 700.0000
1873 1877 0.6791 700.0000
1874 1876 0.7702 700.0000
1874 1877 0.5931 700.0000
1874 1878 0.6655 700.0000
1875 1877 0.6762 700.0000
1875 1878 0.5674 700.0000
1875 1879 0.6726 700.0000
1875 1881 0.8961 700.0000
1875 1882 0.6411 700.0000
1875 1896 0.6948 700.0000
1876 1878 0.7373 700.0000
1876 1879 0.5421 700.0000
1876 1896 0.6252 700.0000
1877 1879 0.7562 700.0000
1878 1880 0.8028 700.0000
1878 1881 0.4823 700.0000
1878 1882 0.6852 700.0000
1879 1881 0.7089 700.0000
1879 1882 0.6223 700.0000
1879 1883 0.5988 700.0000
1879 1894 0.7683 700.0000
1879 1895 0.7682 700.0000
1879 1896 0.5463 700.0000
1880 1882 0.8491 700.0000
1880 1883 0.6844 700.0000
1880 1884 0.5392 700.0000
1881 1883 0.6778 700.0000
1881 1884 0.5721 700.0000
1881 1885 0.7308 700.0000
1882 1884 0.7222 700.0000
1882 1885 0.5681 700.0000
1882 1886 0.5588 700.0000
1882 1894 0.6374 700.0000
1882 1896 0.8166 700.0000
1883 1885 0.6480 700.0000
1883 1886 0.5738 700.0000
1883 1887 0.6573 700.0000
1883 1888 0.8907 700.0000
1883 1892 0.8632 700.0000
1883 1893 0.7195 700.0000
1883 1894 0.4447 700.0000
1883 1895 0.7483 700.0000
1883 1896 0.8442 700.0000
1884 1886 0.7806 700.0000
1884 1887 0.6337 700.0000
1884 1888 0.6197 700.0000
1885 1887 0.6905 700.0000
1885 1888 0.5468 700.0000
1885 1889 0.5645 700.0000
1885 1890 0.7252 700.0000
1885 1892 0.8809 700.0000
1886 1888 0.7040 700.0000
1886 1889 0.6477 700.0000
1886 1890 0.5312 700.0000
1886 1891 0.6600 700.0000
1886 1892 0.4979 700.0000
1886 1893 0.7282 700.0000
1886 1894 0.6093 700.0000
1887 1889 0.8766 700.0000
1887 1890 0.8215 700.0000
1887 1891 0.5071 700.0000
1887 1892 0.6023 700.0000
1887 1893 0.6189 700.0000
1887 1894 0.7831 700.0000
1888 1890 0.7689 700.0000
1888 1891 0.7078 700.0000
1888 1892 0.8678 700.0000
1889 1891 0.8100 700.0000
1889 1892 0.8691 700.0000
1890 1892 0.5567 700.0000
1891 1893 0.6494 700.0000
1892 1894 0.6807 700.0000
1893 1895 0.7043 700.0000
1894 1896 0.6887 700.0000
1895 1897 0.6336 700.0000
1908 1910 0.5931 700.0000
1908 1923 0.8326 700.0000
1908 1924 0.6307 700.0000
1908 1925 0.4870 700.0000
1908 1926 0.7427 700.0000
1908 2086 0.8992 700.0000
1909 1911 0.7112 700.0000
1909 1912 0.6333 700.0000
1909 1922 0.6405 700.0000
1909 1923 0.6009 700.0000
1909 1924 0.4486 700.0000
1909 2077 0.8844 700.0000
1910 1912 0.8995 700.0000
1910 1922 0.7975 700.0000
1910 1923 0.4835 700.0000
1910 1924 0.6884 700.0000
1910 1925 0.7825 700.0000
1910 2086 0.6933 700.0000
1910 2087 0.8280 700.0000
1910 2090 0.5573 700.0000
1911 1913 0.6218 700.0000
1911 1921 0.6475 700.0000
1911 1922 0.5920 700.0000
1911 1923 0.4902 700.0000
1911 1924 0.8725 700.0000
1911 2078 0.8475 700.0000
1911 2089 0.8837 700.0000
1911 2090 0.5610 700.0000
1911 2091 0.8620 700.0000
1911 2092 0.8796 700.0000
1911 2093 0.5712 700.0000
1911 2094 0.6528 700.0000
1911 2097 0.8059 700.0000
1912 1914 0.6807 700.0000
1912 1920 0.5246 700.0000
1912 1921 0.7299 700.0000
1912 1922 0.6248 700.0000
1912 1923 0.8521 700.0000
1912 1924 0.8931 700.0000
1912 2075 0.8944 700.0000
1913 1915 0.6006 700.0000
1913 1916 0.8893 700.0000
1913 1920 0.7045 700.0000
1913 1921 0.5970 700.0000
1913 1922 0.8343 700.0000
1913 2093 0.7804 700.0000
1913 2097 0.5520 700.0000
1914 1916 0.5454 700.0000
1914 1917 0.6149 700.0000
1914 1919 0.6173 700.0000
1914 1920 0.4809 700.0000
1914 1921 0.7186 700.0000
1915 1917 0.7778 700.0000
1915 1919 0.5481 700.0000
1915 1920 0.7221 700.0000
1915 1921 0.5978 700.0000
1915 2060 0.7767 700.0000
1915 2061 0.7203 700.0000
1915 2064 0.6324 700.0000
1915 2065 0.7505 700.0000
1915 2076 0.8360 700.0000
1915 2097 0.7101 700.0000
1916 1918 0.6493 700.0000
1916 1919 0.4182 700.0000
1916 1920 0.8013 700.0000
1916 2064 0.6919 700.0000
1916 2065 0.8373 700.0000
1916 2069 0.7142 700.0000
1917 1919 0.6506 700.0000
1918 2069 0.6898 700.0000
1918 2071 0.7495 700.0000
1918 2072 0.8445 700.0000
1918 2073 0.8213 700.0000
1918 2074 0.6885 700.0000
1919 1921 0.7458 700.0000
1919 2064 0.7020 700.0000
1919 2069 0.6784 700.0000
1919 2071 0.8326 700.0000
1919 2073 0.5833 700.0000
1919 2074 0.6256 700.0000
1919 2075 0.7020 700.0000
1919 2076 0.6804 700.0000
1920 1922 0.5783 700.0000
1920 2074 0.7380 700.0000
1920 2075 0.4973 700.0000
1920 2076 0.6498 700.0000
1920 2077 0.7710 700.0000
1921 1923 0.6964 700.0000
1921 2057 0.7894 700.0000
1921 2060 0.7782 700.0000
1921 2075 0.7899 700.0000
1921 2076 0.4918 700.0000
1921 2077 0.7153 700.0000
1921 2078 0.6620 700.0000
1921 2093 0.7537 700.0000
1921 2097 0.7866 700.0000
1922 1924 0.5310 700.0000
1922 2075 0.7080 700.0000
1922 2076 0.5850 700.0000
1922 2077 0.4611 700.0000
1922 2078 0.5344 700.0000
1922 2079 0.8270 700.0000
1923 1925 0.8573 700.0000
1923 2077 0.7253 700.0000
1923 2078 0.4809 700.0000
1923 2079 0.6972 700.0000
1923 2080 0.8460 700.0000
1923 2086 0.6457 700.0000
1923 2087 0.8705 700.0000
1923 2089 0.6278 700.0000
1923 2090 0.6608 700.0000
1923 2093 0.7759 700.0000
1924 1926 0.6439 700.0000
1924 1931 0.7042 700.0000
1924 2077 0.5556 700.0000
1924 2078 0.7075 700.0000
1924 2079 0.6309 700.0000
1924 2080 0.8625 700.0000
1925 1927 0.8668 700.0000
1925 2079 0.7903 700.0000
1925 2080 0.5832 700.0000
1925 2081 0.5594 700.0000
1925 2082 0.8278 700.0000
1925 2083 0.6182 700.0000
1925 2086 0.6279 700.0000
1926 1928 0.6425 700.0000
1926 1929 0.8091 700.0000
1926 1930 0.6332 700.0000
1926 1931 0.5401 700.0000
1926 1932 0.8943 700.0000
1926 2079 0.6153 700.0000
1926 2080 0.6519 700.0000
1926 2081 0.5793 700.0000
1927 1929 0.4282 700.0000
1927 1930 0.4646 700.0000
1927 1931 0.6789 700.0000
1927 1950 0.8756 700.0000
1927 1953 0.8470 700.0000
1927 1954 0.8847 700.0000
1927 2079 0.7989 700.0000
1927 2080 0.7746 700.0000
1927 2081 0.5481 700.0000
1928 1930 0.6538 700.0000
1928 1931 0.5643 700.0000
1928 1932 0.8978 700.0000
1928 1933 0.8462 700.0000
1928 1936 0.6240 700.0000
1928 1937 0.7695 700.0000
1928 1938 0.8714 700.0000
1928 1950 0.6755 700.0000
1928 1953 0.8440 700.0000
1928 1954 0.6953 700.0000
1928 2036 0.6649 700.0000
1928 2037 0.8772 700.0000
1928 2038 0.7474 700.0000
1928 2079 0.5795 700.0000
1928 2080 0.7535 700.0000
1928 2081 0.7756 700.0000
1929 1931 0.7465 700.0000
1929 1936 0.8859 700.0000
1929 1950 0.8333 700.0000
1929 1953 0.6457 700.0000
1929 1954 0.5771 700.0000
1929 1957 0.6047 700.0000
1929 1958 0.8460 700.0000
1929 1989 0.6390 700.0000
1929 1990 0.7369 700.0000
1929 1991 0.8911 700.0000
1930 1932 0.7002 700.0000
1930 1989 0.7976 700.0000
1930 1990 0.6508 700.0000
1931 1933 0.5221 700.0000
1931 1935 0.8803 700.0000
1931 1936 0.8151 700.0000
1931 1990 0.7576 700.0000
1931 1991 0.8814 700.0000
1931 2034 0.8939 700.0000
1931 2036 0.7052 700.0000
1931 2077 0.6941 700.0000
1931 2079 0.6991 700.0000
1932 1934 0.7496 700.0000
1932 1935 0.8484 700.0000
1932 1990 0.6095 700.0000
1932 1991 0.7680 700.0000
1932 2034 0.7429 700.0000
1932 2036 0.8921 700.0000
1932 2077 0.8259 700.0000
1933 1935 0.4779 700.0000
1933 1936 0.6479 700.0000
1933 1990 0.6618 700.0000
1933 1991 0.5899 700.0000
1933 1992 0.7774 700.0000
1933 2032 0.8683 700.0000
1933 2033 0.8972 700.0000
1933 2034 0.4762 700.0000
1933 2035 0.6418 700.0000
1933 2036 0.6306 700.0000
1933 2075 0.8565 700.0000
1933 2077 0.7140 700.0000
1934 1936 0.8265 700.0000
1934 1990 0.8570 700.0000
1934 1991 0.6377 700.0000
1934 1992 0.4688 700.0000
1934 1993 0.7295 700.0000
1934 2029 0.8889 700.0000
1934 2031 0.8189 700.0000
1934 2032 0.5092 700.0000
1934 2033 0.6036 700.0000
1934 2034 0.4391 700.0000
1934 2035 0.7272 700.0000
1934 2036 0.8975 700.0000
1935 1937 0.6771 700.0000
1935 1990 0.8989 700.0000
1935 1991 0.5881 700.0000
1935 1992 0.6854 700.0000
1935 1993 0.5949 700.0000
1935 1994 0.6921 700.0000
1935 1995 0.6646 700.0000
1935 2025 0.8205 700.0000
1935 2032 0.6228 700.0000
1935 2034 0.5691 700.0000
1935 2035 0.4802 700.0000
1935 2036 0.5346 700.0000
1935 2037 0.8735 700.0000
1935 2077 0.8805 700.0000
1936 1938 0.6851 700.0000
1936 1954 0.7913 700.0000
1936 1986 0.8246 700.0000
1936 1989 0.8150 700.0000
1936 1990 0.8734 700.0000
1936 1991 0.6062 700.0000
1936 1993 0.7373 700.0000
1936 1994 0.5073 700.0000
1936 1995 0.5781 700.0000
1936 1996 0.8410 700.0000
1936 2035 0.6852 700.0000
1936 2036 0.4783 700.0000
1936 2037 0.7713 700.0000
1936 2038 0.8326 700.0000
1937 1939 0.6895 700.0000
1937 1940 0.8921 700.0000
1937 1950 0.8626 700.0000
1937 1994 0.6796 700.0000
1937 1995 0.4647 700.0000
1937 1996 0.7080 700.0000
1937 1997 0.6424 700.0000
1937 2021 0.7217 700.0000
1937 2035 0.7302 700.0000
1937 2036 0.5062 700.0000
1937 2037 0.5277 700.0000
1937 2038 0.5417 700.0000
1937 2040 0.7807 700.0000
1937 2079 0.8902 700.0000
1938 1940 0.5187 700.0000
1938 1941 0.8774 700.0000
1938 1944 0.8665 700.0000
1938 1946 0.7273 700.0000
1938 1950 0.5883 700.0000
1938 1951 0.5653 700.0000
1938 1954 0.6748 700.0000
1938 1982 0.8576 700.0000
1938 1994 0.6497 700.0000
1938 1995 0.6512 700.0000
1938 1996 0.4689 700.0000
1938 1997 0.5554 700.0000
1938 1998 0.8673 700.0000
1938 2038 0.7587 700.0000
1938 2040 0.8264 700.0000
1939 1941 0.7298 700.0000
1939 1946 0.7907 700.0000
1939 1948 0.7980 700.0000
1939 1949 0.7790 700.0000
1939 1950 0.5666 700.0000
1939 1951 0.5987 700.0000
1939 1954 0.8899 700.0000
1939 1996 0.7043 700.0000
1939 1997 0.5387 700.0000
1939 1998 0.7279 700.0000
1939 1999 0.7519 700.0000
1939 2038 0.7164 700.0000
1939 2039 0.8065 700.0000
1939 2040 0.6114 700.0000
1939 2041 0.7445 700.0000
1939 2044 0.8853 700.0000
1939 2045 0.8296 700.0000
1940 1942 0.7649 700.0000
1940 1943 0.8765 700.0000
1940 1944 0.6318 700.0000
1940 1945 0.8130 700.0000
1940 1946 0.7125 700.0000
1940 1948 0.8889 700.0000
1940 1950 0.8764 700.0000
1940 1951 0.7431 700.0000
1940 1976 0.8083 700.0000
1940 1982 0.8544 700.0000
1940 1996 0.5998 700.0000
1940 1997 0.4560 700.0000
1940 1998 0.4810 700.0000
1940 1999 0.6232 700.0000
1940 2040 0.7982 700.0000
1940 2041 0.8553 700.0000
1940 2045 0.8061 700.0000
1941 1943 0.5086 700.0000
1941 1944 0.5075 700.0000
1941 1945 0.5226 700.0000
1941 1946 0.6934 700.0000
1941 1947 0.8747 700.0000
1941 1948 0.8943 700.0000
1941 1951 0.8985 700.0000
1941 1975 0.8756 700.0000
1941 1976 0.7222 700.0000
1941 1996 0.8489 700.0000
1941 1997 0.8118 700.0000
1941 1998 0.6483 700.0000
1941 1999 0.7893 700.0000
1941 2045 0.8450 700.0000
1942 1944 0.7675 700.0000
1942 1945 0.8887 700.0000
1942 1975 0.5383 700.0000
1942 1976 0.4810 700.0000
1942 1977 0.5809 700.0000
1942 1978 0.6834 700.0000
1942 1980 0.8671 700.0000
1942 1998 0.6299 700.0000
1942 1999 0.7799 700.0000
1942 2001 0.7962 700.0000
1943 1945 0.4969 700.0000
1943 1946 0.8960 700.0000
1943 1966 0.8564 700.0000
1943 1967 0.8425 700.0000
1943 1970 0.6402 700.0000
1943 1974 0.7901 700.0000
1943 1975 0.5308 700.0000
1943 1976 0.7053 700.0000
1944 1946 0.5857 700.0000
1944 1963 0.6903 700.0000
1944 1966 0.4647 700.0000
1944 1967 0.7359 700.0000
1944 1969 0.7245 700.0000
1944 1970 0.6433 700.0000
1944 1974 0.8764 700.0000
1944 1975 0.8363 700.0000
1944 1976 0.6817 700.0000
1944 1982 0.7384 700.0000
1944 1996 0.6116 700.0000
1944 1997 0.8786 700.0000
1944 1998 0.8541 700.0000
1945 1947 0.6321 700.0000
1945 1948 0.8379 700.0000
1945 1951 0.8704 700.0000
1945 1963 0.6498 700.0000
1945 1966 0.7777 700.0000
1945 1967 0.7602 700.0000
1946 1948 0.6579 700.0000
1946 1949 0.8395 700.0000
1946 1950 0.8541 700.0000
1946 1951 0.4487 700.0000
1946 1952 0.6395 700.0000
1946 1953 0.8532 700.0000
1946 1954 0.7653 700.0000
1946 1955 0.6097 700.0000
1946 1962 0.7043 700.0000
1946 1963 0.5147 700.0000
1946 1966 0.7187 700.0000
1946 1996 0.7721 700.0000
1947 1949 0.6307 700.0000
1947 1951 0.6264 700.0000
1947 1952 0.4938 700.0000
1947 1953 0.8946 700.0000
1947 1955 0.8666 700.0000
1948 1950 0.6618 700.0000
1948 1951 0.4768 700.0000
1948 1952 0.4523 700.0000
1948 1953 0.7504 700.0000
1948 2044 0.7335 700.0000
1949 1951 0.4808 700.0000
1949 1952 0.4838 700.0000
1949 1953 0.5975 700.0000
1949 1954 0.8184 700.0000
1949 2043 0.8874 700.0000
1949 2044 0.7849 700.0000
1950 1952 0.6868 700.0000
1950 1953 0.5397 700.0000
1950 1954 0.5547 700.0000
1950 2038 0.7860 700.0000
1951 1953 0.5088 700.0000
1951 1954 0.4902 700.0000
1951 1955 0.6022 700.0000
1951 1956 0.8369 700.0000
1951 1962 0.8897 700.0000
1951 1996 0.8695 700.0000
1952 1954 0.6708 700.0000
1952 1955 0.5434 700.0000
1952 1956 0.5189 700.0000
1952 1957 0.8914 700.0000
1953 1955 0.5478 700.0000
1953 1956 0.4856 700.0000
1953 1957 0.6087 700.0000
1953 1958 0.8332 700.0000
1953 1959 0.8890 700.0000
1954 1956 0.7333 700.0000
1954 1957 0.5865 700.0000
1954 1958 0.6640 700.0000
1954 1959 0.7762 700.0000
1954 1962 0.7518 700.0000
1954 1986 0.8340 700.0000
1954 1989 0.6887 700.0000
1954 1994 0.7711 700.0000
1955 1957 0.5771 700.0000
1955 1958 0.5398 700.0000
1955 1959 0.4312 700.0000
1955 1960 0.5877 700.0000
1955 1961 0.8383 700.0000
1955 1962 0.5500 700.0000
1955 1963 0.6789 700.0000
1955 1989 0.8935 700.0000
1956 1958 0.7497 700.0000
1956 1959 0.6980 700.0000
1956 1960 0.7987 700.0000
1957 1959 0.5536 700.0000
1957 1962 0.8978 700.0000
1957 1986 0.8841 700.0000
1957 1987 0.8200 700.0000
1957 1988 0.6352 700.0000
1957 1989 0.5908 700.0000
1958 1960 0.7696 700.0000
1958 1961 0.6381 700.0000
1958 1962 0.6240 700.0000
1958 1985 0.8751 700.0000
1958 1986 0.6194 700.0000
1958 1987 0.5041 700.0000
1958 1988 0.4329 700.0000
1958 1989 0.5073 700.0000
1959 1961 0.4886 700.0000
1959 1962 0.5225 700.0000
1959 1963 0.7926 700.0000
1959 1986 0.7922 700.0000
1959 1987 0.6684 700.0000
1959 1988 0.5844 700.0000
1959 1989 0.7992 700.0000
1960 1962 0.6982 700.0000
1960 1963 0.6097 700.0000
1960 1964 0.7335 700.0000
1961 1963 0.8290 700.0000
1961 1964 0.6912 700.0000
1961 1965 0.6760 700.0000
1961 1985 0.7609 700.0000
1961 1986 0.7649 700.0000
1961 1987 0.5913 700.0000
1961 1988 0.6940 700.0000
1962 1964 0.7476 700.0000
1962 1965 0.5655 700.0000
1962 1966 0.6356 700.0000
1962 1984 0.6208 700.0000
1962 1985 0.5681 700.0000
1962 1986 0.6301 700.0000
1962 1987 0.6864 700.0000
1962 1989 0.8712 700.0000
1962 1994 0.7081 700.0000
1962 1996 0.8351 700.0000
1963 1965 0.7412 700.0000
1963 1966 0.4859 700.0000
1963 1967 0.5109 700.0000
1964 1966 0.6549 700.0000
1964 1967 0.4956 700.0000
1964 1968 0.5661 700.0000
1965 1967 0.7917 700.0000
1965 1968 0.5671 700.0000
1965 1969 0.7585 700.0000
1965 1983 0.8416 700.0000
1965 1984 0.5253 700.0000
1965 1985 0.5704 700.0000
1965 1986 0.8749 700.0000
1966 1968 0.6354 700.0000
1966 1969 0.5776 700.0000
1966 1970 0.6442 700.0000
1966 1971 0.8897 700.0000
1966 1982 0.8150 700.0000
1966 1983 0.8847 700.0000
1966 1984 0.6772 700.0000
1966 1985 0.8777 700.0000
1966 1996 0.7332 700.0000
1967 1969 0.8619 700.0000
1967 1970 0.6512 700.0000
1967 1971 0.7451 700.0000
1968 1970 0.7442 700.0000
1968 1971 0.6428 700.0000
1968 1972 0.6582 700.0000
1969 1971 0.6848 700.0000
1969 1972 0.6624 700.0000
1969 1973 0.4709 700.0000
1969 1974 0.6248 700.0000
1969 1976 0.8195 700.0000
1969 1982 0.6500 700.0000
1969 1983 0.7364 700.0000
1969 1984 0.7993 700.0000
1969 1996 0.8772 700.0000
1970 1972 0.8026 700.0000
1970 1973 0.6847 700.0000
1970 1974 0.3818 700.0000
1970 1975 0.6033 700.0000
1970 1976 0.7608 700.0000
1971 1973 0.6885 700.0000
1971 1974 0.5638 700.0000
1971 1975 0.8839 700.0000
1972 1974 0.8414 700.0000
1974 1976 0.6439 700.0000
1975 1977 0.7287 700.0000
1976 1978 0.6714 700.0000
1976 1979 0.7763 700.0000
1976 1980 0.5108 700.0000
1976 1981 0.7493 700.0000
1976 1982 0.7358 700.0000
1976 1996 0.8943 700.0000
1976 1997 0.8227 700.0000
1976 1998 0.5776 700.0000
1976 1999 0.8907 700.0000
1977 1979 0.5553 700.0000
1977 1980 0.3720 700.0000
1977 1981 0.8399 700.0000
1977 1998 0.5987 700.0000
1977 1999 0.8079 700.0000
1977 2013 0.8613 700.0000
1978 1980 0.5324 700.0000
1978 1997 0.8507 700.0000
1978 1998 0.4918 700.0000
1978 1999 0.5338 700.0000
1978 2000 0.6275 700.0000
1978 2001 0.8566 700.0000
1978 2013 0.5120 700.0000
1978 2014 0.8770 700.0000
1978 2016 0.7392 700.0000
1978 2017 0.7703 700.0000
1979 1981 0.6614 700.0000
1979 1997 0.7084 700.0000
1979 1998 0.5274 700.0000
1979 1999 0.6392 700.0000
1979 2000 0.7831 700.0000
1979 2012 0.8248 700.0000
1979 2013 0.6017 700.0000
1979 2014 0.7468 700.0000
1979 2016 0.5010 700.0000
1979 2017 0.4302 700.0000
1979 2018 0.8198 700.0000
1979 2019 0.8296 700.0000
1979 2020 0.6458 700.0000
1980 1982 0.7800 700.0000
1980 1997 0.7976 700.0000
1980 1998 0.6143 700.0000
1980 1999 0.8783 700.0000
1980 2016 0.7566 700.0000
1980 2017 0.7457 700.0000
1980 2020 0.7445 700.0000
1981 1983 0.6780 700.0000
1981 1995 0.6459 700.0000
1981 1996 0.6942 700.0000
1981 1997 0.5911 700.0000
1981 1998 0.7129 700.0000
1981 2017 0.7008 700.0000
1981 2020 0.5525 700.0000
1981 2021 0.6544 700.0000
1981 2024 0.7371 700.0000
1982 1984 0.6452 700.0000
1982 1994 0.7642 700.0000
1982 1995 0.5738 700.0000
1982 1996 0.4190 700.0000
1982 1997 0.6590 700.0000
1982 1998 0.8226 700.0000
1982 2024 0.8428 700.0000
1983 1985 0.6871 700.0000
1983 1993 0.6239 700.0000
1983 1994 0.6228 700.0000
1983 1995 0.5671 700.0000
1983 1996 0.5987 700.0000
1983 2024 0.6954 700.0000
1984 1986 0.6560 700.0000
1984 1987 0.8735 700.0000
1984 1993 0.6093 700.0000
1984 1994 0.4506 700.0000
1984 1995 0.7210 700.0000
1984 1996 0.5938 700.0000
1985 1987 0.5643 700.0000
1985 1989 0.8212 700.0000
1985 1991 0.7763 700.0000
1985 1992 0.8574 700.0000
1985 1993 0.5628 700.0000
1985 1994 0.4995 700.0000
1985 1996 0.8488 700.0000
1986 1988 0.7829 700.0000
1986 1989 0.4515 700.0000
1986 1990 0.7504 700.0000
1986 1991 0.4983 700.0000
1986 1992 0.7486 700.0000
1986 1993 0.6584 700.0000
1986 1994 0.5515 700.0000
1987 1989 0.4996 700.0000
1987 1990 0.8109 700.0000
1987 1991 0.6961 700.0000
1987 1994 0.8494 700.0000
1989 1991 0.4559 700.0000
1989 1994 0.7977 700.0000
1990 1992 0.7924 700.0000
1991 1993 0.6426 700.0000
1991 1994 0.6799 700.0000
1992 2031 0.8292 700.0000
1992 2032 0.7631 700.0000
1993 1995 0.6682 700.0000
1993 2024 0.8016 700.0000
1993 2029 0.7311 700.0000
1993 2032 0.7683 700.0000
1994 1996 0.5280 700.0000
1995 1997 0.6374 700.0000
1995 2021 0.6216 700.0000
1995 2024 0.7017 700.0000
1995 2025 0.8749 700.0000
1995 2035 0.8673 700.0000
1995 2036 0.8248 700.0000
1996 1998 0.7993 700.0000
1997 1999 0.6065 700.0000
1997 2017 0.6502 700.0000
1997 2018 0.8611 700.0000
1997 2020 0.8619 700.0000
1997 2021 0.7542 700.0000
1997 2038 0.8782 700.0000
1997 2040 0.6569 700.0000
1998 2000 0.6814 700.0000
1998 2013 0.8578 700.0000
1998 2014 0.8886 700.0000
1998 2017 0.7029 700.0000
1998 2040 0.7973 700.0000
1998 2041 0.8568 700.0000
1998 2045 0.8622 700.0000
1999 2001 0.6710 700.0000
1999 2010 0.8570 700.0000
1999 2013 0.6882 700.0000
1999 2014 0.6692 700.0000
1999 2017 0.7374 700.0000
1999 2040 0.6262 700.0000
1999 2041 0.5511 700.0000
1999 2045 0.5936 700.0000
1999 2047 0.8912 700.0000
2000 2002 0.7626 700.0000
2000 2003 0.8433 700.0000
2000 2009 0.7971 700.0000
2000 2010 0.5274 700.0000
2000 2011 0.7945 700.0000
2000 2012 0.8062 700.0000
2000 2013 0.5264 700.0000
2000 2014 0.5827 700.0000
2000 2017 0.8709 700.0000
2000 2040 0.7460 700.0000
2000 2041 0.5306 700.0000
2000 2045 0.5863 700.0000
2000 2047 0.6630 700.0000
2001 2003 0.7083 700.0000
2001 2010 0.8666 700.0000
2001 2041 0.8139 700.0000
2001 2044 0.8435 700.0000
2001 2045 0.4675 700.0000
2001 2046 0.8539 700.0000
2002 2004 0.5801 700.0000
2002 2005 0.8489 700.0000
2002 2006 0.7608 700.0000
2002 2007 0.6113 700.0000
2002 2009 0.8946 700.0000
2002 2010 0.5838 700.0000
2002 2011 0.8631 700.0000
2002 2041 0.8371 700.0000
2002 2045 0.8520 700.0000
2002 2046 0.6361 700.0000
2002 2047 0.4796 700.0000
2002 2048 0.5856 700.0000
2002 2051 0.8563 700.0000
2003 2005 0.4544 700.0000
2003 2006 0.5315 700.0000
2003 2007 0.7799 700.0000
2003 2009 0.8202 700.0000
2003 2010 0.6270 700.0000
2004 2006 0.8206 700.0000
2004 2007 0.6077 700.0000
2005 2007 0.7689 700.0000
2005 2010 0.8696 700.0000
2006 2008 0.6094 700.0000
2006 2009 0.4457 700.0000
2006 2010 0.5029 700.0000
2006 2011 0.8153 700.0000
2006 2013 0.8479 700.0000
2007 2009 0.7268 700.0000
2007 2010 0.6504 700.0000
2007 2011 0.7246 700.0000
2007 2047 0.8795 700.0000
2007 2048 0.8803 700.0000
2007 2051 0.8346 700.0000
2008 2010 0.7296 700.0000
2008 2011 0.6208 700.0000
2008 2012 0.7578 700.0000
2009 2011 0.5041 700.0000
2009 2012 0.4794 700.0000
2009 2013 0.4979 700.0000
2009 2014 0.8510 700.0000
2009 2015 0.8675 700.0000
2010 2012 0.6039 700.0000
2010 2013 0.5099 700.0000
2010 2014 0.7081 700.0000
2010 2047 0.6950 700.0000
2011 2013 0.6673 700.0000
2011 2014 0.5525 700.0000
2011 2015 0.5571 700.0000
2011 2047 0.7678 700.0000
2011 2051 0.7028 700.0000
2011 2052 0.8335 700.0000
2011 2055 0.6196 700.0000
2012 2014 0.5499 700.0000
2012 2015 0.4112 700.0000
2012 2016 0.5921 700.0000
2012 2017 0.8128 700.0000
2012 2055 0.8344 700.0000
2013 2015 0.7631 700.0000
2013 2016 0.6101 700.0000
2013 2017 0.7844 700.0000
2014 2016 0.8133 700.0000
2014 2017 0.5517 700.0000
2014 2018 0.6082 700.0000
2014 2040 0.6292 700.0000
2014 2041 0.7208 700.0000
2014 2047 0.7491 700.0000
2014 2052 0.6769 700.0000
2014 2055 0.6093 700.0000
2014 2056 0.6759 700.0000
2014 2059 0.8094 700.0000
2015 2017 0.6976 700.0000
2015 2018 0.6524 700.0000
2015 2019 0.7043 700.0000
2015 2055 0.5916 700.0000
2015 2056 0.7822 700.0000
2015 2058 0.8126 700.0000
2015 2059 0.5260 700.0000
2016 2018 0.8657 700.0000
2016 2019 0.6742 700.0000
2016 2020 0.7126 700.0000
2017 2019 0.5410 700.0000
2017 2020 0.4672 700.0000
2017 2021 0.5775 700.0000
2017 2022 0.8317 700.0000
2017 2040 0.7767 700.0000
2017 2059 0.8858 700.0000
2018 2020 0.6040 700.0000
2018 2021 0.5052 700.0000
2018 2022 0.6024 700.0000
2018 2023 0.8833 700.0000
2018 2037 0.7789 700.0000
2018 2040 0.7804 700.0000
2018 2055 0.8298 700.0000
2018 2056 0.6069 700.0000
2018 2059 0.5884 700.0000
2018 2060 0.6820 700.0000
2018 2063 0.8683 700.0000
2019 2021 0.6086 700.0000
2019 2022 0.5165 700.0000
2019 2023 0.5352 700.0000
2019 2059 0.6886 700.0000
2019 2060 0.8353 700.0000
2019 2063 0.6692 700.0000
2020 2022 0.6160 700.0000
2020 2023 0.5043 700.0000
2020 2024 0.7656 700.0000
2020 2025 0.8998 700.0000
2021 2023 0.6603 700.0000
2021 2024 0.6698 700.0000
2021 2025 0.6580 700.0000
2021 2026 0.8995 700.0000
2021 2035 0.8256 700.0000
2021 2037 0.7879 700.0000
2022 2024 0.8130 700.0000
2022 2025 0.5684 700.0000
2022 2026 0.5905 700.0000
2022 2027 0.8098 700.0000
2022 2035 0.8612 700.0000
2022 2059 0.8505 700.0000
2022 2060 0.6951 700.0000
2022 2063 0.6762 700.0000
2022 2064 0.7626 700.0000
2022 2067 0.8876 700.0000
2022 2073 0.8592 700.0000
2022 2076 0.8747 700.0000
2023 2025 0.6821 700.0000
2023 2026 0.5667 700.0000
2023 2027 0.5052 700.0000
2023 2028 0.7396 700.0000
2023 2063 0.8524 700.0000
2023 2067 0.8273 700.0000
2024 2026 0.7633 700.0000
2024 2027 0.8250 700.0000
2024 2028 0.4381 700.0000
2024 2029 0.5028 700.0000
2024 2030 0.8527 700.0000
2024 2032 0.7727 700.0000
2025 2027 0.7268 700.0000
2025 2028 0.7482 700.0000
2025 2029 0.5423 700.0000
2025 2030 0.6810 700.0000
2025 2032 0.5000 700.0000
2025 2034 0.8835 700.0000
2025 2035 0.7313 700.0000
2025 2071 0.7406 700.0000
2025 2072 0.8816 700.0000
2025 2073 0.6377 700.0000
2026 2028 0.8069 700.0000
2026 2029 0.7926 700.0000
2026 2030 0.6938 700.0000
2026 2032 0.8167 700.0000
2026 2064 0.8900 700.0000
2026 2067 0.8165 700.0000
2026 2069 0.6621 700.0000
2026 2070 0.7356 700.0000
2026 2071 0.5016 700.0000
2026 2072 0.8329 700.0000
2026 2073 0.6509 700.0000
2027 2030 0.8222 700.0000
2027 2067 0.7889 700.0000
2027 2068 0.8944 700.0000
2027 2069 0.8662 700.0000
2027 2070 0.7036 700.0000
2027 2071 0.7675 700.0000
2028 2030 0.8091 700.0000
2029 2031 0.5460 700.0000
2029 2032 0.4838 700.0000
2029 2072 0.8913 700.0000
2030 2032 0.5959 700.0000
2030 2033 0.8328 700.0000
2030 2071 0.6244 700.0000
2030 2072 0.5394 700.0000
2030 2073 0.8252 700.0000
2031 2033 0.7279 700.0000
2031 2072 0.6895 700.0000
2032 2034 0.5767 700.0000
2032 2035 0.7009 700.0000
2032 2071 0.8216 700.0000
2032 2072 0.6914 700.0000
2032 2073 0.6341 700.0000
2033 2035 0.8962 700.0000
2033 2071 0.8383 700.0000
2033 2072 0.5259 700.0000
2033 2073 0.6063 700.0000
2033 2074 0.5203 700.0000
2033 2075 0.7157 700.0000
2034 2036 0.7245 700.0000
2034 2073 0.6756 700.0000
2034 2074 0.7195 700.0000
2034 2075 0.5082 700.0000
2034 2076 0.7383 700.0000
2034 2077 0.6520 700.0000
2035 2037 0.5979 700.0000
2035 2073 0.7398 700.0000
2035 2075 0.7019 700.0000
2035 2076 0.5093 700.0000
2035 2077 0.5442 700.0000
2035 2078 0.8522 700.0000
2036 2038 0.6392 700.0000
2036 2076 0.7141 700.0000
2036 2077 0.5376 700.0000
2036 2078 0.7038 700.0000
2036 2079 0.6107 700.0000
2037 2039 0.7298 700.0000
2037 2040 0.7580 700.0000
2037 2056 0.7435 700.0000
2037 2076 0.6938 700.0000
2037 2077 0.7050 700.0000
2037 2078 0.5183 700.0000
2037 2079 0.6220 700.0000
2037 2089 0.8657 700.0000
2038 2040 0.5240 700.0000
2038 2041 0.8821 700.0000
2038 2042 0.8727 700.0000
2038 2056 0.8332 700.0000
2038 2078 0.6906 700.0000
2038 2079 0.5776 700.0000
2038 2080 0.7452 700.0000
2038 2089 0.8396 700.0000
2039 2041 0.6185 700.0000
2039 2042 0.4984 700.0000
2039 2043 0.7726 700.0000
2039 2047 0.8492 700.0000
2039 2049 0.7309 700.0000
2039 2052 0.5906 700.0000
2039 2053 0.7156 700.0000
2039 2056 0.7647 700.0000
2039 2078 0.8429 700.0000
2039 2079 0.8009 700.0000
2039 2080 0.7648 700.0000
2039 2082 0.9000 700.0000
2039 2085 0.6820 700.0000
2039 2089 0.7231 700.0000
2040 2042 0.6589 700.0000
2040 2043 0.8563 700.0000
2040 2045 0.8226 700.0000
2040 2047 0.7940 700.0000
2040 2052 0.6621 700.0000
2040 2056 0.7476 700.0000
2041 2043 0.5539 700.0000
2041 2044 0.7301 700.0000
2041 2045 0.4527 700.0000
2041 2046 0.7847 700.0000
2041 2047 0.4988 700.0000
2041 2048 0.8132 700.0000
2041 2052 0.6721 700.0000
2042 2044 0.7335 700.0000
2042 2045 0.7184 700.0000
2042 2046 0.7200 700.0000
2042 2047 0.5734 700.0000
2042 2048 0.6783 700.0000
2042 2049 0.5804 700.0000
2042 2052 0.6405 700.0000
2042 2053 0.8957 700.0000
2042 2085 0.7971 700.0000
2043 2045 0.5721 700.0000
2043 2046 0.5645 700.0000
2043 2047 0.7680 700.0000
2043 2048 0.8832 700.0000
2043 2049 0.8722 700.0000
2044 2046 0.6482 700.0000
2045 2047 0.7587 700.0000
2046 2048 0.7486 700.0000
2047 2049 0.7091 700.0000
2047 2050 0.8907 700.0000
2047 2051 0.6031 700.0000
2047 2052 0.5087 700.0000
2047 2053 0.8837 700.0000
2047 2055 0.8713 700.0000
2048 2050 0.6212 700.0000
2048 2051 0.5037 700.0000
2048 2052 0.6038 700.0000
2048 2053 0.8477 700.0000
2049 2051 0.7072 700.0000
2049 2052 0.5501 700.0000
2049 2053 0.5715 700.0000
2049 2084 0.7492 700.0000
2049 2085 0.5951 700.0000
2049 2087 0.8651 700.0000
2049 2088 0.6118 700.0000
2049 2089 0.7914 700.0000
2050 2052 0.6873 700.0000
2050 2053 0.5717 700.0000
2050 2054 0.6575 700.0000
2050 2085 0.8881 700.0000
2050 2087 0.8814 700.0000
2050 2088 0.5894 700.0000
2050 2089 0.8876 700.0000
2050 2091 0.8211 700.0000
2050 2092 0.8049 700.0000
2051 2053 0.6370 700.0000
2051 2054 0.5733 700.0000
2051 2055 0.5735 700.0000
2051 2056 0.8851 700.0000
2052 2054 0.7307 700.0000
2052 2055 0.5407 700.0000
2052 2056 0.5666 700.0000
2052 2057 0.8885 700.0000
2052 2088 0.8632 700.0000
2052 2089 0.7823 700.0000
2053 2055 0.6100 700.0000
2053 2056 0.5409 700.0000
2053 2057 0.6480 700.0000
2053 2078 0.8716 700.0000
2053 2085 0.7719 700.0000
2053 2087 0.8778 700.0000
2053 2088 0.5395 700.0000
2053 2089 0.4688 700.0000
2053 2091 0.7835 700.0000
2053 2092 0.5915 700.0000
2053 2093 0.8235 700.0000
2054 2056 0.7541 700.0000
2054 2057 0.6388 700.0000
2054 2058 0.6044 700.0000
2054 2088 0.8362 700.0000
2054 2089 0.8847 700.0000
2054 2091 0.7845 700.0000
2054 2092 0.5167 700.0000
2054 2093 0.8125 700.0000
2054 2095 0.7032 700.0000
2054 2096 0.6628 700.0000
2055 2057 0.6355 700.0000
2055 2058 0.5528 700.0000
2055 2059 0.5880 700.0000
2055 2060 0.8766 700.0000
2056 2058 0.7342 700.0000
2056 2059 0.5752 700.0000
2056 2060 0.6280 700.0000
2056 2078 0.7942 700.0000
2056 2089 0.7291 700.0000
2056 2092 0.8897 700.0000
2057 2059 0.6152 700.0000
2057 2060 0.5174 700.0000
2057 2061 0.6672 700.0000
2057 2062 0.8993 700.0000
2057 2078 0.8099 700.0000
2057 2089 0.7347 700.0000
2057 2092 0.6115 700.0000
2057 2093 0.5994 700.0000
2057 2096 0.6053 700.0000
2057 2097 0.7431 700.0000
2058 2060 0.7307 700.0000
2058 2061 0.5368 700.0000
2058 2062 0.6465 700.0000
2058 2092 0.8709 700.0000
2058 2096 0.6093 700.0000
2059 2061 0.7156 700.0000
2059 2062 0.5494 700.0000
2059 2063 0.5864 700.0000
2059 2064 0.8565 700.0000
2060 2062 0.6605 700.0000
2060 2063 0.5733 700.0000
2060 2064 0.5922 700.0000
2060 2065 0.8978 700.0000
2060 2076 0.7353 700.0000
2061 2063 0.7597 700.0000
2061 2064 0.7426 700.0000
2061 2065 0.5438 700.0000
2061 2096 0.6127 700.0000
2061 2097 0.6561 700.0000
2062 2064 0.6347 700.0000
2062 2065 0.5124 700.0000
2062 2066 0.6614 700.0000
2062 2067 0.8230 700.0000
2063 2065 0.6649 700.0000
2063 2066 0.5998 700.0000
2063 2067 0.5392 700.0000
2063 2069 0.8788 700.0000
2064 2066 0.6506 700.0000
2064 2067 0.6183 700.0000
2064 2068 0.8198 700.0000
2064 2069 0.5818 700.0000
2065 2067 0.8153 700.0000
2066 2068 0.5977 700.0000
2066 2069 0.8350 700.0000
2067 2069 0.6534 700.0000
2067 2070 0.8933 700.0000
2068 2070 0.6057 700.0000
2069 2071 0.5286 700.0000
2069 2073 0.7150 700.0000
2070 2072 0.8864 700.0000
2071 2073 0.4741 700.0000
2071 2074 0.7981 700.0000
2072 2074 0.6570 700.0000
2073 2075 0.6761 700.0000
2073 2076 0.7138 700.0000
2074 2076 0.8994 700.0000
2075 2077 0.5543 700.0000
2076 2078 0.6593 700.0000
2077 2079 0.6601 700.0000
2078 2080 0.7828 700.0000
2078 2086 0.8127 700.0000
2078 2089 0.5134 700.0000
2078 2093 0.8695 700.0000
2079 2081 0.7466 700.0000
2079 2085 0.8501 700.0000
2079 2086 0.7794 700.0000
2079 2089 0.7708 700.0000
2080 2082 0.5310 700.0000
2080 2083 0.7502 700.0000
2080 2084 0.8213 700.0000
2080 2085 0.5415 700.0000
2080 2086 0.5514 700.0000
2080 2089 0.7714 700.0000
2081 2083 0.7559 700.0000
2081 2085 0.8389 700.0000
2081 2086 0.8482 700.0000
2082 2084 0.5277 700.0000
2082 2085 0.4898 700.0000
2082 2086 0.7252 700.0000
2083 2085 0.6626 700.0000
2083 2086 0.5551 700.0000
2083 2087 0.6856 700.0000
2084 2086 0.5888 700.0000
2084 2087 0.5526 700.0000
2084 2088 0.6743 700.0000
2085 2087 0.5756 700.0000
2085 2088 0.5397 700.0000
2085 2089 0.5829 700.0000
2086 2088 0.5678 700.0000
2086 2089 0.5572 700.0000
2086 2090 0.6546 700.0000
2086 2091 0.8801 700.0000
2087 2089 0.6443 700.0000
2087 2090 0.5084 700.0000
2087 2091 0.5946 700.0000
2087 2092 0.8209 700.0000
2088 2090 0.6370 700.0000
2088 2091 0.4953 700.0000
2088 2092 0.5927 700.0000
2088 2093 0.7970 700.0000
2089 2091 0.7227 700.0000
2089 2092 0.6373 700.0000
2089 2093 0.6884 700.0000
2090 2092 0.6802 700.0000
2090 2093 0.6036 700.0000
2090 2094 0.5028 700.0000
2091 2093 0.5199 700.0000
2091 2094 0.4675 700.0000
2091 2095 0.6624 700.0000
2091 2096 0.8175 700.0000
2092 2094 0.5996 700.0000
2092 2095 0.5731 700.0000
2092 2096 0.5468 700.0000
2092 2097 0.7564 700.0000
2093 2095 0.7259 700.0000
2093 2096 0.5439 700.0000
2093 2097 0.5119 700.0000
2094 2096 0.7780 700.0000
2094 2097 0.7176 700.0000
2095 2097 0.7870 700.0000
2112 2114 0.7149 700.0000
2112 2119 0.7584 700.0000
2112 2120 0.6002 700.0000
2112 2121 0.5469 700.0000
2112 2122 0.6789 700.0000
2112 2284 0.6272 700.0000
2113 2115 0.6117 700.0000
2113 2118 0.7638 700.0000
2113 2119 0.6679 700.0000
2113 2120 0.4277 700.0000
2113 2121 0.7571 700.0000
2113 2122 0.8929 700.0000
2113 2248 0.8092 700.0000
2113 2252 0.8400 700.0000
2113 2265 0.8988 700.0000
2113 2284 0.5373 700.0000
2113 2285 0.8688 700.0000
2113 2287 0.8735 700.0000
2113 2288 0.6735 700.0000
2113 2291 0.8628 700.0000
2114 2116 0.6572 700.0000
2114 2117 0.7759 700.0000
2114 2118 0.6210 700.0000
2114 2119 0.5428 700.0000
2114 2120 0.6957 700.0000
2115 2117 0.6930 700.0000
2115 2118 0.4675 700.0000
2115 2119 0.7003 700.0000
2115 2120 0.7518 700.0000
2115 2251 0.8265 700.0000
2115 2252 0.6577 700.0000
2115 2255 0.5673 700.0000
2115 2256 0.7704 700.0000
2115 2259 0.8547 700.0000
2115 2291 0.8067 700.0000
2116 2118 0.6213 700.0000
2116 2255 0.5814 700.0000
2116 2256 0.7448 700.0000
2116 2259 0.5387 700.0000
2117 2119 0.7632 700.0000
2117 2255 0.7823 700.0000
2117 2259 0.5835 700.0000
2117 2260 0.7377 700.0000
2117 2261 0.6933 700.0000
2117 2262 0.4943 700.0000
2117 2263 0.7638 700.0000
2118 2120 0.6240 700.0000
2118 2251 0.6976 700.0000
2118 2252 0.8000 700.0000
2118 2254 0.7508 700.0000
2118 2255 0.5667 700.0000
2118 2259 0.8576 700.0000
2118 2261 0.8035 700.0000
2118 2262 0.7648 700.0000
2118 2263 0.5104 700.0000
2118 2264 0.6590 700.0000
2118 2265 0.6526 700.0000
2119 2121 0.5963 700.0000
2119 2262 0.8511 700.0000
2119 2263 0.6316 700.0000
2119 2264 0.4602 700.0000
2119 2265 0.5780 700.0000
2119 2266 0.8060 700.0000
2120 2122 0.7125 700.0000
2120 2248 0.7182 700.0000
2120 2251 0.7199 700.0000
2120 2252 0.8577 700.0000
2120 2263 0.8827 700.0000
2120 2264 0.7307 700.0000
2120 2265 0.4821 700.0000
2120 2266 0.7340 700.0000
2120 2267 0.6717 700.0000
2120 2284 0.6872 700.0000
2121 2123 0.6436 700.0000
2121 2264 0.6813 700.0000
2121 2265 0.6146 700.0000
2121 2266 0.4760 700.0000
2121 2267 0.7259 700.0000
2122 2124 0.7218 700.0000
2122 2266 0.7473 700.0000
2122 2267 0.5650 700.0000
2122 2268 0.7378 700.0000
2122 2269 0.6970 700.0000
2122 2277 0.6330 700.0000
2122 2280 0.6784 700.0000
2122 2281 0.6759 700.0000
2122 2284 0.6875 700.0000
2123 2125 0.5798 700.0000
2123 2130 0.7749 700.0000
2123 2227 0.8910 700.0000
2123 2266 0.6180 700.0000
2123 2267 0.7176 700.0000
2123 2268 0.4833 700.0000
2123 2269 0.5869 700.0000
2123 2277 0.8132 700.0000
2124 2126 0.8866 700.0000
2124 2268 0.7570 700.0000
2124 2269 0.5408 700.0000
2124 2270 0.7705 700.0000
2124 2271 0.5135 700.0000
2124 2272 0.8722 700.0000
2124 2273 0.8681 700.0000
2124 2274 0.8377 700.0000
2124 2277 0.5867 700.0000
2125 2127 0.6613 700.0000
2125 2128 0.7943 700.0000
2125 2129 0.7454 700.0000
2125 2130 0.7278 700.0000
2125 2268 0.5354 700.0000
2125 2269 0.5578 700.0000
2125 2270 0.5268 700.0000
2125 2271 0.5192 700.0000
2125 2272 0.8873 700.0000
2126 2128 0.5015 700.0000
2126 2129 0.4551 700.0000
2126 2130 0.7540 700.0000
2126 2152 0.8211 700.0000
2126 2268 0.7932 700.0000
2126 2269 0.8806 700.0000
2126 2270 0.5761 700.0000
2126 2271 0.6950 700.0000
2127 2129 0.7228 700.0000
2127 2130 0.5359 700.0000
2127 2135 0.6371 700.0000
2127 2136 0.7653 700.0000
2127 2137 0.8497 700.0000
2127 2149 0.6801 700.0000
2127 2152 0.7462 700.0000
2127 2153 0.6771 700.0000
2127 2187 0.8990 700.0000
2127 2227 0.6669 700.0000
2127 2228 0.8967 700.0000
2127 2229 0.6506 700.0000
2127 2268 0.5463 700.0000
2127 2269 0.8794 700.0000
2127 2270 0.8698 700.0000
2128 2130 0.6856 700.0000
2128 2135 0.8774 700.0000
2128 2149 0.7967 700.0000
2128 2152 0.5274 700.0000
2128 2153 0.5851 700.0000
2128 2155 0.8454 700.0000
2128 2156 0.5816 700.0000
2128 2187 0.7540 700.0000
2128 2188 0.8937 700.0000
2129 2156 0.7462 700.0000
2129 2188 0.8297 700.0000
2130 2132 0.6474 700.0000
2130 2135 0.7494 700.0000
2130 2187 0.8933 700.0000
2130 2188 0.7403 700.0000
2130 2189 0.8976 700.0000
2130 2227 0.6446 700.0000
2130 2266 0.7207 700.0000
2130 2268 0.6972 700.0000
2131 2133 0.8058 700.0000
2131 2135 0.8956 700.0000
2131 2188 0.5671 700.0000
2131 2189 0.7744 700.0000
2131 2225 0.8184 700.0000
2131 2227 0.8367 700.0000
2131 2266 0.8504 700.0000
2132 2134 0.5239 700.0000
2132 2135 0.6273 700.0000
2132 2187 0.8599 700.0000
2132 2188 0.7243 700.0000
2132 2189 0.5348 700.0000
2132 2190 0.7139 700.0000
2132 2223 0.8979 700.0000
2132 2224 0.8160 700.0000
2132 2225 0.4889 700.0000
2132 2226 0.6933 700.0000
2132 2227 0.6241 700.0000
2132 2264 0.8813 700.0000
2132 2266 0.7907 700.0000
2133 2135 0.8187 700.0000
2133 2189 0.6278 700.0000
2133 2190 0.4623 700.0000
2133 2191 0.6877 700.0000
2133 2218 0.8719 700.0000
2133 2223 0.5511 700.0000
2133 2224 0.5667 700.0000
2133 2225 0.4149 700.0000
2133 2226 0.7231 700.0000
2133 2227 0.8668 700.0000
2134 2136 0.6546 700.0000
2134 2189 0.6034 700.0000
2134 2190 0.6910 700.0000
2134 2191 0.6277 700.0000
2134 2192 0.6516 700.0000
2134 2193 0.5547 700.0000
2134 2214 0.8689 700.0000
2134 2218 0.7474 700.0000
2134 2221 0.8897 700.0000
2134 2223 0.6652 700.0000
2134 2224 0.8604 700.0000
2134 2225 0.5593 700.0000
2134 2226 0.4691 700.0000
2134 2227 0.5656 700.0000
2134 2228 0.8080 700.0000
2135 2137 0.7078 700.0000
2135 2153 0.7640 700.0000
2135 2184 0.7854 700.0000
2135 2187 0.7091 700.0000
2135 2189 0.5655 700.0000
2135 2191 0.8602 700.0000
2135 2192 0.5178 700.0000
2135 2193 0.6936 700.0000
2135 2194 0.8694 700.0000
2135 2225 0.8801 700.0000
2135 2226 0.7008 700.0000
2135 2227 0.4927 700.0000
2135 2228 0.7654 700.0000
2135 2229 0.8349 700.0000
2136 2138 0.7214 700.0000
2136 2149 0.8737 700.0000
2136 2153 0.8910 700.0000
2136 2192 0.6676 700.0000
2136 2193 0.5853 700.0000
2136 2194 0.7018 700.0000
2136 2195 0.6916 700.0000
2136 2211 0.8907 700.0000
2136 2214 0.7481 700.0000
2136 2226 0.7055 700.0000
2136 2227 0.5666 700.0000
2136 2228 0.4932 700.0000
2136 2229 0.5585 700.0000
2136 2231 0.7704 700.0000
2137 2139 0.5401 700.0000
2137 2144 0.8243 700.0000
2137 2149 0.6021 700.0000
2137 2150 0.5751 700.0000
2137 2153 0.6162 700.0000
2137 2161 0.8953 700.0000
2137 2192 0.6639 700.0000
2137 2193 0.8268 700.0000
2137 2194 0.4654 700.0000
2137 2195 0.5860 700.0000
2137 2196 0.8913 700.0000
2137 2229 0.7581 700.0000
2137 2231 0.8774 700.0000
2138 2140 0.7907 700.0000
2138 2144 0.8635 700.0000
2138 2146 0.8349 700.0000
2138 2147 0.7266 700.0000
2138 2148 0.8003 700.0000
2138 2149 0.5647 700.0000
2138 2150 0.6081 700.0000
2138 2153 0.8885 700.0000
2138 2194 0.7293 700.0000
2138 2195 0.5163 700.0000
2138 2196 0.7856 700.0000
2138 2197 0.6386 700.0000
2138 2229 0.7407 700.0000
2138 2230 0.8603 700.0000
2138 2231 0.6652 700.0000
2138 2232 0.8186 700.0000
2138 2235 0.8997 700.0000
2138 2236 0.8696 700.0000
2139 2141 0.6072 700.0000
2139 2143 0.7648 700.0000
2139 2144 0.5889 700.0000
2139 2145 0.8754 700.0000
2139 2146 0.7265 700.0000
2139 2147 0.8120 700.0000
2139 2149 0.8423 700.0000
2139 2150 0.6744 700.0000
2139 2165 0.8223 700.0000
2139 2180 0.8902 700.0000
2139 2194 0.6005 700.0000
2139 2195 0.5240 700.0000
2139 2196 0.5499 700.0000
2139 2197 0.6454 700.0000
2140 2142 0.5072 700.0000
2140 2143 0.5194 700.0000
2140 2144 0.6795 700.0000
2140 2145 0.8336 700.0000
2140 2146 0.6000 700.0000
2140 2147 0.8861 700.0000
2140 2196 0.7059 700.0000
2140 2197 0.7171 700.0000
2140 2198 0.8089 700.0000
2141 2143 0.7055 700.0000
2141 2144 0.7919 700.0000
2141 2165 0.8552 700.0000
2141 2169 0.7550 700.0000
2141 2173 0.8328 700.0000
2141 2195 0.8894 700.0000
2141 2196 0.5401 700.0000
2141 2197 0.8105 700.0000
2141 2198 0.6274 700.0000
2142 2144 0.8868 700.0000
2142 2169 0.8807 700.0000
2142 2198 0.8764 700.0000
2143 2145 0.4489 700.0000
2143 2146 0.4862 700.0000
2143 2147 0.8491 700.0000
2143 2150 0.8914 700.0000
2143 2162 0.8534 700.0000
2144 2146 0.6383 700.0000
2144 2147 0.8237 700.0000
2144 2150 0.6165 700.0000
2144 2151 0.8767 700.0000
2144 2154 0.6833 700.0000
2144 2161 0.7646 700.0000
2144 2162 0.5708 700.0000
2144 2165 0.6508 700.0000
2144 2166 0.8400 700.0000
2144 2194 0.8162 700.0000
2145 2147 0.6164 700.0000
2145 2150 0.6263 700.0000
2145 2151 0.5916 700.0000
2145 2154 0.7093 700.0000
2145 2162 0.8068 700.0000
2146 2148 0.7418 700.0000
2146 2149 0.8845 700.0000
2146 2150 0.6525 700.0000
2146 2151 0.7417 700.0000
2146 2235 0.7895 700.0000
2147 2149 0.5581 700.0000
2147 2150 0.4711 700.0000
2147 2151 0.5414 700.0000
2147 2152 0.7859 700.0000
2147 2235 0.6888 700.0000
2148 2150 0.5622 700.0000
2148 2151 0.5846 700.0000
2148 2152 0.6488 700.0000
2148 2153 0.8934 700.0000
2148 2234 0.8385 700.0000
2148 2235 0.7601 700.0000
2149 2151 0.7106 700.0000
2149 2152 0.5386 700.0000
2149 2153 0.5929 700.0000
2149 2229 0.7174 700.0000
2149 2230 0.8444 700.0000
2150 2152 0.5358 700.0000
2150 2153 0.4958 700.0000
2150 2154 0.5942 700.0000
2150 2155 0.8378 700.0000
2151 2153 0.7557 700.0000
2151 2154 0.6234 700.0000
2151 2155 0.5620 700.0000
2152 2154 0.6416 700.0000
2152 2155 0.5165 700.0000
2152 2156 0.6776 700.0000
2152 2157 0.8875 700.0000
2153 2155 0.7109 700.0000
2153 2156 0.6570 700.0000
2153 2157 0.6333 700.0000
2153 2158 0.7921 700.0000
2153 2161 0.7279 700.0000
2153 2184 0.8978 700.0000
2153 2187 0.7172 700.0000
2153 2192 0.7970 700.0000
2154 2156 0.7539 700.0000
2154 2157 0.5711 700.0000
2154 2158 0.4807 700.0000
2154 2159 0.6528 700.0000
2154 2161 0.5756 700.0000
2154 2162 0.6901 700.0000
2155 2157 0.7408 700.0000
2155 2158 0.7090 700.0000
2156 2158 0.6987 700.0000
2156 2186 0.5984 700.0000
2156 2187 0.6096 700.0000
2156 2188 0.8640 700.0000
2157 2159 0.7092 700.0000
2157 2160 0.7077 700.0000
2157 2161 0.5553 700.0000
2157 2184 0.6192 700.0000
2157 2185 0.5452 700.0000
2157 2186 0.4363 700.0000
2157 2187 0.5393 700.0000
2158 2160 0.5475 700.0000
2158 2161 0.5260 700.0000
2158 2162 0.7606 700.0000
2158 2163 0.8899 700.0000
2158 2184 0.8538 700.0000
2158 2185 0.6645 700.0000
2158 2186 0.6468 700.0000
2158 2187 0.8547 700.0000
2159 2161 0.6537 700.0000
2159 2162 0.5559 700.0000
2159 2163 0.6665 700.0000
2159 2185 0.8877 700.0000
2160 2162 0.8238 700.0000
2160 2163 0.6116 700.0000
2160 2164 0.7384 700.0000
2160 2183 0.8841 700.0000
2160 2184 0.8967 700.0000
2160 2185 0.5522 700.0000
2160 2186 0.8212 700.0000
2161 2163 0.6695 700.0000
2161 2164 0.6344 700.0000
2161 2165 0.6680 700.0000
2161 2182 0.6381 700.0000
2161 2183 0.8136 700.0000
2161 2184 0.6979 700.0000
2161 2185 0.6045 700.0000
2161 2187 0.8848 700.0000
2161 2192 0.7020 700.0000
2161 2194 0.7719 700.0000
2162 2164 0.8395 700.0000
2162 2165 0.6396 700.0000
2162 2166 0.5915 700.0000
2163 2165 0.7023 700.0000
2163 2166 0.5463 700.0000
2163 2167 0.6405 700.0000
2163 2168 0.8568 700.0000
2164 2166 0.7479 700.0000
2164 2167 0.6024 700.0000
2164 2168 0.5895 700.0000
2164 2181 0.8167 700.0000
2164 2182 0.5418 700.0000
2164 2183 0.5953 700.0000
2164 2185 0.7474 700.0000
2165 2167 0.6660 700.0000
2165 2168 0.5906 700.0000
2165 2169 0.5604 700.0000
2165 2170 0.8894 700.0000
2165 2180 0.6191 700.0000
2165 2181 0.8492 700.0000
2165 2182 0.7149 700.0000
2165 2194 0.6094 700.0000
2166 2168 0.6670 700.0000
2166 2169 0.5567 700.0000
2166 2170 0.6901 700.0000
2167 2169 0.6383 700.0000
2167 2170 0.5044 700.0000
2167 2171 0.5604 700.0000
2167 2172 0.8295 700.0000
2168 2170 0.5865 700.0000
2168 2171 0.5490 700.0000
2168 2172 0.5370 700.0000
2168 2173 0.8497 700.0000
2168 2180 0.6461 700.0000
2168 2181 0.7363 700.0000
2168 2182 0.7716 700.0000
2169 2171 0.8080 700.0000
2169 2172 0.7506 700.0000
2169 2173 0.4652 700.0000
2169 2177 0.8737 700.0000
2169 2180 0.7226 700.0000
2169 2196 0.8870 700.0000
2170 2172 0.6900 700.0000
2170 2173 0.6732 700.0000
2172 2174 0.7008 700.0000
2172 2177 0.7010 700.0000
2172 2180 0.7362 700.0000
2172 2181 0.8607 700.0000
2173 2175 0.7042 700.0000
2173 2176 0.7769 700.0000
2173 2177 0.5789 700.0000
2173 2180 0.8126 700.0000
2173 2196 0.8356 700.0000
2174 2176 0.5119 700.0000
2174 2177 0.5189 700.0000
2175 2198 0.7824 700.0000
2175 2200 0.7170 700.0000
2176 2178 0.6412 700.0000
2176 2198 0.8477 700.0000
2177 2179 0.5493 700.0000
2177 2180 0.6369 700.0000
2177 2196 0.7254 700.0000
2177 2213 0.7612 700.0000
2178 2180 0.8020 700.0000
2178 2195 0.6227 700.0000
2178 2196 0.4862 700.0000
2178 2197 0.7911 700.0000
2178 2198 0.6547 700.0000
2178 2201 0.8873 700.0000
2178 2206 0.6336 700.0000
2178 2209 0.7235 700.0000
2178 2210 0.5447 700.0000
2178 2213 0.6098 700.0000
2178 2214 0.8865 700.0000
2179 2181 0.6772 700.0000
2179 2193 0.6367 700.0000
2179 2194 0.6707 700.0000
2179 2195 0.5791 700.0000
2179 2196 0.6189 700.0000
2179 2210 0.6435 700.0000
2179 2213 0.4949 700.0000
2179 2214 0.6238 700.0000
2179 2217 0.6899 700.0000
2180 2182 0.6728 700.0000
2180 2192 0.8288 700.0000
2180 2193 0.7333 700.0000
2180 2194 0.4825 700.0000
2180 2195 0.7482 700.0000
2180 2196 0.6718 700.0000
2181 2183 0.7786 700.0000
2181 2191 0.6718 700.0000
2181 2192 0.6239 700.0000
2181 2193 0.5399 700.0000
2181 2194 0.6379 700.0000
2181 2217 0.7627 700.0000
2181 2221 0.8611 700.0000
2182 2184 0.6497 700.0000
2182 2185 0.7382 700.0000
2182 2191 0.6458 700.0000
2182 2192 0.4162 700.0000
2182 2193 0.7186 700.0000
2182 2194 0.6010 700.0000
2183 2185 0.5040 700.0000
2183 2189 0.8418 700.0000
2183 2190 0.8088 700.0000
2183 2191 0.6056 700.0000
2183 2192 0.7262 700.0000
2184 2186 0.6301 700.0000
2184 2187 0.4465 700.0000
2184 2188 0.8426 700.0000
2184 2189 0.4551 700.0000
2184 2190 0.7365 700.0000
2184 2191 0.7004 700.0000
2184 2192 0.5638 700.0000
2185 2187 0.6677 700.0000
2185 2189 0.8040 700.0000
2185 2192 0.8130 700.0000
2186 2188 0.7700 700.0000
2186 2189 0.8649 700.0000
2187 2189 0.4604 700.0000
2187 2192 0.7732 700.0000
2189 2191 0.6495 700.0000
2189 2192 0.6552 700.0000
2190 2192 0.8928 700.0000
2190 2221 0.8764 700.0000
2190 2223 0.8113 700.0000
2190 2225 0.8736 700.0000
2191 2193 0.6855 700.0000
2191 2221 0.6492 700.0000
2191 2223 0.8049 700.0000
2192 2194 0.5309 700.0000
2193 2195 0.8173 700.0000
2193 2213 0.8376 700.0000
2193 2214 0.5377 700.0000
2193 2217 0.6232 700.0000
2193 2218 0.7426 700.0000
2193 2221 0.8122 700.0000
2193 2223 0.8976 700.0000
2193 2226 0.7839 700.0000
2193 2228 0.8841 700.0000
2194 2196 0.7086 700.0000
2195 2197 0.5729 700.0000
2195 2198 0.8999 700.0000
2195 2206 0.8235 700.0000
2195 2207 0.8555 700.0000
2195 2210 0.6438 700.0000
2195 2213 0.8941 700.0000
2195 2214 0.8102 700.0000
2195 2231 0.7617 700.0000
2196 2198 0.5466 700.0000
2196 2206 0.8139 700.0000
2196 2210 0.8465 700.0000
2197 2199 0.8554 700.0000
2197 2203 0.6483 700.0000
2197 2206 0.5720 700.0000
2197 2207 0.7448 700.0000
2197 2210 0.8773 700.0000
2197 2231 0.7859 700.0000
2197 2232 0.7207 700.0000
2197 2236 0.5594 700.0000
2198 2200 0.5827 700.0000
2198 2201 0.5981 700.0000
2198 2206 0.7021 700.0000
2199 2201 0.6372 700.0000
2199 2202 0.8241 700.0000
2199 2203 0.8179 700.0000
2200 2202 0.8488 700.0000
2201 2203 0.8446 700.0000
2201 2205 0.6688 700.0000
2201 2206 0.6226 700.0000
2202 2204 0.5285 700.0000
2202 2205 0.4542 700.0000
2202 2206 0.6043 700.0000
2203 2205 0.8160 700.0000
2203 2206 0.6242 700.0000
2203 2207 0.7796 700.0000
2203 2232 0.7357 700.0000
2203 2236 0.5238 700.0000
2203 2237 0.7869 700.0000
2203 2238 0.6238 700.0000
2204 2206 0.5916 700.0000
2204 2207 0.5657 700.0000
2204 2208 0.7204 700.0000
2204 2232 0.8767 700.0000
2204 2238 0.6953 700.0000
2204 2242 0.7902 700.0000
2204 2243 0.8218 700.0000
2204 2246 0.7244 700.0000
2205 2207 0.7650 700.0000
2205 2208 0.6200 700.0000
2205 2209 0.5952 700.0000
2206 2208 0.7555 700.0000
2206 2209 0.6195 700.0000
2206 2210 0.6381 700.0000
2207 2209 0.7363 700.0000
2207 2210 0.5770 700.0000
2207 2211 0.6307 700.0000
2207 2231 0.6097 700.0000
2207 2232 0.7098 700.0000
2207 2238 0.8203 700.0000
2207 2243 0.6985 700.0000
2207 2246 0.5958 700.0000
2207 2247 0.6551 700.0000
2207 2250 0.8749 700.0000
2208 2210 0.7032 700.0000
2208 2211 0.7120 700.0000
2208 2212 0.6733 700.0000
2208 2246 0.5753 700.0000
2208 2247 0.8061 700.0000
2208 2249 0.8078 700.0000
2208 2250 0.5351 700.0000
2209 2211 0.8265 700.0000
2209 2212 0.5875 700.0000
2209 2213 0.7242 700.0000
2209 2250 0.8444 700.0000
2210 2212 0.6434 700.0000
2210 2213 0.4957 700.0000
2210 2214 0.5427 700.0000
2210 2215 0.8254 700.0000
2210 2231 0.8756 700.0000
2210 2250 0.8756 700.0000
2211 2213 0.7724 700.0000
2211 2214 0.5278 700.0000
2211 2215 0.5724 700.0000
2211 2228 0.6544 700.0000
2211 2231 0.7833 700.0000
2211 2246 0.8177 700.0000
2211 2247 0.5768 700.0000
2211 2250 0.5935 700.0000
2211 2251 0.7144 700.0000
2212 2214 0.7255 700.0000
2212 2215 0.6125 700.0000
2212 2216 0.5098 700.0000
2212 2250 0.5818 700.0000
2212 2253 0.8538 700.0000
2212 2254 0.7443 700.0000
2213 2215 0.7497 700.0000
2213 2216 0.5805 700.0000
2213 2217 0.5494 700.0000
2214 2216 0.6867 700.0000
2214 2217 0.5434 700.0000
2214 2218 0.6485 700.0000
2214 2226 0.7829 700.0000
2214 2228 0.7638 700.0000
2215 2217 0.7264 700.0000
2215 2218 0.5335 700.0000
2215 2219 0.7333 700.0000
2215 2226 0.7650 700.0000
2215 2228 0.8721 700.0000
2215 2250 0.7823 700.0000
2215 2251 0.7156 700.0000
2215 2254 0.5282 700.0000
2215 2258 0.8625 700.0000
2215 2263 0.7751 700.0000
2215 2265 0.8627 700.0000
2216 2218 0.7191 700.0000
2216 2219 0.6333 700.0000
2216 2220 0.6803 700.0000
2216 2254 0.7300 700.0000
2216 2258 0.8468 700.0000
2217 2219 0.7367 700.0000
2217 2220 0.5209 700.0000
2217 2221 0.5984 700.0000
2217 2223 0.8719 700.0000
2218 2220 0.6844 700.0000
2218 2221 0.5725 700.0000
2218 2222 0.7113 700.0000
2218 2223 0.4073 700.0000
2218 2224 0.7876 700.0000
2218 2225 0.7893 700.0000
2218 2226 0.6884 700.0000
2218 2254 0.8898 700.0000
2218 2261 0.7884 700.0000
2218 2263 0.7071 700.0000
2219 2221 0.7187 700.0000
2219 2222 0.6107 700.0000
2219 2223 0.6945 700.0000
2219 2254 0.8255 700.0000
2219 2258 0.7368 700.0000
2219 2261 0.5840 700.0000
2219 2263 0.8713 700.0000
2220 2222 0.7571 700.0000
2220 2223 0.8871 700.0000
2221 2223 0.5549 700.0000
2222 2224 0.7517 700.0000
2222 2261 0.7637 700.0000
2223 2225 0.5606 700.0000
2223 2226 0.7159 700.0000
2223 2261 0.8088 700.0000
2223 2263 0.7001 700.0000
2223 2264 0.8829 700.0000
2224 2226 0.7806 700.0000
2224 2261 0.7970 700.0000
2224 2262 0.6619 700.0000
2224 2263 0.5670 700.0000
2224 2264 0.5989 700.0000
2225 2227 0.6851 700.0000
2225 2263 0.6312 700.0000
2225 2264 0.4916 700.0000
2225 2265 0.7343 700.0000
2225 2266 0.7172 700.0000
2226 2228 0.5281 700.0000
2226 2263 0.6736 700.0000
2226 2264 0.6180 700.0000
2226 2265 0.5183 700.0000
2226 2266 0.6089 700.0000
2226 2267 0.8626 700.0000
2227 2229 0.6704 700.0000
2227 2264 0.8340 700.0000
2227 2265 0.6872 700.0000
2227 2266 0.4777 700.0000
2227 2267 0.7355 700.0000
2227 2268 0.6399 700.0000
2228 2230 0.7845 700.0000
2228 2231 0.6826 700.0000
2228 2247 0.7755 700.0000
2228 2265 0.6514 700.0000
2228 2266 0.7044 700.0000
2228 2267 0.5396 700.0000
2228 2268 0.7222 700.0000
2229 2231 0.4765 700.0000
2229 2232 0.8660 700.0000
2229 2233 0.8800 700.0000
2229 2267 0.6611 700.0000
2229 2268 0.5250 700.0000
2229 2269 0.7518 700.0000
2230 2232 0.5873 700.0000
2230 2233 0.4952 700.0000
2230 2234 0.7608 700.0000
2230 2240 0.8493 700.0000
2230 2243 0.7752 700.0000
2230 2244 0.8736 700.0000
2230 2247 0.8498 700.0000
2230 2267 0.7347 700.0000
2230 2268 0.6958 700.0000
2230 2269 0.6540 700.0000
2230 2273 0.8865 700.0000
2230 2276 0.6992 700.0000
2230 2280 0.7652 700.0000
2231 2233 0.6543 700.0000
2231 2234 0.8481 700.0000
2231 2236 0.8849 700.0000
2231 2238 0.8526 700.0000
2231 2243 0.7354 700.0000
2231 2247 0.7104 700.0000
2231 2267 0.8555 700.0000
2232 2234 0.4741 700.0000
2232 2235 0.7329 700.0000
2232 2236 0.5070 700.0000
2232 2237 0.7726 700.0000
2232 2238 0.4374 700.0000
2232 2240 0.8214 700.0000
2232 2243 0.6729 700.0000
2233 2235 0.7768 700.0000
2233 2236 0.7541 700.0000
2233 2237 0.7963 700.0000
2233 2238 0.5459 700.0000
2233 2239 0.8498 700.0000
2233 2240 0.5400 700.0000
2233 2243 0.6983 700.0000
2233 2273 0.8772 700.0000
2233 2276 0.6651 700.0000
2234 2236 0.5524 700.0000
2234 2237 0.5991 700.0000
2234 2238 0.6615 700.0000
2234 2240 0.8275 700.0000
2235 2237 0.6638 700.0000
2236 2238 0.6253 700.0000
2237 2239 0.8123 700.0000
2238 2240 0.7103 700.0000
2238 2241 0.8613 700.0000
2238 2242 0.6327 700.0000
2238 2243 0.6045 700.0000
2239 2241 0.5247 700.0000
2239 2242 0.5185 700.0000
2239 2243 0.7580 700.0000
2240 2242 0.7470 700.0000
2240 2243 0.6894 700.0000
2240 2244 0.7898 700.0000
2240 2273 0.8818 700.0000
2240 2275 0.6356 700.0000
2240 2276 0.4925 700.0000
2240 2279 0.6408 700.0000
2240 2280 0.7747 700.0000
2241 2243 0.6534 700.0000
2241 2244 0.6540 700.0000
2241 2245 0.7531 700.0000
2241 2276 0.8307 700.0000
2241 2279 0.5690 700.0000
2241 2280 0.8092 700.0000
2241 2282 0.8695 700.0000
2241 2283 0.8154 700.0000
2242 2244 0.5763 700.0000
2242 2245 0.5301 700.0000
2242 2246 0.6087 700.0000
2242 2247 0.8845 700.0000
2243 2245 0.6254 700.0000
2243 2246 0.4909 700.0000
2243 2247 0.5521 700.0000
2243 2248 0.8268 700.0000
2243 2279 0.8610 700.0000
2243 2280 0.7177 700.0000
2244 2246 0.5556 700.0000
2244 2247 0.4913 700.0000
2244 2248 0.5315 700.0000
2244 2249 0.8150 700.0000
2244 2267 0.8447 700.0000
2244 2276 0.8960 700.0000
2244 2279 0.6713 700.0000
2244 2280 0.4925 700.0000
2244 2282 0.8928 700.0000
2244 2283 0.5952 700.0000
2245 2247 0.7578 700.0000
2245 2248 0.6944 700.0000
2245 2249 0.5959 700.0000
2245 2283 0.5921 700.0000
2245 2286 0.8419 700.0000
2245 2287 0.7487 700.0000
2246 2248 0.7490 700.0000
2246 2249 0.5770 700.0000
2246 2250 0.6713 700.0000
2247 2249 0.7023 700.0000
2247 2250 0.6706 700.0000
2247 2251 0.6839 700.0000
2247 2267 0.6944 700.0000
2247 2280 0.7734 700.0000
2248 2250 0.8500 700.0000
2248 2251 0.6173 700.0000
2248 2252 0.6632 700.0000
2248 2267 0.7237 700.0000
2248 2280 0.6737 700.0000
2248 2283 0.5849 700.0000
2248 2284 0.6408 700.0000
2248 2287 0.6037 700.0000
2249 2251 0.6793 700.0000
2249 2252 0.5633 700.0000
2249 2253 0.6329 700.0000
2249 2283 0.8891 700.0000
2249 2287 0.6749 700.0000
2250 2252 0.7046 700.0000
2250 2253 0.5135 700.0000
2250 2254 0.7166 700.0000
2251 2253 0.6071 700.0000
2251 2254 0.5777 700.0000
2251 2255 0.6402 700.0000
2251 2256 0.8983 700.0000
2251 2263 0.8964 700.0000
2251 2265 0.7141 700.0000
2252 2254 0.7676 700.0000
2252 2255 0.5689 700.0000
2252 2256 0.6131 700.0000
2252 2287 0.6876 700.0000
2252 2291 0.8571 700.0000
2253 2255 0.5820 700.0000
2253 2256 0.5174 700.0000
2253 2257 0.5862 700.0000
2253 2258 0.8425 700.0000
2254 2256 0.7807 700.0000
2254 2257 0.5906 700.0000
2254 2258 0.4519 700.0000
2254 2259 0.8770 700.0000
2254 2261 0.7834 700.0000
2254 2263 0.7931 700.0000
2255 2257 0.5769 700.0000
2255 2258 0.5716 700.0000
2255 2259 0.6105 700.0000
2255 2261 0.8718 700.0000
2255 2263 0.8808 700.0000
2256 2258 0.8062 700.0000
2256 2259 0.7706 700.0000
2257 2259 0.7405 700.0000
2258 2260 0.7776 700.0000
2258 2261 0.6251 700.0000
2259 2261 0.7471 700.0000
2259 2262 0.8991 700.0000
2260 2262 0.8149 700.0000
2261 2263 0.5743 700.0000
2262 2264 0.7955 700.0000
2263 2265 0.5827 700.0000
2264 2266 0.5831 700.0000
2265 2267 0.6127 700.0000
2266 2268 0.6615 700.0000
2267 2269 0.7376 700.0000
2267 2280 0.6356 700.0000
2268 2270 0.8030 700.0000
2269 2271 0.6461 700.0000
2269 2272 0.8482 700.0000
2269 2273 0.6210 700.0000
2269 2274 0.8690 700.0000
2269 2276 0.6089 700.0000
2269 2277 0.6278 700.0000
2269 2280 0.7366 700.0000
2270 2272 0.4827 700.0000
2270 2273 0.5244 700.0000
2271 2273 0.6000 700.0000
2271 2274 0.7392 700.0000
2271 2277 0.8725 700.0000
2272 2274 0.6212 700.0000
2273 2275 0.6490 700.0000
2273 2276 0.5029 700.0000
2273 2277 0.8253 700.0000
2274 2276 0.6807 700.0000
2274 2277 0.6177 700.0000
2274 2278 0.5797 700.0000
2275 2277 0.8816 700.0000
2275 2278 0.5902 700.0000
2275 2279 0.7598 700.0000
2276 2278 0.7065 700.0000
2276 2279 0.5786 700.0000
2276 2280 0.5920 700.0000
2276 2281 0.8964 700.0000
2277 2279 0.6875 700.0000
2277 2280 0.6754 700.0000
2277 2281 0.5244 700.0000
2277 2282 0.8947 700.0000
2278 2280 0.8516 700.0000
2278 2281 0.6290 700.0000
2278 2282 0.7251 700.0000
2279 2281 0.5234 700.0000
2279 2282 0.4992 700.0000
2279 2283 0.6501 700.0000
2279 2284 0.8965 700.0000
2280 2282 0.7391 700.0000
2280 2283 0.6862 700.0000
2280 2284 0.7449 700.0000
2281 2283 0.6981 700.0000
2281 2284 0.5342 700.0000
2281 2285 0.6493 700.0000
2282 2284 0.6762 700.0000
2282 2285 0.5202 700.0000
2282 2286 0.6090 700.0000
2282 2287 0.8944 700.0000
2283 2285 0.6158 700.0000
2283 2286 0.4423 700.0000
2283 2287 0.5224 700.0000
2284 2286 0.7975 700.0000
2284 2287 0.7189 700.0000
2284 2288 0.6543 700.0000
2285 2287 0.7038 700.0000
2285 2288 0.4959 700.0000
2285 2289 0.5401 700.0000
2285 2290 0.8360 700.0000
2286 2288 0.7244 700.0000
2286 2289 0.6344 700.0000
2286 2290 0.5640 700.0000
2287 2289 0.8453 700.0000
2287 2290 0.5294 700.0000
2287 2291 0.7055 700.0000
2288 2290 0.6578 700.0000
2288 2291 0.5196 700.0000
2288 2292 0.5893 700.0000
2288 2293 0.8593 700.0000
2289 2291 0.7781 700.0000
2289 2292 0.6045 700.0000
2289 2293 0.6906 700.0000
2290 2292 0.6994 700.0000
2290 2293 0.6159 700.0000
2290 2294 0.6572 700.0000
2291 2293 0.6805 700.0000
2291 2294 0.5795 700.0000
2292 2294 0.6386 700.0000
2317 2319 0.5997 700.0000
2318 2320 0.6154 700.0000
2318 2332 0.8881 700.0000
2318 2335 0.7534 700.0000
2319 2321 0.6351 700.0000
2320 2322 0.6774 700.0000
2320 2328 0.5319 700.0000
2320 2331 0.7204 700.0000
2320 2332 0.8003 700.0000
2321 2323 0.8081 700.0000
2321 2328 0.7854 700.0000
2322 2324 0.5991 700.0000
2322 2325 0.7566 700.0000
2322 2327 0.6535 700.0000
2322 2328 0.5341 700.0000
2323 2327 0.7350 700.0000
2323 2328 0.8794 700.0000
2324 2326 0.5102 700.0000
2324 2327 0.4469 700.0000
2324 2328 0.7063 700.0000
2325 2327 0.6484 700.0000
2325 2328 0.5521 700.0000
2325 2329 0.7052 700.0000
2326 2328 0.7625 700.0000
2326 2329 0.7383 700.0000
2326 2330 0.7457 700.0000
2327 2330 0.7129 700.0000
2327 2331 0.7447 700.0000
2328 2330 0.7975 700.0000
2328 2331 0.5953 700.0000
2328 2332 0.7305 700.0000
2329 2331 0.7158 700.0000
2329 2332 0.5972 700.0000
2329 2333 0.6458 700.0000
2330 2332 0.7694 700.0000
2330 2333 0.5570 700.0000
2330 2334 0.8036 700.0000
2331 2333 0.5099 700.0000
2331 2334 0.5710 700.0000
2331 2335 0.5664 700.0000
2331 2336 0.8711 700.0000
2332 2334 0.8420 700.0000
2332 2335 0.5437 700.0000
2332 2336 0.5477 700.0000
2333 2335 0.5573 700.0000
2333 2336 0.5383 700.0000
2333 2337 0.5862 700.0000
2333 2338 0.8531 700.0000
2334 2336 0.8242 700.0000
2334 2337 0.6379 700.0000
2334 2338 0.5500 700.0000
2334 2339 0.8901 700.0000
2335 2337 0.7920 700.0000
2335 2338 0.5587 700.0000
2335 2339 0.5985 700.0000
2336 2338 0.7112 700.0000
2336 2339 0.5414 700.0000
2336 2340 0.6494 700.0000
2337 2339 0.8733 700.0000
2337 2340 0.6744 700.0000
2338 2340 0.6097 700.0000
2344 2346 0.6169 700.0000
2344 2386 0.6289 700.0000
2344 2387 0.6112 700.0000
2344 2388 0.5600 700.0000
2344 2389 0.7385 700.0000
2344 2394 0.8045 700.0000
2345 2347 0.5773 700.0000
2345 2385 0.7971 700.0000
2345 2386 0.7411 700.0000
2345 2387 0.5207 700.0000
2345 2388 0.8786 700.0000
2345 2394 0.6716 700.0000
2345 2395 0.8837 700.0000
2345 2398 0.6655 700.0000
2346 2348 0.6866 700.0000
2346 2384 0.5905 700.0000
2346 2385 0.6526 700.0000
2346 2386 0.5671 700.0000
2346 2387 0.6662 700.0000
2347 2349 0.6545 700.0000
2347 2352 0.8142 700.0000
2347 2383 0.8392 700.0000
2347 2384 0.6462 700.0000
2347 2385 0.4510 700.0000
2347 2386 0.8146 700.0000
2347 2387 0.7236 700.0000
2347 2398 0.7186 700.0000
2347 2401 0.7134 700.0000
2347 2402 0.6910 700.0000
2347 2405 0.8486 700.0000
2348 2350 0.7112 700.0000
2348 2381 0.8983 700.0000
2348 2382 0.5321 700.0000
2348 2383 0.6325 700.0000
2348 2384 0.5356 700.0000
2348 2385 0.8381 700.0000
2349 2351 0.4844 700.0000
2349 2352 0.5323 700.0000
2349 2353 0.8272 700.0000
2349 2383 0.6086 700.0000
2349 2384 0.8186 700.0000
2349 2385 0.8242 700.0000
2349 2402 0.8240 700.0000
2349 2405 0.6252 700.0000
2349 2409 0.8530 700.0000
2350 2352 0.6172 700.0000
2350 2353 0.6139 700.0000
2350 2354 0.8013 700.0000
2350 2379 0.8986 700.0000
2350 2381 0.6325 700.0000
2350 2382 0.7759 700.0000
2350 2383 0.4741 700.0000
2350 2384 0.8768 700.0000
2351 2353 0.6777 700.0000
2351 2354 0.5231 700.0000
2351 2355 0.8059 700.0000
2351 2383 0.8648 700.0000
2351 2405 0.6121 700.0000
2351 2406 0.8445 700.0000
2351 2408 0.6192 700.0000
2351 2409 0.5512 700.0000
2351 2412 0.7561 700.0000
2352 2354 0.7186 700.0000
2352 2355 0.5110 700.0000
2352 2356 0.8956 700.0000
2352 2360 0.8742 700.0000
2352 2376 0.6821 700.0000
2352 2378 0.8538 700.0000
2352 2383 0.5468 700.0000
2352 2384 0.8432 700.0000
2352 2385 0.6732 700.0000
2352 2401 0.8914 700.0000
2352 2404 0.8996 700.0000
2352 2405 0.6626 700.0000
2352 2408 0.8804 700.0000
2353 2355 0.6389 700.0000
2353 2356 0.8931 700.0000
2353 2376 0.8670 700.0000
2353 2378 0.7736 700.0000
2353 2383 0.6504 700.0000
2354 2356 0.8647 700.0000
2354 2408 0.6497 700.0000
2354 2409 0.8770 700.0000
2354 2411 0.8504 700.0000
2354 2412 0.5750 700.0000
2355 2358 0.8751 700.0000
2355 2359 0.4902 700.0000
2355 2360 0.5754 700.0000
2355 2363 0.8612 700.0000
2355 2376 0.8923 700.0000
2355 2404 0.7024 700.0000
2355 2405 0.7399 700.0000
2355 2408 0.7025 700.0000
2356 2358 0.6072 700.0000
2356 2359 0.3879 700.0000
2356 2360 0.5039 700.0000
2356 2361 0.7878 700.0000
2357 2359 0.7917 700.0000
2357 2360 0.6475 700.0000
2357 2361 0.5667 700.0000
2358 2360 0.7962 700.0000
2358 2361 0.6032 700.0000
2358 2362 0.6415 700.0000
2359 2361 0.6770 700.0000
2359 2362 0.5834 700.0000
2359 2363 0.7296 700.0000
2359 2404 0.6060 700.0000
2359 2408 0.8482 700.0000
2360 2362 0.7094 700.0000
2360 2363 0.5355 700.0000
2360 2364 0.7032 700.0000
2360 2376 0.7741 700.0000
2361 2363 0.6812 700.0000
2361 2364 0.5535 700.0000
2361 2365 0.6852 700.0000
2362 2364 0.6176 700.0000
2362 2365 0.5302 700.0000
2362 2366 0.6163 700.0000
2362 2400 0.8702 700.0000
2362 2401 0.8978 700.0000
2362 2404 0.7405 700.0000
2363 2365 0.7258 700.0000
2363 2366 0.5419 700.0000
2363 2367 0.6623 700.0000
2363 2374 0.6184 700.0000
2363 2385 0.8794 700.0000
2363 2397 0.8269 700.0000
2363 2400 0.8957 700.0000
2363 2401 0.7076 700.0000
2363 2404 0.7976 700.0000
2364 2366 0.6184 700.0000
2364 2367 0.4966 700.0000
2364 2368 0.6056 700.0000
2364 2374 0.7513 700.0000
2365 2367 0.7673 700.0000
2365 2368 0.5583 700.0000
2365 2369 0.6292 700.0000
2366 2368 0.7092 700.0000
2366 2369 0.5359 700.0000
2366 2370 0.5753 700.0000
2366 2371 0.8763 700.0000
2366 2372 0.7130 700.0000
2366 2374 0.7913 700.0000
2366 2396 0.7967 700.0000
2366 2397 0.5792 700.0000
2366 2400 0.7185 700.0000
2366 2401 0.8348 700.0000
2367 2369 0.7397 700.0000
2367 2370 0.6916 700.0000
2367 2371 0.6963 700.0000
2367 2372 0.4917 700.0000
2367 2373 0.5676 700.0000
2367 2374 0.5124 700.0000
2367 2397 0.8878 700.0000
2368 2370 0.7692 700.0000
2368 2371 0.7927 700.0000
2368 2372 0.8749 700.0000
2369 2371 0.6584 700.0000
2369 2372 0.7992 700.0000
2369 2393 0.8311 700.0000
2369 2396 0.8790 700.0000
2370 2372 0.4975 700.0000
2370 2389 0.8793 700.0000
2370 2390 0.8042 700.0000
2370 2392 0.8271 700.0000
2370 2393 0.4615 700.0000
2370 2394 0.8364 700.0000
2370 2396 0.6801 700.0000
2370 2397 0.6833 700.0000
2371 2373 0.7797 700.0000
2371 2389 0.7367 700.0000
2371 2390 0.7200 700.0000
2371 2393 0.6157 700.0000
2372 2374 0.6108 700.0000
2372 2387 0.6704 700.0000
2372 2388 0.6834 700.0000
2372 2389 0.5795 700.0000
2372 2390 0.7120 700.0000
2372 2393 0.6510 700.0000
2372 2394 0.6967 700.0000
2372 2397 0.7014 700.0000
2373 2375 0.6113 700.0000
2373 2386 0.7157 700.0000
2373 2387 0.5811 700.0000
2373 2388 0.4532 700.0000
2373 2389 0.6972 700.0000
2374 2376 0.7635 700.0000
2374 2385 0.6517 700.0000
2374 2386 0.7031 700.0000
2374 2387 0.5565 700.0000
2374 2388 0.7675 700.0000
2374 2397 0.8269 700.0000
2375 2377 0.6137 700.0000
2375 2384 0.8340 700.0000
2375 2385 0.6050 700.0000
2375 2386 0.4406 700.0000
2375 2387 0.6936 700.0000
2375 2388 0.7681 700.0000
2376 2378 0.5871 700.0000
2376 2383 0.7145 700.0000
2376 2384 0.7435 700.0000
2376 2385 0.5612 700.0000
2376 2386 0.8448 700.0000
2377 2379 0.6463 700.0000
2377 2382 0.7735 700.0000
2377 2383 0.6352 700.0000
2377 2384 0.4409 700.0000
2377 2385 0.6763 700.0000
2377 2386 0.6678 700.0000
2378 2380 0.7271 700.0000
2378 2381 0.8302 700.0000
2378 2382 0.8392 700.0000
2378 2383 0.5439 700.0000
2378 2384 0.7357 700.0000
2379 2381 0.5179 700.0000
2379 2382 0.5367 700.0000
2379 2383 0.5816 700.0000
2379 2384 0.7151 700.0000
2380 2382 0.7232 700.0000
2380 2383 0.8416 700.0000
2381 2383 0.6383 700.0000
2382 2384 0.5086 700.0000
2383 2385 0.7332 700.0000
2384 2386 0.6837 700.0000
2385 2387 0.6197 700.0000
2385 2401 0.7432 700.0000
2386 2388 0.5954 700.0000
2387 2389 0.6978 700.0000
2387 2394 0.5818 700.0000
2387 2397 0.7042 700.0000
2387 2398 0.7114 700.0000
2387 2401 0.8778 700.0000
2388 2390 0.8402 700.0000
2388 2394 0.8159 700.0000
2389 2391 0.8413 700.0000
2389 2392 0.7929 700.0000
2389 2393 0.6732 700.0000
2389 2394 0.5306 700.0000
2390 2392 0.5105 700.0000
2390 2393 0.4625 700.0000
2390 2394 0.5339 700.0000
2390 2395 0.8140 700.0000
2391 2393 0.8156 700.0000
2391 2394 0.6789 700.0000
2391 2395 0.6191 700.0000
2392 2394 0.5741 700.0000
2392 2395 0.5005 700.0000
2392 2396 0.6283 700.0000
2392 2397 0.8562 700.0000
2393 2395 0.6783 700.0000
2393 2396 0.5563 700.0000
2393 2397 0.6861 700.0000
2394 2396 0.7289 700.0000
2394 2397 0.5621 700.0000
2394 2398 0.5972 700.0000
2394 2399 0.8874 700.0000
2395 2397 0.6579 700.0000
2395 2398 0.5657 700.0000
2395 2399 0.5813 700.0000
2396 2398 0.7276 700.0000
2396 2399 0.6098 700.0000
2396 2400 0.6208 700.0000
2397 2399 0.6587 700.0000
2397 2400 0.5236 700.0000
2397 2401 0.5852 700.0000
2398 2400 0.6347 700.0000
2398 2401 0.5238 700.0000
2398 2402 0.5973 700.0000
2399 2401 0.7552 700.0000
2399 2402 0.6888 700.0000
2399 2403 0.7723 700.0000
2400 2402 0.7609 700.0000
2400 2403 0.5983 700.0000
2400 2404 0.6838 700.0000
2401 2403 0.6980 700.0000
2401 2404 0.5261 700.0000
2401 2405 0.6066 700.0000
2402 2404 0.7474 700.0000
2402 2405 0.5231 700.0000
2402 2406 0.6121 700.0000
2403 2405 0.6719 700.0000
2403 2406 0.5363 700.0000
2403 2407 0.4990 700.0000
2404 2406 0.7253 700.0000
2404 2407 0.5901 700.0000
2404 2408 0.6789 700.0000
2405 2407 0.6987 700.0000
2405 2408 0.5593 700.0000
2405 2409 0.6652 700.0000
2406 2408 0.6425 700.0000
2406 2409 0.5178 700.0000
2406 2410 0.7341 700.0000
2407 2409 0.7923 700.0000
2407 2410 0.7350 700.0000
2407 2411 0.7722 700.0000
2408 2410 0.7146 700.0000
2408 2411 0.5126 700.0000
2408 2412 0.5969 700.0000
2408 2413 0.8849 700.0000
2409 2411 0.7982 700.0000
2409 2412 0.6978 700.0000
2409 2413 0.6774 700.0000
2410 2412 0.7413 700.0000
2410 2413 0.5110 700.0000
2410 2414 0.4913 700.0000
2411 2413 0.6853 700.0000
2411 2414 0.6189 700.0000
2411 2415 0.6836 700.0000
2412 2414 0.7943 700.0000
2412 2415 0.5174 700.0000
2412 2416 0.6395 700.0000
2413 2415 0.6471 700.0000
2413 2416 0.5332 700.0000
2413 2417 0.5932 700.0000
2413 2418 0.8219 700.0000
2414 2417 0.6299 700.0000
2414 2418 0.6474 700.0000
2415 2417 0.8042 700.0000
2415 2418 0.5644 700.0000
2415 2419 0.7367 700.0000
2416 2418 0.8010 700.0000
2416 2419 0.6237 700.0000
2416 2420 0.7070 700.0000
2417 2419 0.6669 700.0000
2417 2420 0.6083 700.0000
2417 2421 0.6194 700.0000
2418 2420 0.8699 700.0000
2418 2421 0.8092 700.0000
2418 2422 0.7207 700.0000
2419 2421 0.6731 700.0000
2419 2422 0.4918 700.0000
2419 2423 0.5754 700.0000
2420 2422 0.7996 700.0000
2420 2423 0.5501 700.0000
2421 2423 0.7483 700.0000
2445 2447 0.5780 700.0000
2445 2474 0.7542 700.0000
2445 2475 0.6762 700.0000
2445 2476 0.4686 700.0000
2445 2477 0.7381 700.0000
2445 2478 0.8634 700.0000
2445 2517 0.8761 700.0000
2446 2448 0.7759 700.0000
2446 2473 0.4976 700.0000
2446 2474 0.7460 700.0000
2446 2475 0.5825 700.0000
2446 2476 0.7772 700.0000
2446 2514 0.7875 700.0000
2446 2517 0.6886 700.0000
2446 2619 0.7537 700.0000
2447 2449 0.6587 700.0000
2447 2472 0.8870 700.0000
2447 2473 0.6063 700.0000
2447 2474 0.5018 700.0000
2447 2475 0.7265 700.0000
2447 2476 0.6854 700.0000
2448 2450 0.6694 700.0000
2448 2471 0.7593 700.0000
2448 2472 0.6699 700.0000
2448 2473 0.5727 700.0000
2448 2474 0.7126 700.0000
2449 2451 0.6311 700.0000
2449 2452 0.7189 700.0000
2449 2455 0.7244 700.0000
2449 2471 0.8861 700.0000
2449 2472 0.5494 700.0000
2449 2473 0.7180 700.0000
2449 2474 0.6215 700.0000
2449 2618 0.7632 700.0000
2450 2452 0.5889 700.0000
2450 2455 0.7886 700.0000
2450 2472 0.8310 700.0000
2451 2453 0.7591 700.0000
2451 2455 0.6415 700.0000
2451 2456 0.6317 700.0000
2451 2472 0.8815 700.0000
2452 2454 0.5534 700.0000
2452 2455 0.4373 700.0000
2452 2456 0.5983 700.0000
2452 2457 0.8366 700.0000
2453 2455 0.6977 700.0000
2453 2456 0.4949 700.0000
2453 2457 0.5517 700.0000
2454 2456 0.7532 700.0000
2454 2457 0.6318 700.0000
2454 2458 0.6586 700.0000
2455 2457 0.6771 700.0000
2455 2458 0.5263 700.0000
2455 2459 0.6943 700.0000
2455 2472 0.7179 700.0000
2455 2618 0.7609 700.0000
2455 2620 0.7522 700.0000
2456 2458 0.7227 700.0000
2456 2459 0.5426 700.0000
2456 2460 0.6034 700.0000
2457 2459 0.7383 700.0000
2457 2460 0.5027 700.0000
2457 2461 0.6941 700.0000
2458 2460 0.7623 700.0000
2458 2461 0.5496 700.0000
2458 2462 0.6274 700.0000
2458 2503 0.8915 700.0000
2458 2505 0.8690 700.0000
2458 2543 0.8378 700.0000
2458 2564 0.7700 700.0000
2458 2618 0.8942 700.0000
2458 2620 0.6836 700.0000
2459 2461 0.7859 700.0000
2459 2462 0.6180 700.0000
2459 2463 0.5220 700.0000
2459 2467 0.8930 700.0000
2459 2468 0.8087 700.0000
2459 2469 0.4912 700.0000
2459 2472 0.8596 700.0000
2459 2620 0.7672 700.0000
2460 2462 0.8270 700.0000
2460 2463 0.5653 700.0000
2460 2464 0.6464 700.0000
2461 2463 0.7678 700.0000
2461 2464 0.5676 700.0000
2461 2465 0.6717 700.0000
2461 2542 0.8995 700.0000
2461 2543 0.6188 700.0000
2461 2544 0.8953 700.0000
2462 2464 0.8079 700.0000
2462 2465 0.6008 700.0000
2462 2466 0.7433 700.0000
2462 2467 0.5024 700.0000
2462 2468 0.8672 700.0000
2462 2469 0.6444 700.0000
2462 2505 0.8590 700.0000
2462 2543 0.5717 700.0000
2462 2546 0.8757 700.0000
2462 2547 0.8519 700.0000
2462 2562 0.7757 700.0000
2462 2620 0.6251 700.0000
2462 2622 0.6956 700.0000
2463 2465 0.7243 700.0000
2463 2466 0.6438 700.0000
2463 2467 0.6459 700.0000
2463 2468 0.6022 700.0000
2463 2469 0.6506 700.0000
2464 2466 0.7662 700.0000
2464 2544 0.8661 700.0000
2465 2467 0.5425 700.0000
2465 2543 0.6063 700.0000
2465 2544 0.5246 700.0000
2465 2545 0.8930 700.0000
2465 2546 0.8340 700.0000
2465 2547 0.5906 700.0000
2465 2548 0.8056 700.0000
2466 2468 0.6926 700.0000
2466 2547 0.7058 700.0000
2466 2551 0.7511 700.0000
2466 2622 0.8594 700.0000
2466 2623 0.7699 700.0000
2466 2624 0.7029 700.0000
2467 2469 0.6832 700.0000
2467 2543 0.8302 700.0000
2467 2546 0.8812 700.0000
2467 2547 0.6564 700.0000
2467 2550 0.8951 700.0000
2467 2551 0.8181 700.0000
2467 2560 0.7075 700.0000
2467 2622 0.5317 700.0000
2467 2623 0.6024 700.0000
2467 2624 0.6762 700.0000
2468 2470 0.6072 700.0000
2468 2622 0.6448 700.0000
2468 2623 0.4522 700.0000
2468 2624 0.8440 700.0000
2469 2471 0.7410 700.0000
2469 2472 0.7439 700.0000
2469 2620 0.6668 700.0000
2469 2621 0.6176 700.0000
2469 2622 0.5149 700.0000
2469 2623 0.6940 700.0000
2470 2472 0.8149 700.0000
2470 2559 0.8525 700.0000
2470 2621 0.5097 700.0000
2470 2622 0.5969 700.0000
2470 2623 0.6366 700.0000
2471 2473 0.5200 700.0000
2471 2619 0.6923 700.0000
2471 2620 0.7746 700.0000
2471 2621 0.4628 700.0000
2471 2622 0.8252 700.0000
2472 2474 0.8217 700.0000
2472 2618 0.6990 700.0000
2472 2619 0.6156 700.0000
2472 2620 0.5130 700.0000
2472 2621 0.6786 700.0000
2473 2475 0.6802 700.0000
2473 2618 0.7596 700.0000
2473 2619 0.4551 700.0000
2473 2620 0.7862 700.0000
2473 2621 0.7519 700.0000
2474 2476 0.5074 700.0000
2474 2616 0.8796 700.0000
2474 2617 0.6519 700.0000
2474 2618 0.5306 700.0000
2474 2619 0.8641 700.0000
2475 2477 0.7091 700.0000
2475 2516 0.8859 700.0000
2475 2517 0.5852 700.0000
2475 2563 0.8192 700.0000
2475 2615 0.7801 700.0000
2475 2616 0.5110 700.0000
2475 2617 0.6001 700.0000
2475 2618 0.6389 700.0000
2475 2619 0.7040 700.0000
2476 2478 0.7220 700.0000
2476 2481 0.8206 700.0000
2476 2517 0.8896 700.0000
2476 2616 0.8362 700.0000
2476 2617 0.8099 700.0000
2477 2479 0.5061 700.0000
2477 2480 0.4598 700.0000
2477 2481 0.6404 700.0000
2477 2482 0.8365 700.0000
2477 2517 0.7122 700.0000
2477 2518 0.8631 700.0000
2477 2519 0.8545 700.0000
2477 2615 0.8007 700.0000
2477 2616 0.7650 700.0000
2478 2480 0.7955 700.0000
2478 2481 0.6957 700.0000
2478 2482 0.7547 700.0000
2479 2481 0.7091 700.0000
2479 2482 0.5599 700.0000
2479 2483 0.6766 700.0000
2480 2482 0.6178 700.0000
2480 2483 0.5645 700.0000
2480 2484 0.6802 700.0000
2480 2517 0.8716 700.0000
2480 2519 0.6990 700.0000
2480 2520 0.6947 700.0000
2480 2611 0.8034 700.0000
2480 2612 0.6991 700.0000
2480 2614 0.7506 700.0000
2480 2615 0.6142 700.0000
2480 2616 0.7363 700.0000
2481 2483 0.6391 700.0000
2481 2484 0.5354 700.0000
2481 2485 0.5408 700.0000
2481 2566 0.8839 700.0000
2481 2615 0.6276 700.0000
2481 2616 0.8664 700.0000
2482 2484 0.6615 700.0000
2482 2485 0.5478 700.0000
2482 2486 0.6634 700.0000
2482 2612 0.8705 700.0000
2483 2485 0.6382 700.0000
2483 2486 0.5600 700.0000
2483 2487 0.6509 700.0000
2483 2611 0.8912 700.0000
2483 2612 0.5325 700.0000
2484 2486 0.8898 700.0000
2484 2487 0.6303 700.0000
2484 2488 0.5584 700.0000
2484 2566 0.6423 700.0000
2484 2567 0.8204 700.0000
2484 2568 0.6443 700.0000
2484 2611 0.8538 700.0000
2484 2612 0.6939 700.0000
2484 2613 0.7119 700.0000
2484 2614 0.5972 700.0000
2484 2615 0.5561 700.0000
2485 2487 0.8152 700.0000
2485 2488 0.5111 700.0000
2485 2489 0.5934 700.0000
2486 2489 0.6983 700.0000
2486 2490 0.6296 700.0000
2486 2612 0.8890 700.0000
2487 2489 0.8150 700.0000
2487 2490 0.5297 700.0000
2487 2491 0.5759 700.0000
2487 2568 0.6625 700.0000
2487 2594 0.8499 700.0000
2487 2610 0.8072 700.0000
2487 2611 0.8931 700.0000
2487 2612 0.5999 700.0000
2487 2613 0.5817 700.0000
2488 2490 0.7854 700.0000
2488 2491 0.5982 700.0000
2488 2492 0.5201 700.0000
2488 2500 0.6058 700.0000
2488 2501 0.7275 700.0000
2488 2566 0.7981 700.0000
2488 2568 0.6271 700.0000
2489 2491 0.8058 700.0000
2489 2492 0.5595 700.0000
2489 2493 0.6518 700.0000
2490 2492 0.7814 700.0000
2490 2493 0.6087 700.0000
2490 2494 0.7080 700.0000
2491 2493 0.7730 700.0000
2491 2494 0.5891 700.0000
2491 2495 0.6433 700.0000
2491 2500 0.5664 700.0000
2491 2568 0.6108 700.0000
2491 2569 0.8064 700.0000
2491 2570 0.6528 700.0000
2491 2571 0.8283 700.0000
2491 2594 0.6167 700.0000
2491 2613 0.8045 700.0000
2492 2494 0.8061 700.0000
2492 2495 0.6634 700.0000
2492 2496 0.8577 700.0000
2492 2497 0.8270 700.0000
2492 2498 0.8652 700.0000
2492 2499 0.8480 700.0000
2492 2500 0.6219 700.0000
2493 2495 0.8121 700.0000
2493 2496 0.7970 700.0000
2494 2496 0.7504 700.0000
2494 2571 0.7895 700.0000
2494 2591 0.7833 700.0000
2494 2592 0.8725 700.0000
2494 2594 0.8625 700.0000
2495 2497 0.8514 700.0000
2495 2498 0.4823 700.0000
2495 2499 0.7505 700.0000
2495 2500 0.6737 700.0000
2495 2570 0.6857 700.0000
2495 2571 0.6204 700.0000
2496 2498 0.7188 700.0000
2498 2500 0.6870 700.0000
2498 2570 0.7737 700.0000
2498 2571 0.8100 700.0000
2499 2501 0.5804 700.0000
2499 2502 0.7211 700.0000
2499 2569 0.8264 700.0000
2499 2570 0.7348 700.0000
2500 2502 0.7029 700.0000
2500 2566 0.8707 700.0000
2500 2567 0.8050 700.0000
2500 2568 0.5501 700.0000
2500 2569 0.5821 700.0000
2500 2570 0.5225 700.0000
2500 2571 0.8794 700.0000
2500 2594 0.8654 700.0000
2501 2503 0.7684 700.0000
2501 2504 0.8859 700.0000
2501 2566 0.5505 700.0000
2501 2567 0.5789 700.0000
2501 2568 0.5799 700.0000
2501 2569 0.6334 700.0000
2501 2570 0.7745 700.0000
2502 2504 0.6215 700.0000
2502 2541 0.7428 700.0000
2502 2565 0.8710 700.0000
2502 2566 0.7387 700.0000
2502 2567 0.5655 700.0000
2502 2568 0.7722 700.0000
2502 2569 0.5765 700.0000
2502 2570 0.8078 700.0000
2502 2606 0.7318 700.0000
2503 2505 0.7761 700.0000
2503 2564 0.5609 700.0000
2503 2565 0.5986 700.0000
2503 2566 0.6140 700.0000
2503 2567 0.8245 700.0000
2503 2617 0.7144 700.0000
2503 2618 0.8214 700.0000
2504 2506 0.7920 700.0000
2504 2539 0.5129 700.0000
2504 2540 0.5622 700.0000
2504 2541 0.5918 700.0000
2504 2564 0.6876 700.0000
2504 2565 0.4897 700.0000
2504 2566 0.7823 700.0000
2504 2567 0.5626 700.0000
2504 2606 0.6811 700.0000
2505 2539 0.7288 700.0000
2505 2540 0.5242 700.0000
2505 2541 0.7183 700.0000
2505 2542 0.7822 700.0000
2505 2543 0.5858 700.0000
2505 2546 0.7167 700.0000
2505 2562 0.6590 700.0000
2505 2563 0.7874 700.0000
2505 2564 0.5329 700.0000
2505 2565 0.6403 700.0000
2505 2620 0.8344 700.0000
2506 2508 0.5763 700.0000
2506 2521 0.6528 700.0000
2506 2526 0.5940 700.0000
2506 2537 0.7823 700.0000
2506 2538 0.8396 700.0000
2506 2539 0.5178 700.0000
2506 2540 0.7007 700.0000
2506 2546 0.8318 700.0000
2506 2562 0.6758 700.0000
2506 2563 0.5667 700.0000
2506 2565 0.7862 700.0000
2507 2509 0.6497 700.0000
2507 2526 0.6855 700.0000
2507 2546 0.6221 700.0000
2507 2547 0.8542 700.0000
2507 2549 0.7996 700.0000
2507 2550 0.6404 700.0000
2507 2553 0.8096 700.0000
2507 2554 0.8219 700.0000
2507 2560 0.6642 700.0000
2507 2561 0.7540 700.0000
2507 2562 0.5979 700.0000
2507 2563 0.8023 700.0000
2508 2510 0.8142 700.0000
2508 2511 0.8261 700.0000
2508 2512 0.6342 700.0000
2508 2513 0.5598 700.0000
2508 2516 0.7846 700.0000
2508 2521 0.8676 700.0000
2508 2525 0.7549 700.0000
2508 2526 0.6221 700.0000
2508 2560 0.8332 700.0000
2508 2561 0.6121 700.0000
2508 2562 0.6716 700.0000
2508 2563 0.5974 700.0000
2509 2511 0.5328 700.0000
2509 2512 0.4834 700.0000
2509 2513 0.6252 700.0000
2509 2525 0.7651 700.0000
2509 2526 0.7263 700.0000
2509 2560 0.8817 700.0000
2509 2561 0.6561 700.0000
2510 2512 0.7500 700.0000
2510 2513 0.5219 700.0000
2510 2514 0.6944 700.0000
2510 2559 0.8371 700.0000
2510 2561 0.5801 700.0000
2511 2513 0.7223 700.0000
2511 2514 0.8643 700.0000
2511 2515 0.8591 700.0000
2511 2525 0.8086 700.0000
2512 2514 0.7840 700.0000
2512 2515 0.6085 700.0000
2512 2516 0.7316 700.0000
2512 2524 0.8876 700.0000
2512 2525 0.4437 700.0000
2512 2526 0.8163 700.0000
2513 2515 0.6415 700.0000
2513 2516 0.5616 700.0000
2513 2517 0.6415 700.0000
2513 2525 0.8367 700.0000
2513 2561 0.6439 700.0000
2513 2563 0.6721 700.0000
2513 2619 0.7416 700.0000
2514 2516 0.6630 700.0000
2514 2517 0.5445 700.0000
2514 2518 0.7352 700.0000
2515 2517 0.5962 700.0000
2515 2518 0.5231 700.0000
2515 2519 0.5570 700.0000
2515 2520 0.6201 700.0000
2515 2521 0.8840 700.0000
2515 2522 0.8415 700.0000
2515 2525 0.6426 700.0000
2516 2518 0.7638 700.0000
2516 2519 0.5821 700.0000
2516 2520 0.3892 700.0000
2516 2521 0.5163 700.0000
2516 2522 0.7556 700.0000
2516 2525 0.6554 700.0000
2516 2563 0.6914 700.0000
2516 2616 0.6663 700.0000
2517 2519 0.7096 700.0000
2517 2520 0.6470 700.0000
2517 2521 0.8415 700.0000
2517 2563 0.7927 700.0000
2517 2616 0.6199 700.0000
2517 2619 0.8531 700.0000
2518 2520 0.7650 700.0000
2519 2521 0.7737 700.0000
2519 2522 0.6944 700.0000
2519 2525 0.8609 700.0000
2519 2611 0.7902 700.0000
2520 2522 0.5469 700.0000
2520 2525 0.7266 700.0000
2520 2611 0.5970 700.0000
2520 2612 0.8552 700.0000
2520 2614 0.7102 700.0000
2520 2615 0.8065 700.0000
2520 2616 0.7036 700.0000
2521 2525 0.7196 700.0000
2521 2526 0.8329 700.0000
2521 2537 0.6606 700.0000
2521 2539 0.7542 700.0000
2521 2563 0.7244 700.0000
2521 2565 0.7961 700.0000
2521 2608 0.8625 700.0000
2521 2610 0.8686 700.0000
2521 2611 0.5890 700.0000
2521 2614 0.5468 700.0000
2521 2615 0.7463 700.0000
2521 2616 0.6489 700.0000
2522 2524 0.6652 700.0000
2522 2525 0.4998 700.0000
2522 2526 0.8514 700.0000
2522 2536 0.8690 700.0000
2522 2537 0.6867 700.0000
2522 2610 0.7862 700.0000
2522 2611 0.6130 700.0000
2523 2525 0.8053 700.0000
2523 2526 0.7872 700.0000
2523 2527 0.6388 700.0000
2523 2534 0.8658 700.0000
2523 2535 0.5658 700.0000
2523 2536 0.5014 700.0000
2523 2537 0.6834 700.0000
2523 2538 0.8705 700.0000
2523 2609 0.8705 700.0000
2524 2526 0.7404 700.0000
2524 2527 0.6636 700.0000
2524 2536 0.8747 700.0000
2525 2527 0.8686 700.0000
2526 2528 0.6329 700.0000
2526 2536 0.8452 700.0000
2526 2537 0.7297 700.0000
2526 2538 0.7321 700.0000
2526 2539 0.8754 700.0000
2527 2529 0.6708 700.0000
2527 2531 0.7338 700.0000
2527 2535 0.8954 700.0000
2527 2536 0.7220 700.0000
2527 2537 0.8210 700.0000
2527 2538 0.6686 700.0000
2528 2530 0.5938 700.0000
2528 2531 0.5477 700.0000
2528 2532 0.8506 700.0000
2528 2534 0.8764 700.0000
2528 2536 0.8110 700.0000
2528 2538 0.5548 700.0000
2528 2549 0.8747 700.0000
2529 2531 0.7051 700.0000
2529 2549 0.8813 700.0000
2529 2553 0.8225 700.0000
2530 2532 0.4806 700.0000
2530 2533 0.8477 700.0000
2531 2533 0.6799 700.0000
2531 2534 0.5141 700.0000
2531 2535 0.7169 700.0000
2531 2536 0.7716 700.0000
2531 2538 0.7008 700.0000
2531 2577 0.6399 700.0000
2532 2534 0.7347 700.0000
2532 2538 0.8986 700.0000
2532 2575 0.8076 700.0000
2532 2576 0.8283 700.0000
2532 2577 0.6444 700.0000
2532 2598 0.8951 700.0000
2533 2538 0.6998 700.0000
2533 2574 0.7315 700.0000
2533 2575 0.4706 700.0000
2533 2576 0.7332 700.0000
2533 2577 0.6889 700.0000
2533 2579 0.8719 700.0000
2533 2596 0.6938 700.0000
2533 2597 0.6456 700.0000
2533 2598 0.5652 700.0000
2533 2605 0.6735 700.0000
2533 2607 0.6940 700.0000
2534 2536 0.5106 700.0000
2534 2537 0.8735 700.0000
2534 2538 0.6535 700.0000
2534 2575 0.7087 700.0000
2534 2576 0.7264 700.0000
2534 2577 0.5028 700.0000
2534 2578 0.7280 700.0000
2534 2579 0.5320 700.0000
2534 2580 0.7406 700.0000
2534 2596 0.7716 700.0000
2534 2607 0.6579 700.0000
2534 2609 0.7234 700.0000
2535 2537 0.7680 700.0000
2535 2538 0.7747 700.0000
2535 2577 0.7712 700.0000
2535 2578 0.8288 700.0000
2535 2579 0.6405 700.0000
2535 2580 0.5277 700.0000
2535 2581 0.7818 700.0000
2535 2607 0.7882 700.0000
2535 2608 0.8863 700.0000
2535 2609 0.5825 700.0000
2536 2538 0.4925 700.0000
2536 2539 0.8950 700.0000
2536 2579 0.8812 700.0000
2536 2580 0.8247 700.0000
2536 2596 0.8887 700.0000
2536 2607 0.5684 700.0000
2536 2608 0.6156 700.0000
2536 2609 0.5348 700.0000
2536 2610 0.8821 700.0000
2537 2539 0.5814 700.0000
2537 2607 0.5778 700.0000
2537 2608 0.4161 700.0000
2537 2609 0.6535 700.0000
2537 2610 0.7072 700.0000
2537 2611 0.7264 700.0000
2537 2613 0.8553 700.0000
2537 2614 0.8374 700.0000
2538 2540 0.8427 700.0000
2538 2596 0.8670 700.0000
2538 2605 0.6755 700.0000
2538 2606 0.8229 700.0000
2538 2607 0.5014 700.0000
2538 2608 0.7440 700.0000
2538 2609 0.8941 700.0000
2539 2565 0.7080 700.0000
2539 2567 0.6619 700.0000
2539 2605 0.7424 700.0000
2539 2606 0.6168 700.0000
2539 2607 0.6865 700.0000
2539 2608 0.6604 700.0000
2539 2614 0.8216 700.0000
2540 2542 0.6163 700.0000
2540 2543 0.7192 700.0000
2540 2545 0.7237 700.0000
2540 2546 0.6141 700.0000
2540 2604 0.6750 700.0000
2540 2605 0.5928 700.0000
2540 2606 0.7166 700.0000
2541 2543 0.8140 700.0000
2541 2603 0.6758 700.0000
2541 2604 0.5635 700.0000
2541 2605 0.7838 700.0000
2541 2606 0.7257 700.0000
2542 2544 0.5852 700.0000
2542 2545 0.4896 700.0000
2542 2546 0.7250 700.0000
2542 2604 0.5668 700.0000
2543 2545 0.6832 700.0000
2543 2546 0.5322 700.0000
2543 2547 0.6650 700.0000
2543 2562 0.8687 700.0000
2544 2546 0.7626 700.0000
2544 2547 0.6238 700.0000
2544 2548 0.5709 700.0000
2545 2547 0.6376 700.0000
2545 2548 0.5420 700.0000
2545 2549 0.6234 700.0000
2545 2604 0.7051 700.0000
2546 2548 0.7143 700.0000
2546 2549 0.5575 700.0000
2546 2550 0.6169 700.0000
2546 2562 0.7702 700.0000
2547 2549 0.6209 700.0000
2547 2550 0.4872 700.0000
2547 2551 0.5427 700.0000
2547 2552 0.8472 700.0000
2547 2560 0.8722 700.0000
2547 2624 0.8712 700.0000
2548 2550 0.7018 700.0000
2548 2551 0.6213 700.0000
2548 2552 0.6705 700.0000
2549 2551 0.8217 700.0000
2549 2552 0.6124 700.0000
2549 2553 0.6670 700.0000
2550 2552 0.6081 700.0000
2550 2553 0.5000 700.0000
2550 2554 0.4817 700.0000
2550 2555 0.7421 700.0000
2550 2557 0.8732 700.0000
2550 2560 0.7080 700.0000
2550 2624 0.7589 700.0000
2551 2553 0.7994 700.0000
2551 2554 0.6636 700.0000
2551 2555 0.6570 700.0000
2551 2624 0.5627 700.0000
2552 2554 0.7753 700.0000
2552 2555 0.7859 700.0000
2553 2555 0.6923 700.0000
2553 2556 0.8975 700.0000
2553 2557 0.8371 700.0000
2554 2556 0.5467 700.0000
2554 2557 0.4308 700.0000
2554 2558 0.8953 700.0000
2554 2559 0.8756 700.0000
2554 2560 0.7008 700.0000
2554 2624 0.6924 700.0000
2555 2557 0.5459 700.0000
2555 2558 0.8402 700.0000
2555 2624 0.6649 700.0000
2556 2558 0.6552 700.0000
2556 2624 0.8041 700.0000
2557 2559 0.6249 700.0000
2557 2560 0.7258 700.0000
2557 2624 0.7500 700.0000
2558 2560 0.8558 700.0000
2558 2623 0.6879 700.0000
2558 2624 0.6569 700.0000
2559 2561 0.5546 700.0000
2559 2621 0.6845 700.0000
2559 2622 0.6440 700.0000
2559 2623 0.6000 700.0000
2559 2624 0.7652 700.0000
2560 2562 0.6587 700.0000
2560 2621 0.6600 700.0000
2560 2622 0.4346 700.0000
2560 2623 0.6226 700.0000
2560 2624 0.6591 700.0000
2561 2563 0.7877 700.0000
2561 2619 0.6985 700.0000
2561 2621 0.5393 700.0000
2561 2622 0.6573 700.0000
2562 2564 0.7429 700.0000
2562 2619 0.6008 700.0000
2562 2620 0.5485 700.0000
2562 2621 0.7095 700.0000
2562 2622 0.6730 700.0000
2563 2565 0.7108 700.0000
2563 2616 0.6345 700.0000
2563 2617 0.8635 700.0000
2563 2618 0.8226 700.0000
2563 2619 0.5028 700.0000
2563 2620 0.7757 700.0000
2564 2566 0.8265 700.0000
2564 2615 0.8967 700.0000
2564 2616 0.7683 700.0000
2564 2617 0.5395 700.0000
2564 2618 0.4682 700.0000
2564 2619 0.7916 700.0000
2564 2620 0.6458 700.0000
2565 2567 0.5697 700.0000
2565 2614 0.6606 700.0000
2565 2615 0.5850 700.0000
2565 2616 0.5917 700.0000
2565 2617 0.5549 700.0000
2565 2618 0.7703 700.0000
2566 2568 0.6652 700.0000
2566 2614 0.6619 700.0000
2566 2615 0.5288 700.0000
2566 2616 0.7937 700.0000
2566 2617 0.6234 700.0000
2567 2569 0.5708 700.0000
2567 2570 0.8830 700.0000
2567 2606 0.7474 700.0000
2567 2608 0.7357 700.0000
2567 2613 0.6368 700.0000
2567 2614 0.5542 700.0000
2567 2615 0.7529 700.0000
2568 2570 0.6604 700.0000
2568 2594 0.7081 700.0000
2568 2595 0.8390 700.0000
2568 2608 0.7974 700.0000
2568 2610 0.8638 700.0000
2568 2613 0.4292 700.0000
2568 2614 0.6609 700.0000
2568 2615 0.8907 700.0000
2569 2571 0.7742 700.0000
2569 2572 0.6274 700.0000
2569 2594 0.6196 700.0000
2569 2595 0.5270 700.0000
2569 2596 0.8344 700.0000
2569 2606 0.6371 700.0000
2569 2607 0.8766 700.0000
2569 2608 0.7967 700.0000
2569 2613 0.7456 700.0000
2570 2572 0.5529 700.0000
2570 2593 0.8081 700.0000
2570 2594 0.5072 700.0000
2570 2595 0.5903 700.0000
2571 2573 0.8255 700.0000
2571 2585 0.7774 700.0000
2571 2592 0.7525 700.0000
2571 2593 0.5770 700.0000
2571 2594 0.5990 700.0000
2571 2595 0.7450 700.0000
2572 2574 0.8846 700.0000
2572 2593 0.7305 700.0000
2572 2594 0.7947 700.0000
2572 2595 0.5443 700.0000
2572 2596 0.6727 700.0000
2572 2597 0.5843 700.0000
2572 2599 0.8995 700.0000
2572 2600 0.5787 700.0000
2572 2603 0.7791 700.0000
2572 2606 0.7662 700.0000
2573 2575 0.6020 700.0000
2573 2582 0.7735 700.0000
2573 2583 0.6122 700.0000
2573 2593 0.5365 700.0000
2573 2594 0.8880 700.0000
2573 2595 0.5879 700.0000
2573 2596 0.4850 700.0000
2573 2597 0.5612 700.0000
2573 2600 0.7061 700.0000
2573 2607 0.8993 700.0000
2574 2576 0.7274 700.0000
2574 2596 0.7189 700.0000
2574 2597 0.5756 700.0000
2574 2598 0.6918 700.0000
2574 2599 0.6841 700.0000
2574 2600 0.6619 700.0000
2575 2577 0.6764 700.0000
2575 2579 0.6503 700.0000
2575 2583 0.8682 700.0000
2575 2596 0.5549 700.0000
2575 2597 0.5893 700.0000
2575 2598 0.7235 700.0000
2575 2607 0.8074 700.0000
2576 2578 0.5197 700.0000
2576 2579 0.5359 700.0000
2577 2579 0.5640 700.0000
2578 2580 0.7233 700.0000
2579 2581 0.5737 700.0000
2579 2582 0.6707 700.0000
2579 2583 0.6816 700.0000
2579 2596 0.7702 700.0000
2579 2607 0.8954 700.0000
2579 2609 0.7321 700.0000
2580 2582 0.7450 700.0000
2580 2609 0.6336 700.0000
2581 2583 0.6219 700.0000
2581 2584 0.8376 700.0000
2581 2592 0.8814 700.0000
2581 2593 0.9000 700.0000
2581 2609 0.5206 700.0000
2582 2584 0.6714 700.0000
2582 2592 0.6046 700.0000
2582 2593 0.5508 700.0000
2582 2594 0.6739 700.0000
2582 2595 0.6470 700.0000
2582 2596 0.6999 700.0000
2582 2607 0.8881 700.0000
2582 2608 0.8818 700.0000
2582 2609 0.5585 700.0000
2583 2585 0.6940 700.0000
2583 2586 0.8591 700.0000
2583 2592 0.6182 700.0000
2583 2593 0.4542 700.0000
2583 2594 0.8808 700.0000
2583 2595 0.8081 700.0000
2583 2596 0.7816 700.0000
2584 2586 0.5010 700.0000
2584 2587 0.6318 700.0000
2584 2588 0.6830 700.0000
2584 2589 0.5467 700.0000
2584 2590 0.7831 700.0000
2584 2591 0.7461 700.0000
2584 2592 0.5470 700.0000
2584 2593 0.5883 700.0000
2585 2587 0.7811 700.0000
2585 2588 0.8860 700.0000
2585 2589 0.6593 700.0000
2585 2590 0.8952 700.0000
2585 2591 0.6114 700.0000
2585 2592 0.5068 700.0000
2585 2593 0.5134 700.0000
2586 2588 0.5290 700.0000
2586 2589 0.4422 700.0000
2586 2590 0.8417 700.0000
2586 2591 0.7652 700.0000
2586 2592 0.8093 700.0000
2586 2593 0.8941 700.0000
2587 2589 0.5771 700.0000
2588 2590 0.6376 700.0000
2588 2591 0.8603 700.0000
2589 2591 0.5532 700.0000
2589 2592 0.7215 700.0000
2590 2592 0.7007 700.0000
2591 2593 0.8095 700.0000
2592 2594 0.5925 700.0000
2592 2595 0.8663 700.0000
2593 2595 0.6005 700.0000
2593 2596 0.7679 700.0000
2594 2596 0.8352 700.0000
2594 2608 0.8402 700.0000
2594 2609 0.8819 700.0000
2594 2613 0.7002 700.0000
2595 2597 0.6543 700.0000
2595 2606 0.6968 700.0000
2595 2607 0.5912 700.0000
2595 2608 0.6437 700.0000
2595 2609 0.7332 700.0000
2595 2613 0.8169 700.0000
2596 2598 0.7912 700.0000
2596 2605 0.8152 700.0000
2596 2606 0.6706 700.0000
2596 2607 0.4147 700.0000
2596 2608 0.7194 700.0000
2596 2609 0.7144 700.0000
2597 2599 0.5991 700.0000
2597 2600 0.5970 700.0000
2597 2602 0.8422 700.0000
2597 2603 0.6360 700.0000
2597 2605 0.5982 700.0000
2597 2606 0.5582 700.0000
2597 2607 0.6448 700.0000
2598 2600 0.7261 700.0000
2598 2601 0.8519 700.0000
2598 2602 0.6673 700.0000
2598 2603 0.6077 700.0000
2598 2604 0.6428 700.0000
2598 2605 0.4665 700.0000
2598 2606 0.7316 700.0000
2598 2607 0.8792 700.0000
2599 2601 0.4566 700.0000
2599 2602 0.4113 700.0000
2599 2603 0.5550 700.0000
2599 2604 0.7923 700.0000
2599 2605 0.8288 700.0000
2600 2602 0.6290 700.0000
2600 2603 0.6399 700.0000
2601 2603 0.6116 700.0000
2602 2604 0.6272 700.0000
2602 2605 0.8899 700.0000
2603 2605 0.6565 700.0000
2603 2606 0.6111 700.0000
2604 2606 0.7658 700.0000
2605 2607 0.6814 700.0000
2606 2608 0.7718 700.0000
2607 2609 0.5951 700.0000
2608 2610 0.5377 700.0000
2608 2611 0.6940 700.0000
2608 2613 0.5411 700.0000
2608 2614 0.7502 700.0000
2609 2613 0.8159 700.0000
2610 2612 0.5229 700.0000
2610 2613 0.4352 700.0000
2610 2614 0.6987 700.0000
2611 2613 0.5455 700.0000
2611 2614 0.4768 700.0000
2611 2615 0.8336 700.0000
2612 2614 0.6769 700.0000
2614 2616 0.6467 700.0000
2615 2617 0.5564 700.0000
2616 2618 0.7622 700.0000
2616 2619 0.8548 700.0000
2618 2620 0.6611 700.0000
2619 2621 0.6038 700.0000
2619 2622 0.8878 700.0000
2620 2622 0.6977 700.0000
2621 2623 0.7447 700.0000
2622 2624 0.7822 700.0000
