i j d[nm] fc
118 120 0.6657 2000.0000
119 121 0.6451 2000.0000
120 122 0.6386 2000.0000
121 123 0.7489 2000.0000
121 125 0.7870 2000.0000
122 124 0.5988 2000.0000
122 125 0.6364 2000.0000
122 126 0.8017 2000.0000
123 125 0.5522 2000.0000
123 126 0.5696 2000.0000
123 127 0.7253 2000.0000
124 126 0.5427 2000.0000
124 127 0.5584 2000.0000
124 128 0.7112 2000.0000
125 127 0.5612 2000.0000
125 128 0.5747 2000.0000
125 129 0.7139 2000.0000
126 128 0.5522 2000.0000
126 129 0.5462 2000.0000
126 130 0.6863 2000.0000
127 129 0.5345 2000.0000
127 130 0.5282 2000.0000
127 131 0.6514 2000.0000
127 132 0.8811 2000.0000
128 130 0.5458 2000.0000
128 131 0.5410 2000.0000
128 132 0.6437 2000.0000
129 131 0.5511 2000.0000
129 132 0.5274 2000.0000
129 133 0.6680 2000.0000
130 132 0.5305 2000.0000
130 133 0.5301 2000.0000
130 134 0.6633 2000.0000
130 135 0.8938 2000.0000
131 133 0.5303 2000.0000
131 134 0.5153 2000.0000
131 135 0.6355 2000.0000
131 136 0.8770 2000.0000
132 134 0.5345 2000.0000
132 135 0.5172 2000.0000
132 136 0.6445 2000.0000
132 137 0.8766 2000.0000
133 135 0.5339 2000.0000
133 136 0.5169 2000.0000
133 137 0.6355 2000.0000
133 138 0.8786 2000.0000
134 136 0.5262 2000.0000
134 137 0.4952 2000.0000
134 138 0.6240 2000.0000
134 139 0.8604 2000.0000
135 137 0.5256 2000.0000
135 138 0.5049 2000.0000
135 139 0.6210 2000.0000
135 140 0.8545 2000.0000
136 138 0.5407 2000.0000
136 139 0.5128 2000.0000
136 140 0.6330 2000.0000
136 141 0.8688 2000.0000
137 139 0.5357 2000.0000
137 140 0.5050 2000.0000
137 141 0.6313 2000.0000
137 142 0.8788 2000.0000
138 140 0.5142 2000.0000
138 141 0.4871 2000.0000
138 142 0.6181 2000.0000
138 143 0.8420 2000.0000
139 141 0.5220 2000.0000
139 142 0.5032 2000.0000
139 143 0.6059 2000.0000
139 144 0.8433 2000.0000
140 142 0.5356 2000.0000
140 143 0.4973 2000.0000
140 144 0.6148 2000.0000
140 145 0.8529 2000.0000
141 143 0.5229 2000.0000
141 144 0.4889 2000.0000
141 145 0.6087 2000.0000
141 146 0.8370 2000.0000
142 144 0.5175 2000.0000
142 145 0.4831 2000.0000
142 146 0.5844 2000.0000
142 147 0.8374 2000.0000
143 145 0.5377 2000.0000
143 146 0.4936 2000.0000
143 147 0.6167 2000.0000
143 148 0.8320 2000.0000
144 146 0.5222 2000.0000
144 147 0.4980 2000.0000
144 148 0.5877 2000.0000
144 149 0.8237 2000.0000
145 147 0.5339 2000.0000
145 148 0.4787 2000.0000
145 149 0.5830 2000.0000
145 150 0.8303 2000.0000
146 148 0.5214 2000.0000
146 149 0.4774 2000.0000
146 150 0.5876 2000.0000
146 151 0.8190 2000.0000
147 149 0.5116 2000.0000
147 150 0.4726 2000.0000
147 151 0.5651 2000.0000
147 152 0.7886 2000.0000
148 150 0.5385 2000.0000
148 151 0.4912 2000.0000
148 152 0.5833 2000.0000
148 153 0.8259 2000.0000
149 151 0.5246 2000.0000
149 152 0.4677 2000.0000
149 153 0.5769 2000.0000
149 154 0.8261 2000.0000
150 152 0.5079 2000.0000
150 153 0.4597 2000.0000
150 154 0.5714 2000.0000
150 155 0.7870 2000.0000
150 156 0.8935 2000.0000
151 153 0.5234 2000.0000
151 154 0.4895 2000.0000
151 155 0.5633 2000.0000
151 156 0.8004 2000.0000
152 154 0.5376 2000.0000
152 155 0.4760 2000.0000
152 156 0.5704 2000.0000
152 157 0.8284 2000.0000
153 155 0.5148 2000.0000
153 156 0.4613 2000.0000
153 157 0.5823 2000.0000
153 158 0.8285 2000.0000
154 156 0.5193 2000.0000
154 157 0.4853 2000.0000
154 158 0.6018 2000.0000
154 159 0.8316 2000.0000
155 157 0.5346 2000.0000
155 158 0.4984 2000.0000
155 159 0.6028 2000.0000
155 160 0.8393 2000.0000
156 158 0.5289 2000.0000
156 159 0.4848 2000.0000
156 160 0.5842 2000.0000
156 161 0.8445 2000.0000
157 159 0.5373 2000.0000
157 160 0.5060 2000.0000
157 161 0.6170 2000.0000
158 160 0.5416 2000.0000
158 161 0.5354 2000.0000
158 162 0.7116 2000.0000
159 161 0.5494 2000.0000
159 162 0.5799 2000.0000
159 163 0.7926 2000.0000
160 162 0.5420 2000.0000
160 163 0.6164 2000.0000
160 164 0.7971 2000.0000
161 163 0.5690 2000.0000
161 164 0.6284 2000.0000
162 164 0.5907 2000.0000
162 165 0.8539 2000.0000
163 165 0.6639 2000.0000
164 166 0.7312 2000.0000
165 167 0.7115 2000.0000
166 168 0.7262 2000.0000
167 169 0.7678 2000.0000
168 170 0.6975 2000.0000
168 171 0.8734 2000.0000
169 171 0.6369 2000.0000
169 172 0.8057 2000.0000
170 172 0.5975 2000.0000
170 173 0.8215 2000.0000
171 173 0.6067 2000.0000
171 174 0.7174 2000.0000
172 174 0.6157 2000.0000
172 175 0.7698 2000.0000
173 175 0.5748 2000.0000
173 176 0.6952 2000.0000
173 177 0.8932 2000.0000
174 176 0.5784 2000.0000
174 177 0.6518 2000.0000
174 178 0.8308 2000.0000
175 177 0.5824 2000.0000
175 178 0.6449 2000.0000
175 179 0.8444 2000.0000
176 178 0.5754 2000.0000
176 179 0.6442 2000.0000
176 180 0.7989 2000.0000
177 179 0.5642 2000.0000
177 180 0.5903 2000.0000
177 181 0.7366 2000.0000
178 180 0.5670 2000.0000
178 181 0.5841 2000.0000
178 182 0.7364 2000.0000
179 181 0.5569 2000.0000
179 182 0.5823 2000.0000
179 183 0.7474 2000.0000
180 182 0.5670 2000.0000
180 183 0.5858 2000.0000
180 184 0.7318 2000.0000
181 183 0.5443 2000.0000
181 184 0.5525 2000.0000
181 185 0.6919 2000.0000
182 184 0.5435 2000.0000
182 185 0.5400 2000.0000
182 186 0.6880 2000.0000
183 185 0.5340 2000.0000
183 186 0.5387 2000.0000
183 187 0.6800 2000.0000
184 186 0.5326 2000.0000
184 187 0.5313 2000.0000
184 188 0.6565 2000.0000
185 187 0.5490 2000.0000
185 188 0.5336 2000.0000
185 189 0.6766 2000.0000
186 188 0.5376 2000.0000
186 189 0.5393 2000.0000
186 190 0.7006 2000.0000
187 189 0.5384 2000.0000
187 190 0.5434 2000.0000
187 191 0.6687 2000.0000
187 192 0.8978 2000.0000
188 190 0.5364 2000.0000
188 191 0.5265 2000.0000
188 192 0.6483 2000.0000
188 193 0.8982 2000.0000
189 191 0.5414 2000.0000
189 192 0.5251 2000.0000
189 193 0.6683 2000.0000
190 192 0.5229 2000.0000
190 193 0.5255 2000.0000
190 194 0.6533 2000.0000
190 195 0.8626 2000.0000
191 193 0.5302 2000.0000
191 194 0.5219 2000.0000
191 195 0.6132 2000.0000
191 196 0.8592 2000.0000
192 194 0.5480 2000.0000
192 195 0.5093 2000.0000
192 196 0.6319 2000.0000
192 197 0.8879 2000.0000
193 195 0.5236 2000.0000
193 196 0.5071 2000.0000
193 197 0.6556 2000.0000
193 198 0.8817 2000.0000
194 196 0.5259 2000.0000
194 197 0.5094 2000.0000
194 198 0.6175 2000.0000
194 199 0.8428 2000.0000
195 197 0.5291 2000.0000
195 198 0.5049 2000.0000
195 199 0.6047 2000.0000
196 198 0.5456 2000.0000
196 199 0.5105 2000.0000
197 199 0.5219 2000.0000
299 301 0.5927 2000.0000
299 302 0.7861 2000.0000
299 303 0.6111 2000.0000
299 304 0.6254 2000.0000
299 305 0.8888 2000.0000
300 302 0.5106 2000.0000
300 303 0.4750 2000.0000
300 304 0.7057 2000.0000
300 309 0.8990 2000.0000
300 320 0.8751 2000.0000
301 303 0.5416 2000.0000
301 304 0.7148 2000.0000
301 309 0.7208 2000.0000
301 310 0.8862 2000.0000
302 304 0.6697 2000.0000
302 307 0.8442 2000.0000
302 308 0.5819 2000.0000
302 309 0.4377 2000.0000
302 310 0.5658 2000.0000
302 311 0.8714 2000.0000
303 305 0.7141 2000.0000
303 306 0.6775 2000.0000
303 307 0.5979 2000.0000
303 308 0.4906 2000.0000
303 309 0.5420 2000.0000
303 310 0.7991 2000.0000
303 317 0.8485 2000.0000
303 320 0.7656 2000.0000
303 323 0.7375 2000.0000
304 306 0.5316 2000.0000
304 307 0.5456 2000.0000
304 308 0.6638 2000.0000
304 309 0.6683 2000.0000
305 307 0.5471 2000.0000
305 308 0.8466 2000.0000
305 316 0.8848 2000.0000
305 317 0.8860 2000.0000
306 308 0.6941 2000.0000
306 315 0.8480 2000.0000
306 316 0.5860 2000.0000
306 317 0.5139 2000.0000
306 318 0.5692 2000.0000
306 319 0.6713 2000.0000
306 320 0.7728 2000.0000
306 323 0.8200 2000.0000
307 309 0.6341 2000.0000
307 313 0.8711 2000.0000
307 314 0.5403 2000.0000
307 315 0.5503 2000.0000
307 316 0.4420 2000.0000
307 317 0.5238 2000.0000
307 318 0.7787 2000.0000
307 323 0.7928 2000.0000
308 310 0.5645 2000.0000
308 311 0.8580 2000.0000
308 313 0.6321 2000.0000
308 314 0.4816 2000.0000
308 315 0.5213 2000.0000
308 316 0.6448 2000.0000
308 317 0.6613 2000.0000
308 323 0.6854 2000.0000
308 326 0.8438 2000.0000
308 327 0.8016 2000.0000
309 311 0.5958 2000.0000
309 312 0.7725 2000.0000
309 313 0.6707 2000.0000
309 314 0.5816 2000.0000
309 315 0.8128 2000.0000
310 312 0.6042 2000.0000
310 313 0.5393 2000.0000
310 314 0.6937 2000.0000
310 315 0.8822 2000.0000
310 327 0.8696 2000.0000
310 331 0.8217 2000.0000
310 340 0.8685 2000.0000
311 313 0.5892 2000.0000
311 314 0.7885 2000.0000
311 340 0.7026 2000.0000
311 341 0.8298 2000.0000
311 344 0.7618 2000.0000
312 314 0.6462 2000.0000
312 340 0.8483 2000.0000
313 315 0.5476 2000.0000
313 330 0.8932 2000.0000
313 331 0.8966 2000.0000
314 316 0.6227 2000.0000
314 317 0.8700 2000.0000
315 317 0.6106 2000.0000
315 323 0.8566 2000.0000
315 326 0.8304 2000.0000
316 318 0.6277 2000.0000
316 319 0.8983 2000.0000
316 323 0.8124 2000.0000
317 319 0.5575 2000.0000
317 320 0.6944 2000.0000
317 321 0.8345 2000.0000
317 322 0.5701 2000.0000
317 323 0.5063 2000.0000
317 324 0.8878 2000.0000
317 326 0.7766 2000.0000
318 320 0.7057 2000.0000
318 321 0.8393 2000.0000
318 322 0.6406 2000.0000
318 323 0.7452 2000.0000
319 321 0.5396 2000.0000
319 322 0.5161 2000.0000
319 323 0.6263 2000.0000
319 324 0.8891 2000.0000
320 322 0.5352 2000.0000
320 323 0.4746 2000.0000
320 324 0.6226 2000.0000
320 325 0.8711 2000.0000
321 323 0.5155 2000.0000
321 324 0.5117 2000.0000
321 325 0.6408 2000.0000
321 326 0.8561 2000.0000
322 324 0.5596 2000.0000
322 325 0.5297 2000.0000
322 326 0.6228 2000.0000
322 327 0.8673 2000.0000
323 325 0.5398 2000.0000
323 326 0.4968 2000.0000
323 327 0.6042 2000.0000
323 328 0.8649 2000.0000
324 326 0.5382 2000.0000
324 327 0.4936 2000.0000
324 328 0.6187 2000.0000
324 329 0.8438 2000.0000
325 327 0.5388 2000.0000
325 328 0.5203 2000.0000
325 329 0.5978 2000.0000
325 330 0.8267 2000.0000
326 328 0.5548 2000.0000
326 329 0.5085 2000.0000
326 330 0.5593 2000.0000
326 331 0.7471 2000.0000
327 329 0.5487 2000.0000
327 330 0.5426 2000.0000
327 331 0.5005 2000.0000
327 332 0.7042 2000.0000
328 330 0.5861 2000.0000
328 331 0.5756 2000.0000
328 332 0.5438 2000.0000
328 333 0.8853 2000.0000
329 331 0.5979 2000.0000
329 332 0.6029 2000.0000
330 332 0.5829 2000.0000
330 337 0.8608 2000.0000
331 333 0.6714 2000.0000
331 334 0.7638 2000.0000
331 336 0.8144 2000.0000
331 337 0.5714 2000.0000
332 334 0.5626 2000.0000
332 336 0.8620 2000.0000
332 337 0.6575 2000.0000
332 338 0.8840 2000.0000
333 335 0.7030 2000.0000
333 336 0.8044 2000.0000
333 337 0.6106 2000.0000
333 338 0.6584 2000.0000
334 336 0.5292 2000.0000
334 337 0.5413 2000.0000
334 338 0.6151 2000.0000
334 339 0.8440 2000.0000
335 337 0.5608 2000.0000
335 338 0.5127 2000.0000
335 339 0.5888 2000.0000
335 340 0.8470 2000.0000
336 338 0.5441 2000.0000
336 339 0.5149 2000.0000
336 340 0.6235 2000.0000
336 341 0.8680 2000.0000
337 339 0.5376 2000.0000
337 340 0.4964 2000.0000
337 341 0.6210 2000.0000
337 342 0.8712 2000.0000
338 340 0.5311 2000.0000
338 341 0.5002 2000.0000
338 342 0.6267 2000.0000
338 343 0.8644 2000.0000
339 341 0.5331 2000.0000
339 342 0.5071 2000.0000
339 343 0.6349 2000.0000
339 344 0.8633 2000.0000
340 342 0.5430 2000.0000
340 343 0.5147 2000.0000
340 344 0.6266 2000.0000
340 345 0.8717 2000.0000
341 343 0.5257 2000.0000
341 344 0.4813 2000.0000
341 345 0.6193 2000.0000
341 346 0.8624 2000.0000
342 344 0.5223 2000.0000
342 345 0.4930 2000.0000
342 346 0.6286 2000.0000
342 347 0.8618 2000.0000
343 345 0.5263 2000.0000
343 346 0.5014 2000.0000
343 347 0.6259 2000.0000
343 348 0.8721 2000.0000
344 346 0.5292 2000.0000
344 347 0.5001 2000.0000
344 348 0.6291 2000.0000
344 349 0.8533 2000.0000
345 347 0.5333 2000.0000
345 348 0.5127 2000.0000
345 349 0.6074 2000.0000
345 350 0.8496 2000.0000
346 348 0.5365 2000.0000
346 349 0.4893 2000.0000
346 350 0.5966 2000.0000
346 351 0.8395 2000.0000
347 349 0.5368 2000.0000
347 350 0.5149 2000.0000
347 351 0.6133 2000.0000
347 352 0.8539 2000.0000
348 350 0.5452 2000.0000
348 351 0.5072 2000.0000
348 352 0.6081 2000.0000
348 353 0.8560 2000.0000
349 351 0.5350 2000.0000
349 352 0.4992 2000.0000
349 353 0.6135 2000.0000
349 354 0.8451 2000.0000
350 352 0.5330 2000.0000
350 353 0.5011 2000.0000
350 354 0.6011 2000.0000
350 355 0.8371 2000.0000
351 353 0.5345 2000.0000
351 354 0.4917 2000.0000
351 355 0.5850 2000.0000
351 356 0.8329 2000.0000
352 354 0.5373 2000.0000
352 355 0.4973 2000.0000
352 356 0.5967 2000.0000
352 357 0.8536 2000.0000
353 355 0.5366 2000.0000
353 356 0.5048 2000.0000
353 357 0.6228 2000.0000
353 358 0.8582 2000.0000
354 356 0.5364 2000.0000
354 357 0.5165 2000.0000
354 358 0.6119 2000.0000
354 359 0.8418 2000.0000
355 357 0.5418 2000.0000
355 358 0.5120 2000.0000
355 359 0.5871 2000.0000
355 360 0.8386 2000.0000
356 358 0.5492 2000.0000
356 359 0.5100 2000.0000
356 360 0.6130 2000.0000
356 361 0.8590 2000.0000
357 359 0.5417 2000.0000
357 360 0.5103 2000.0000
357 361 0.6219 2000.0000
357 362 0.8632 2000.0000
358 360 0.5299 2000.0000
358 361 0.4943 2000.0000
358 362 0.6074 2000.0000
358 363 0.8477 2000.0000
359 361 0.5335 2000.0000
359 362 0.4983 2000.0000
359 363 0.6032 2000.0000
359 364 0.8438 2000.0000
360 362 0.5398 2000.0000
360 363 0.5091 2000.0000
360 364 0.6101 2000.0000
360 365 0.8555 2000.0000
361 363 0.5418 2000.0000
361 364 0.4978 2000.0000
361 365 0.6121 2000.0000
361 366 0.8565 2000.0000
362 364 0.5300 2000.0000
362 365 0.4990 2000.0000
362 366 0.6002 2000.0000
362 367 0.8377 2000.0000
363 365 0.5415 2000.0000
363 366 0.5074 2000.0000
363 367 0.5986 2000.0000
363 368 0.8462 2000.0000
363 373 0.8144 2000.0000
364 366 0.5521 2000.0000
364 367 0.5145 2000.0000
364 368 0.6103 2000.0000
364 369 0.8601 2000.0000
365 367 0.5414 2000.0000
365 368 0.5050 2000.0000
365 369 0.6079 2000.0000
365 370 0.8261 2000.0000
365 371 0.8416 2000.0000
366 368 0.5415 2000.0000
366 369 0.5135 2000.0000
366 370 0.5735 2000.0000
366 371 0.5150 2000.0000
366 372 0.7001 2000.0000
366 373 0.6444 2000.0000
367 369 0.5558 2000.0000
367 370 0.4870 2000.0000
367 371 0.6618 2000.0000
367 372 0.7746 2000.0000
367 373 0.8125 2000.0000
368 370 0.5321 2000.0000
368 371 0.7673 2000.0000
369 371 0.5020 2000.0000
369 372 0.8382 2000.0000
370 372 0.5743 2000.0000
370 373 0.8195 2000.0000
371 373 0.5829 2000.0000
371 374 0.8034 2000.0000
372 374 0.5698 2000.0000
372 375 0.8378 2000.0000
373 375 0.5491 2000.0000
451 453 0.5115 2000.0000
451 454 0.4923 2000.0000
451 455 0.5963 2000.0000
451 456 0.7753 2000.0000
452 454 0.5413 2000.0000
452 455 0.5045 2000.0000
452 456 0.5016 2000.0000
452 457 0.8692 2000.0000
452 458 0.8944 2000.0000
452 459 0.7743 2000.0000
452 498 0.8440 2000.0000
453 455 0.5472 2000.0000
453 456 0.4921 2000.0000
453 457 0.8210 2000.0000
454 456 0.5660 2000.0000
454 457 0.7907 2000.0000
454 458 0.8588 2000.0000
455 457 0.5574 2000.0000
455 458 0.5116 2000.0000
455 459 0.6210 2000.0000
455 460 0.8522 2000.0000
456 458 0.5338 2000.0000
456 459 0.5252 2000.0000
456 460 0.6001 2000.0000
456 461 0.8661 2000.0000
456 498 0.6789 2000.0000
456 499 0.7961 2000.0000
457 459 0.5507 2000.0000
457 460 0.4974 2000.0000
457 461 0.6220 2000.0000
457 462 0.8328 2000.0000
457 498 0.8247 2000.0000
457 499 0.8708 2000.0000
458 460 0.5482 2000.0000
458 461 0.5516 2000.0000
458 462 0.5776 2000.0000
458 464 0.8934 2000.0000
458 499 0.8310 2000.0000
458 500 0.8875 2000.0000
459 461 0.5522 2000.0000
459 462 0.5356 2000.0000
459 463 0.7319 2000.0000
459 464 0.7003 2000.0000
459 465 0.8256 2000.0000
459 466 0.7132 2000.0000
459 498 0.6479 2000.0000
459 499 0.4746 2000.0000
459 500 0.6203 2000.0000
459 501 0.7551 2000.0000
460 462 0.6074 2000.0000
460 463 0.8111 2000.0000
460 496 0.8165 2000.0000
460 497 0.6710 2000.0000
460 498 0.5129 2000.0000
460 499 0.4416 2000.0000
460 500 0.4960 2000.0000
460 501 0.7971 2000.0000
461 463 0.6659 2000.0000
461 464 0.8820 2000.0000
461 498 0.8782 2000.0000
461 499 0.7052 2000.0000
461 500 0.5343 2000.0000
461 501 0.8305 2000.0000
462 464 0.5446 2000.0000
462 465 0.8624 2000.0000
462 499 0.7481 2000.0000
462 500 0.5601 2000.0000
462 501 0.6819 2000.0000
463 465 0.6593 2000.0000
463 466 0.8893 2000.0000
463 499 0.7462 2000.0000
463 500 0.4956 2000.0000
463 501 0.4167 2000.0000
463 502 0.7849 2000.0000
463 503 0.8473 2000.0000
463 504 0.8632 2000.0000
464 466 0.6026 2000.0000
464 467 0.8631 2000.0000
464 499 0.8105 2000.0000
464 500 0.7345 2000.0000
464 501 0.5465 2000.0000
465 467 0.6137 2000.0000
465 468 0.8140 2000.0000
465 499 0.8155 2000.0000
465 500 0.8621 2000.0000
465 501 0.5758 2000.0000
465 502 0.8182 2000.0000
466 468 0.5221 2000.0000
466 469 0.7946 2000.0000
466 473 0.8957 2000.0000
466 499 0.7578 2000.0000
466 501 0.7666 2000.0000
467 469 0.6829 2000.0000
467 549 0.7977 2000.0000
467 551 0.7677 2000.0000
468 470 0.6425 2000.0000
468 471 0.8086 2000.0000
468 472 0.6169 2000.0000
468 473 0.6388 2000.0000
468 549 0.7925 2000.0000
469 471 0.5289 2000.0000
469 472 0.5117 2000.0000
469 473 0.6224 2000.0000
469 474 0.8526 2000.0000
469 547 0.7942 2000.0000
469 549 0.8433 2000.0000
470 472 0.5301 2000.0000
470 473 0.4837 2000.0000
470 474 0.5788 2000.0000
470 475 0.8181 2000.0000
470 509 0.8719 2000.0000
470 512 0.7348 2000.0000
470 513 0.6519 2000.0000
470 516 0.6991 2000.0000
471 473 0.5433 2000.0000
471 474 0.5117 2000.0000
471 475 0.5994 2000.0000
471 476 0.8461 2000.0000
471 513 0.7894 2000.0000
471 516 0.6206 2000.0000
471 517 0.7726 2000.0000
471 520 0.7940 2000.0000
471 523 0.8880 2000.0000
471 541 0.8968 2000.0000
472 474 0.5472 2000.0000
472 475 0.5034 2000.0000
472 476 0.6103 2000.0000
472 477 0.8677 2000.0000
473 475 0.5299 2000.0000
473 476 0.4921 2000.0000
473 477 0.6129 2000.0000
473 478 0.8633 2000.0000
473 495 0.7822 2000.0000
474 476 0.5297 2000.0000
474 477 0.5083 2000.0000
474 478 0.6297 2000.0000
474 479 0.8552 2000.0000
474 491 0.6985 2000.0000
474 494 0.8905 2000.0000
474 495 0.8279 2000.0000
474 513 0.7385 2000.0000
474 516 0.8365 2000.0000
474 517 0.7948 2000.0000
474 523 0.8813 2000.0000
474 536 0.8835 2000.0000
475 477 0.5494 2000.0000
475 478 0.5274 2000.0000
475 479 0.6070 2000.0000
475 480 0.8481 2000.0000
475 522 0.8862 2000.0000
475 523 0.8055 2000.0000
475 535 0.8324 2000.0000
475 536 0.6407 2000.0000
475 538 0.8908 2000.0000
475 541 0.8644 2000.0000
476 478 0.5425 2000.0000
476 479 0.5127 2000.0000
476 480 0.5959 2000.0000
476 481 0.8634 2000.0000
477 479 0.5641 2000.0000
477 480 0.5316 2000.0000
477 481 0.6580 2000.0000
477 484 0.8493 2000.0000
477 485 0.8863 2000.0000
477 486 0.7829 2000.0000
477 490 0.8591 2000.0000
477 491 0.6247 2000.0000
477 494 0.6193 2000.0000
477 495 0.7662 2000.0000
478 480 0.5381 2000.0000
478 481 0.5346 2000.0000
478 482 0.8516 2000.0000
478 483 0.8265 2000.0000
478 484 0.5118 2000.0000
478 485 0.5467 2000.0000
478 486 0.5767 2000.0000
478 491 0.7370 2000.0000
478 534 0.7456 2000.0000
478 535 0.6514 2000.0000
478 536 0.6984 2000.0000
479 481 0.5393 2000.0000
479 482 0.7615 2000.0000
479 483 0.8187 2000.0000
479 484 0.4847 2000.0000
479 485 0.7430 2000.0000
479 486 0.8984 2000.0000
479 535 0.8293 2000.0000
479 536 0.7580 2000.0000
480 482 0.6361 2000.0000
480 483 0.8524 2000.0000
480 484 0.6590 2000.0000
480 485 0.8930 2000.0000
481 483 0.5545 2000.0000
481 484 0.4897 2000.0000
481 485 0.6478 2000.0000
481 486 0.7027 2000.0000
482 484 0.5482 2000.0000
482 485 0.7714 2000.0000
483 485 0.5131 2000.0000
483 486 0.7760 2000.0000
484 486 0.6865 2000.0000
484 534 0.8476 2000.0000
484 535 0.6363 2000.0000
484 536 0.7652 2000.0000
485 487 0.7045 2000.0000
485 526 0.8621 2000.0000
485 533 0.5825 2000.0000
485 534 0.5345 2000.0000
485 535 0.4771 2000.0000
485 536 0.7728 2000.0000
486 488 0.6424 2000.0000
486 489 0.7781 2000.0000
486 490 0.5581 2000.0000
486 491 0.6178 2000.0000
486 532 0.8663 2000.0000
486 533 0.5209 2000.0000
486 534 0.5257 2000.0000
486 535 0.6903 2000.0000
487 489 0.5226 2000.0000
487 490 0.5009 2000.0000
487 491 0.6351 2000.0000
487 492 0.8739 2000.0000
487 531 0.7604 2000.0000
487 532 0.6375 2000.0000
487 533 0.4469 2000.0000
487 534 0.5884 2000.0000
488 490 0.5450 2000.0000
488 491 0.5103 2000.0000
488 492 0.6404 2000.0000
488 493 0.8760 2000.0000
488 513 0.8613 2000.0000
488 514 0.7755 2000.0000
488 517 0.8982 2000.0000
488 532 0.8166 2000.0000
488 533 0.7042 2000.0000
488 534 0.7021 2000.0000
489 491 0.5306 2000.0000
489 492 0.5053 2000.0000
489 493 0.6268 2000.0000
489 494 0.8666 2000.0000
490 492 0.5369 2000.0000
490 493 0.4965 2000.0000
490 494 0.6182 2000.0000
490 495 0.8754 2000.0000
491 493 0.5357 2000.0000
491 494 0.5035 2000.0000
491 495 0.6334 2000.0000
491 496 0.8748 2000.0000
491 513 0.8468 2000.0000
491 534 0.8805 2000.0000
492 494 0.5377 2000.0000
492 495 0.5163 2000.0000
492 496 0.6296 2000.0000
492 497 0.8398 2000.0000
492 502 0.8813 2000.0000
492 506 0.8939 2000.0000
492 510 0.6921 2000.0000
492 513 0.8187 2000.0000
493 495 0.5521 2000.0000
493 496 0.5235 2000.0000
493 497 0.5825 2000.0000
493 498 0.8321 2000.0000
494 496 0.5525 2000.0000
494 497 0.4962 2000.0000
494 498 0.5746 2000.0000
494 499 0.8219 2000.0000
495 497 0.5490 2000.0000
495 498 0.5260 2000.0000
495 499 0.5777 2000.0000
495 500 0.8394 2000.0000
495 501 0.8621 2000.0000
495 502 0.6165 2000.0000
495 503 0.8104 2000.0000
496 498 0.5577 2000.0000
496 499 0.5434 2000.0000
496 500 0.6336 2000.0000
496 501 0.7598 2000.0000
496 502 0.5179 2000.0000
496 503 0.5214 2000.0000
496 504 0.8594 2000.0000
496 506 0.8943 2000.0000
497 499 0.5839 2000.0000
497 500 0.7361 2000.0000
497 502 0.8441 2000.0000
497 503 0.8194 2000.0000
498 500 0.6984 2000.0000
498 501 0.8908 2000.0000
498 502 0.8480 2000.0000
499 501 0.5186 2000.0000
499 502 0.5745 2000.0000
499 503 0.7365 2000.0000
500 502 0.5398 2000.0000
500 503 0.5366 2000.0000
500 504 0.7609 2000.0000
501 503 0.5614 2000.0000
501 504 0.6242 2000.0000
501 505 0.8579 2000.0000
502 504 0.5104 2000.0000
502 505 0.6816 2000.0000
502 506 0.6413 2000.0000
502 509 0.6883 2000.0000
502 510 0.8773 2000.0000
503 505 0.6886 2000.0000
503 506 0.6538 2000.0000
504 506 0.5462 2000.0000
504 507 0.8608 2000.0000
504 509 0.8701 2000.0000
505 507 0.5482 2000.0000
505 508 0.5609 2000.0000
505 509 0.6614 2000.0000
505 510 0.8556 2000.0000
506 508 0.5358 2000.0000
506 509 0.5285 2000.0000
506 510 0.5564 2000.0000
506 511 0.8015 2000.0000
507 509 0.5819 2000.0000
507 510 0.5406 2000.0000
507 511 0.6043 2000.0000
507 512 0.8616 2000.0000
508 510 0.5605 2000.0000
508 511 0.5332 2000.0000
508 512 0.6282 2000.0000
508 513 0.8772 2000.0000
509 511 0.5341 2000.0000
509 512 0.4843 2000.0000
509 513 0.6196 2000.0000
509 514 0.8738 2000.0000
510 512 0.5320 2000.0000
510 513 0.4968 2000.0000
510 514 0.6239 2000.0000
510 515 0.8516 2000.0000
511 513 0.5293 2000.0000
511 514 0.5127 2000.0000
511 515 0.6090 2000.0000
511 516 0.8541 2000.0000
512 514 0.5598 2000.0000
512 515 0.5108 2000.0000
512 516 0.6083 2000.0000
512 517 0.8515 2000.0000
513 515 0.5350 2000.0000
513 516 0.5143 2000.0000
513 517 0.6068 2000.0000
513 518 0.8649 2000.0000
514 516 0.5554 2000.0000
514 517 0.5088 2000.0000
514 518 0.6312 2000.0000
514 519 0.8540 2000.0000
515 517 0.5380 2000.0000
515 518 0.5188 2000.0000
515 519 0.5805 2000.0000
515 520 0.8409 2000.0000
516 518 0.5413 2000.0000
516 519 0.4945 2000.0000
516 520 0.5820 2000.0000
516 523 0.8247 2000.0000
517 519 0.5750 2000.0000
517 520 0.5946 2000.0000
517 521 0.8082 2000.0000
517 522 0.8281 2000.0000
517 523 0.5589 2000.0000
517 524 0.7846 2000.0000
517 525 0.8411 2000.0000
517 534 0.8001 2000.0000
518 520 0.5839 2000.0000
518 521 0.7465 2000.0000
518 523 0.7250 2000.0000
518 524 0.8380 2000.0000
518 525 0.8680 2000.0000
519 521 0.6488 2000.0000
519 522 0.8794 2000.0000
519 523 0.8283 2000.0000
520 522 0.5280 2000.0000
520 523 0.5883 2000.0000
520 524 0.8640 2000.0000
520 540 0.8898 2000.0000
520 541 0.8260 2000.0000
520 544 0.8915 2000.0000
521 523 0.5342 2000.0000
521 524 0.6798 2000.0000
521 536 0.8860 2000.0000
521 537 0.8035 2000.0000
521 540 0.6796 2000.0000
521 541 0.7785 2000.0000
522 524 0.6344 2000.0000
522 535 0.8231 2000.0000
522 536 0.5580 2000.0000
522 537 0.4890 2000.0000
522 538 0.6867 2000.0000
522 539 0.7745 2000.0000
522 540 0.4870 2000.0000
522 541 0.4888 2000.0000
522 542 0.8523 2000.0000
522 543 0.8881 2000.0000
522 544 0.8369 2000.0000
523 525 0.6703 2000.0000
523 534 0.6465 2000.0000
523 535 0.5699 2000.0000
523 536 0.4780 2000.0000
523 537 0.6359 2000.0000
523 540 0.8557 2000.0000
523 541 0.8118 2000.0000
524 526 0.6177 2000.0000
524 533 0.8217 2000.0000
524 534 0.5682 2000.0000
524 535 0.5210 2000.0000
524 536 0.6159 2000.0000
524 537 0.7100 2000.0000
525 527 0.6364 2000.0000
525 532 0.6322 2000.0000
525 533 0.5585 2000.0000
525 534 0.4622 2000.0000
525 535 0.6398 2000.0000
525 536 0.8939 2000.0000
526 528 0.6083 2000.0000
526 531 0.8530 2000.0000
526 532 0.5615 2000.0000
526 533 0.5143 2000.0000
526 534 0.6060 2000.0000
526 535 0.7057 2000.0000
527 529 0.6964 2000.0000
527 530 0.8163 2000.0000
527 531 0.6007 2000.0000
527 532 0.4203 2000.0000
527 533 0.6168 2000.0000
527 534 0.8607 2000.0000
528 530 0.5495 2000.0000
528 531 0.5212 2000.0000
528 532 0.5647 2000.0000
528 533 0.6868 2000.0000
529 531 0.5614 2000.0000
529 532 0.8066 2000.0000
530 532 0.7210 2000.0000
530 533 0.8820 2000.0000
531 533 0.6464 2000.0000
532 534 0.6936 2000.0000
533 535 0.6551 2000.0000
534 536 0.6976 2000.0000
535 537 0.6783 2000.0000
536 538 0.5856 2000.0000
536 539 0.8822 2000.0000
536 540 0.8271 2000.0000
536 541 0.7479 2000.0000
537 539 0.5486 2000.0000
537 540 0.5331 2000.0000
537 541 0.6106 2000.0000
537 542 0.8591 2000.0000
538 540 0.5410 2000.0000
538 541 0.4866 2000.0000
538 542 0.5887 2000.0000
538 543 0.8451 2000.0000
539 541 0.5468 2000.0000
539 542 0.5272 2000.0000
539 543 0.6345 2000.0000
539 544 0.8933 2000.0000
540 542 0.5501 2000.0000
540 543 0.5128 2000.0000
540 544 0.6654 2000.0000
541 543 0.5345 2000.0000
541 544 0.5278 2000.0000
541 545 0.8741 2000.0000
542 544 0.5270 2000.0000
542 545 0.7692 2000.0000
542 546 0.7990 2000.0000
543 545 0.6348 2000.0000
543 546 0.8434 2000.0000
544 546 0.6198 2000.0000
544 547 0.7875 2000.0000
545 547 0.5588 2000.0000
545 548 0.8154 2000.0000
546 548 0.5810 2000.0000
546 549 0.7794 2000.0000
547 549 0.5896 2000.0000
547 550 0.7601 2000.0000
548 550 0.4722 2000.0000
548 551 0.7568 2000.0000
549 551 0.4767 2000.0000
805 807 0.5613 2000.0000
805 808 0.6372 2000.0000
805 809 0.6706 2000.0000
806 808 0.6145 2000.0000
806 809 0.6558 2000.0000
806 810 0.7843 2000.0000
806 811 0.8577 2000.0000
807 809 0.6364 2000.0000
807 810 0.7786 2000.0000
808 810 0.6179 2000.0000
809 811 0.6445 2000.0000
809 812 0.8025 2000.0000
809 813 0.6319 2000.0000
809 814 0.7378 2000.0000
810 812 0.5591 2000.0000
810 813 0.5834 2000.0000
810 814 0.7512 2000.0000
811 813 0.5395 2000.0000
811 814 0.5645 2000.0000
811 815 0.7009 2000.0000
812 814 0.5643 2000.0000
812 815 0.5654 2000.0000
812 816 0.6780 2000.0000
813 815 0.5512 2000.0000
813 816 0.5264 2000.0000
813 817 0.6502 2000.0000
814 816 0.5277 2000.0000
814 817 0.5041 2000.0000
814 818 0.6406 2000.0000
814 819 0.8703 2000.0000
815 817 0.5357 2000.0000
815 818 0.5299 2000.0000
815 819 0.6307 2000.0000
815 820 0.8719 2000.0000
816 818 0.5476 2000.0000
816 819 0.5138 2000.0000
816 820 0.6249 2000.0000
816 821 0.8607 2000.0000
817 819 0.5307 2000.0000
817 820 0.5014 2000.0000
817 821 0.6068 2000.0000
817 822 0.8486 2000.0000
818 820 0.5331 2000.0000
818 821 0.5014 2000.0000
818 822 0.6104 2000.0000
818 823 0.8438 2000.0000
819 821 0.5453 2000.0000
819 822 0.5190 2000.0000
819 823 0.6223 2000.0000
819 824 0.8655 2000.0000
820 822 0.5329 2000.0000
820 823 0.4863 2000.0000
820 824 0.5977 2000.0000
820 825 0.8353 2000.0000
821 823 0.5125 2000.0000
821 824 0.4876 2000.0000
821 825 0.5892 2000.0000
821 826 0.8419 2000.0000
822 824 0.5442 2000.0000
822 825 0.5070 2000.0000
822 826 0.6258 2000.0000
822 827 0.8731 2000.0000
823 825 0.5342 2000.0000
823 826 0.5145 2000.0000
823 827 0.6332 2000.0000
823 828 0.8631 2000.0000
824 826 0.5314 2000.0000
824 827 0.5084 2000.0000
824 828 0.6129 2000.0000
824 829 0.8598 2000.0000
825 827 0.5459 2000.0000
825 828 0.5145 2000.0000
825 829 0.6248 2000.0000
825 830 0.8743 2000.0000
826 828 0.5345 2000.0000
826 829 0.5171 2000.0000
826 830 0.6308 2000.0000
826 831 0.8734 2000.0000
827 829 0.5442 2000.0000
827 830 0.5055 2000.0000
827 831 0.6185 2000.0000
827 832 0.8437 2000.0000
828 830 0.5291 2000.0000
828 831 0.5130 2000.0000
828 832 0.5972 2000.0000
828 833 0.8478 2000.0000
829 831 0.5640 2000.0000
829 832 0.5073 2000.0000
829 833 0.6209 2000.0000
829 834 0.8729 2000.0000
830 832 0.5326 2000.0000
830 833 0.5108 2000.0000
830 834 0.6275 2000.0000
830 835 0.8690 2000.0000
831 833 0.5372 2000.0000
831 834 0.4976 2000.0000
831 835 0.6255 2000.0000
831 836 0.8562 2000.0000
832 834 0.5314 2000.0000
832 835 0.5115 2000.0000
832 836 0.6114 2000.0000
832 837 0.8493 2000.0000
833 835 0.5354 2000.0000
833 836 0.5017 2000.0000
833 837 0.6082 2000.0000
833 838 0.8493 2000.0000
834 836 0.5376 2000.0000
834 837 0.5076 2000.0000
834 838 0.6214 2000.0000
834 839 0.8575 2000.0000
835 837 0.5167 2000.0000
835 838 0.4868 2000.0000
835 839 0.6010 2000.0000
835 840 0.8249 2000.0000
836 838 0.5182 2000.0000
836 839 0.4862 2000.0000
836 840 0.5781 2000.0000
836 841 0.8390 2000.0000
837 839 0.5309 2000.0000
837 840 0.4924 2000.0000
837 841 0.6247 2000.0000
837 842 0.8595 2000.0000
838 840 0.5279 2000.0000
838 841 0.5077 2000.0000
838 842 0.6198 2000.0000
838 843 0.8422 2000.0000
839 841 0.5159 2000.0000
839 842 0.4910 2000.0000
839 843 0.5836 2000.0000
839 844 0.8425 2000.0000
840 842 0.5528 2000.0000
840 843 0.5119 2000.0000
840 844 0.6379 2000.0000
841 843 0.5211 2000.0000
841 844 0.5154 2000.0000
841 845 0.6646 2000.0000
841 846 0.8975 2000.0000
842 844 0.5360 2000.0000
842 845 0.5303 2000.0000
842 846 0.6619 2000.0000
842 847 0.8825 2000.0000
843 845 0.5323 2000.0000
843 846 0.5317 2000.0000
843 847 0.6293 2000.0000
844 846 0.5426 2000.0000
844 847 0.5284 2000.0000
844 848 0.6985 2000.0000
845 847 0.5396 2000.0000
845 848 0.5789 2000.0000
845 849 0.8319 2000.0000
846 848 0.5295 2000.0000
846 849 0.6432 2000.0000
846 850 0.8791 2000.0000
847 849 0.5420 2000.0000
847 850 0.6686 2000.0000
848 850 0.6095 2000.0000
848 851 0.8242 2000.0000
849 851 0.6356 2000.0000
850 852 0.6000 2000.0000
851 853 0.6151 2000.0000
851 854 0.8432 2000.0000
852 854 0.5452 2000.0000
853 855 0.6395 2000.0000
853 856 0.8363 2000.0000
854 856 0.6706 2000.0000
854 857 0.8943 2000.0000
855 857 0.5625 2000.0000
855 858 0.8998 2000.0000
856 858 0.6916 2000.0000
856 859 0.7899 2000.0000
857 859 0.6240 2000.0000
857 860 0.8134 2000.0000
858 860 0.5269 2000.0000
858 861 0.7306 2000.0000
859 861 0.6104 2000.0000
859 862 0.6688 2000.0000
859 863 0.8201 2000.0000
860 862 0.6129 2000.0000
860 863 0.6680 2000.0000
860 864 0.8110 2000.0000
861 863 0.5419 2000.0000
861 864 0.5709 2000.0000
861 865 0.6826 2000.0000
862 864 0.5573 2000.0000
862 865 0.5471 2000.0000
862 866 0.6879 2000.0000
863 865 0.5560 2000.0000
863 866 0.5698 2000.0000
863 867 0.7209 2000.0000
864 866 0.5424 2000.0000
864 867 0.5355 2000.0000
864 868 0.6711 2000.0000
865 867 0.5426 2000.0000
865 868 0.5435 2000.0000
865 869 0.6570 2000.0000
866 868 0.5619 2000.0000
866 869 0.5383 2000.0000
866 870 0.6695 2000.0000
867 869 0.5373 2000.0000
867 870 0.5275 2000.0000
867 871 0.6578 2000.0000
867 872 0.8715 2000.0000
868 870 0.5342 2000.0000
868 871 0.5154 2000.0000
868 872 0.6139 2000.0000
868 873 0.8600 2000.0000
869 871 0.5418 2000.0000
869 872 0.4950 2000.0000
869 873 0.6150 2000.0000
869 874 0.8727 2000.0000
870 872 0.5276 2000.0000
870 873 0.5042 2000.0000
870 874 0.6499 2000.0000
870 875 0.8734 2000.0000
871 873 0.5291 2000.0000
871 874 0.5134 2000.0000
871 875 0.6225 2000.0000
871 876 0.8445 2000.0000
872 874 0.5295 2000.0000
872 875 0.4988 2000.0000
872 876 0.5913 2000.0000
872 877 0.8348 2000.0000
873 875 0.5373 2000.0000
873 876 0.4919 2000.0000
873 877 0.6035 2000.0000
873 878 0.8550 2000.0000
874 876 0.5214 2000.0000
874 877 0.4904 2000.0000
874 878 0.6164 2000.0000
874 879 0.8397 2000.0000
875 877 0.5230 2000.0000
875 878 0.4951 2000.0000
875 879 0.5860 2000.0000
875 880 0.8124 2000.0000
876 878 0.5305 2000.0000
876 879 0.4910 2000.0000
876 880 0.5720 2000.0000
876 881 0.8184 2000.0000
877 879 0.5443 2000.0000
877 880 0.4957 2000.0000
877 881 0.6074 2000.0000
877 882 0.8464 2000.0000
878 880 0.5181 2000.0000
878 881 0.4799 2000.0000
878 882 0.5971 2000.0000
878 883 0.8186 2000.0000
879 881 0.5131 2000.0000
879 882 0.4628 2000.0000
879 883 0.5562 2000.0000
879 884 0.7961 2000.0000
880 882 0.5190 2000.0000
880 883 0.4670 2000.0000
880 884 0.5644 2000.0000
880 885 0.8109 2000.0000
881 883 0.5319 2000.0000
881 884 0.4869 2000.0000
881 885 0.6086 2000.0000
881 886 0.8314 2000.0000
882 884 0.5243 2000.0000
882 885 0.4764 2000.0000
882 886 0.5856 2000.0000
882 887 0.8306 2000.0000
883 885 0.5076 2000.0000
883 886 0.4600 2000.0000
883 887 0.5738 2000.0000
884 886 0.5222 2000.0000
884 887 0.4932 2000.0000
884 888 0.7314 2000.0000
884 889 0.7350 2000.0000
884 890 0.8654 2000.0000
885 887 0.5358 2000.0000
885 888 0.6110 2000.0000
885 889 0.6837 2000.0000
885 890 0.6735 2000.0000
886 888 0.5572 2000.0000
886 889 0.7901 2000.0000
886 890 0.8786 2000.0000
887 889 0.6099 2000.0000
887 890 0.8577 2000.0000
888 890 0.5669 2000.0000
888 891 0.5799 2000.0000
888 892 0.8359 2000.0000
889 891 0.5411 2000.0000
889 892 0.8694 2000.0000
890 892 0.6018 2000.0000
891 893 0.5609 2000.0000
891 894 0.7740 2000.0000
892 894 0.5855 2000.0000
892 895 0.8933 2000.0000
893 895 0.5797 2000.0000
893 896 0.8972 2000.0000
894 896 0.5708 2000.0000
894 897 0.8308 2000.0000
895 897 0.7324 2000.0000
896 898 0.7603 2000.0000
897 899 0.6526 2000.0000
898 900 0.6885 2000.0000
898 901 0.8839 2000.0000
899 901 0.6563 2000.0000
899 902 0.8707 2000.0000
900 902 0.5193 2000.0000
900 903 0.8840 2000.0000
901 903 0.6626 2000.0000
901 904 0.8658 2000.0000
902 904 0.5856 2000.0000
903 905 0.6162 2000.0000
904 906 0.6807 2000.0000
904 907 0.8727 2000.0000
905 907 0.5463 2000.0000
906 908 0.7000 2000.0000
907 909 0.5958 2000.0000
908 910 0.6545 2000.0000
909 911 0.6004 2000.0000
909 912 0.8900 2000.0000
910 912 0.5655 2000.0000
911 913 0.7293 2000.0000
911 914 0.8658 2000.0000
912 914 0.6386 2000.0000
913 915 0.5977 2000.0000
914 916 0.7079 2000.0000
915 917 0.7109 2000.0000
916 918 0.6534 2000.0000
917 919 0.6129 2000.0000
917 920 0.7777 2000.0000
918 920 0.6318 2000.0000
919 921 0.6169 2000.0000
920 922 0.6633 2000.0000
921 923 0.6976 2000.0000
922 924 0.7209 2000.0000
923 925 0.7415 2000.0000
924 926 0.7269 2000.0000
925 927 0.7025 2000.0000
926 928 0.7130 2000.0000
927 929 0.7283 2000.0000
928 930 0.7225 2000.0000
929 931 0.7301 2000.0000
930 932 0.7059 2000.0000
931 933 0.6817 2000.0000
932 934 0.7071 2000.0000
933 935 0.7077 2000.0000
934 936 0.7218 2000.0000
935 937 0.7078 2000.0000
936 938 0.5855 2000.0000
937 939 0.6498 2000.0000
938 940 0.7008 2000.0000
939 941 0.7365 2000.0000
940 942 0.7225 2000.0000
941 943 0.7498 2000.0000
942 944 0.7186 2000.0000
943 945 0.7159 2000.0000
944 946 0.7344 2000.0000
945 947 0.7147 2000.0000
946 948 0.7028 2000.0000
947 949 0.7210 2000.0000
948 950 0.7109 2000.0000
949 951 0.7259 2000.0000
950 952 0.7295 2000.0000
951 953 0.7558 2000.0000
952 954 0.7528 2000.0000
953 955 0.7466 2000.0000
954 956 0.7365 2000.0000
955 957 0.7408 2000.0000
956 958 0.7579 2000.0000
957 959 0.6735 2000.0000
958 960 0.6513 2000.0000
959 961 0.6785 2000.0000
960 962 0.6807 2000.0000
961 963 0.7796 2000.0000
962 964 0.7243 2000.0000
963 965 0.6958 2000.0000
964 966 0.6451 2000.0000
965 967 0.6594 2000.0000
966 968 0.6593 2000.0000
967 969 0.6410 2000.0000
968 970 0.6752 2000.0000
969 971 0.5558 2000.0000
969 972 0.8766 2000.0000
970 972 0.6023 2000.0000
970 973 0.8294 2000.0000
971 973 0.5463 2000.0000
971 974 0.8855 2000.0000
972 974 0.5925 2000.0000
972 975 0.8327 2000.0000
973 975 0.6143 2000.0000
973 976 0.8597 2000.0000
974 976 0.5690 2000.0000
974 977 0.8675 2000.0000
975 977 0.6147 2000.0000
975 978 0.8427 2000.0000
976 978 0.5999 2000.0000
976 979 0.8538 2000.0000
977 979 0.5871 2000.0000
977 980 0.8379 2000.0000
978 980 0.6048 2000.0000
978 981 0.8079 2000.0000
979 981 0.5336 2000.0000
979 982 0.8191 2000.0000
980 982 0.5325 2000.0000
980 983 0.7807 2000.0000
981 983 0.5412 2000.0000
981 984 0.7872 2000.0000
982 984 0.5289 2000.0000
982 985 0.7707 2000.0000
983 985 0.5319 2000.0000
983 986 0.6638 2000.0000
984 986 0.5298 2000.0000
1006 1008 0.7057 2000.0000
1006 1009 0.8366 2000.0000
1006 1010 0.6527 2000.0000
1006 1011 0.7488 2000.0000
1007 1009 0.5365 2000.0000
1007 1010 0.5270 2000.0000
1007 1011 0.6250 2000.0000
1007 1012 0.8851 2000.0000
1008 1010 0.5354 2000.0000
1008 1011 0.4699 2000.0000
1008 1012 0.6109 2000.0000
1008 1013 0.8629 2000.0000
1009 1011 0.5134 2000.0000
1009 1012 0.5177 2000.0000
1009 1013 0.6429 2000.0000
1009 1014 0.8480 2000.0000
1010 1012 0.5582 2000.0000
1010 1013 0.5252 2000.0000
1010 1014 0.6086 2000.0000
1010 1015 0.8625 2000.0000
1011 1013 0.5379 2000.0000
1011 1014 0.4885 2000.0000
1011 1015 0.6030 2000.0000
1011 1016 0.8563 2000.0000
1012 1014 0.5298 2000.0000
1012 1015 0.4944 2000.0000
1012 1016 0.6160 2000.0000
1012 1017 0.8501 2000.0000
1013 1015 0.5400 2000.0000
1013 1016 0.5154 2000.0000
1013 1017 0.6003 2000.0000
1013 1018 0.8304 2000.0000
1014 1016 0.5495 2000.0000
1014 1017 0.5153 2000.0000
1014 1018 0.5670 2000.0000
1014 1019 0.7390 2000.0000
1015 1017 0.5519 2000.0000
1015 1018 0.5475 2000.0000
1015 1019 0.4948 2000.0000
1015 1020 0.6905 2000.0000
1016 1018 0.5950 2000.0000
1016 1019 0.5760 2000.0000
1016 1020 0.5405 2000.0000
1016 1021 0.8802 2000.0000
1017 1019 0.5909 2000.0000
1017 1020 0.5954 2000.0000
1018 1020 0.5783 2000.0000
1018 1025 0.8741 2000.0000
1019 1021 0.6722 2000.0000
1019 1022 0.7579 2000.0000
1019 1024 0.8235 2000.0000
1019 1025 0.5855 2000.0000
1020 1022 0.5627 2000.0000
1020 1024 0.8699 2000.0000
1020 1025 0.6599 2000.0000
1020 1026 0.8902 2000.0000
1021 1023 0.7037 2000.0000
1021 1024 0.8067 2000.0000
1021 1025 0.6032 2000.0000
1021 1026 0.6567 2000.0000
1022 1024 0.5273 2000.0000
1022 1025 0.5248 2000.0000
1022 1026 0.6074 2000.0000
1022 1027 0.8377 2000.0000
1023 1025 0.5550 2000.0000
1023 1026 0.5115 2000.0000
1023 1027 0.5909 2000.0000
1023 1028 0.8532 2000.0000
1024 1026 0.5410 2000.0000
1024 1027 0.5074 2000.0000
1024 1028 0.6235 2000.0000
1024 1029 0.8655 2000.0000
1025 1027 0.5335 2000.0000
1025 1028 0.4980 2000.0000
1025 1029 0.6226 2000.0000
1025 1030 0.8689 2000.0000
1026 1028 0.5326 2000.0000
1026 1029 0.5002 2000.0000
1026 1030 0.6231 2000.0000
1026 1031 0.8673 2000.0000
1027 1029 0.5355 2000.0000
1027 1030 0.5077 2000.0000
1027 1031 0.6360 2000.0000
1027 1032 0.8684 2000.0000
1028 1030 0.5445 2000.0000
1028 1031 0.5172 2000.0000
1028 1032 0.6252 2000.0000
1028 1033 0.8641 2000.0000
1029 1031 0.5341 2000.0000
1029 1032 0.4929 2000.0000
1029 1033 0.6160 2000.0000
1029 1034 0.8602 2000.0000
1030 1032 0.5339 2000.0000
1030 1033 0.4912 2000.0000
1030 1034 0.6278 2000.0000
1030 1035 0.8682 2000.0000
1031 1033 0.5254 2000.0000
1031 1034 0.4956 2000.0000
1031 1035 0.6272 2000.0000
1031 1036 0.8735 2000.0000
1032 1034 0.5251 2000.0000
1032 1035 0.4951 2000.0000
1032 1036 0.6304 2000.0000
1032 1037 0.8601 2000.0000
1033 1035 0.5356 2000.0000
1033 1036 0.5153 2000.0000
1033 1037 0.6194 2000.0000
1033 1038 0.8555 2000.0000
1034 1036 0.5347 2000.0000
1034 1037 0.4986 2000.0000
1034 1038 0.6030 2000.0000
1034 1039 0.8395 2000.0000
1035 1037 0.5403 2000.0000
1035 1038 0.5147 2000.0000
1035 1039 0.6062 2000.0000
1035 1040 0.8464 2000.0000
1036 1038 0.5420 2000.0000
1036 1039 0.5034 2000.0000
1036 1040 0.6009 2000.0000
1036 1041 0.8569 2000.0000
1037 1039 0.5321 2000.0000
1037 1040 0.4921 2000.0000
1037 1041 0.6154 2000.0000
1037 1042 0.8480 2000.0000
1038 1040 0.5267 2000.0000
1038 1041 0.5033 2000.0000
1038 1042 0.6073 2000.0000
1038 1043 0.8340 2000.0000
1039 1041 0.5377 2000.0000
1039 1042 0.4971 2000.0000
1039 1043 0.5819 2000.0000
1039 1044 0.8364 2000.0000
1040 1042 0.5379 2000.0000
1040 1043 0.4957 2000.0000
1040 1044 0.6044 2000.0000
1040 1045 0.8628 2000.0000
1041 1043 0.5378 2000.0000
1041 1044 0.5098 2000.0000
1041 1045 0.6312 2000.0000
1041 1046 0.8638 2000.0000
1042 1044 0.5320 2000.0000
1042 1045 0.5163 2000.0000
1042 1046 0.6092 2000.0000
1042 1047 0.8299 2000.0000
1043 1045 0.5487 2000.0000
1043 1046 0.5236 2000.0000
1043 1047 0.5816 2000.0000
1043 1048 0.8365 2000.0000
1044 1046 0.5535 2000.0000
1044 1047 0.5100 2000.0000
1044 1048 0.6091 2000.0000
1044 1049 0.8614 2000.0000
1045 1047 0.5407 2000.0000
1045 1048 0.5089 2000.0000
1045 1049 0.6248 2000.0000
1045 1050 0.8616 2000.0000
1046 1048 0.5262 2000.0000
1046 1049 0.4958 2000.0000
1046 1050 0.6112 2000.0000
1046 1051 0.8556 2000.0000
1047 1049 0.5365 2000.0000
1047 1050 0.4949 2000.0000
1047 1051 0.6112 2000.0000
1047 1052 0.8553 2000.0000
1048 1050 0.5295 2000.0000
1048 1051 0.5025 2000.0000
1048 1052 0.6158 2000.0000
1048 1053 0.8534 2000.0000
1049 1051 0.5449 2000.0000
1049 1052 0.5052 2000.0000
1049 1053 0.6138 2000.0000
1049 1054 0.8569 2000.0000
1050 1052 0.5341 2000.0000
1050 1053 0.5028 2000.0000
1050 1054 0.6039 2000.0000
1050 1055 0.8433 2000.0000
1051 1053 0.5457 2000.0000
1051 1054 0.5059 2000.0000
1051 1055 0.6027 2000.0000
1051 1056 0.8549 2000.0000
1051 1061 0.8360 2000.0000
1052 1054 0.5448 2000.0000
1052 1055 0.5089 2000.0000
1052 1056 0.6132 2000.0000
1052 1057 0.8606 2000.0000
1053 1055 0.5399 2000.0000
1053 1056 0.5051 2000.0000
1053 1057 0.6126 2000.0000
1053 1058 0.8352 2000.0000
1053 1059 0.8350 2000.0000
1054 1056 0.5437 2000.0000
1054 1057 0.5170 2000.0000
1054 1058 0.5793 2000.0000
1054 1059 0.4962 2000.0000
1054 1060 0.7130 2000.0000
1054 1061 0.7002 2000.0000
1055 1057 0.5539 2000.0000
1055 1058 0.4886 2000.0000
1055 1059 0.6356 2000.0000
1055 1060 0.7913 2000.0000
1055 1061 0.8647 2000.0000
1056 1058 0.5405 2000.0000
1056 1059 0.7636 2000.0000
1057 1059 0.5152 2000.0000
1057 1060 0.8729 2000.0000
1058 1060 0.6080 2000.0000
1058 1061 0.8763 2000.0000
1059 1061 0.6087 2000.0000
1059 1062 0.8169 2000.0000
1060 1062 0.5661 2000.0000
1137 1139 0.5571 2000.0000
1137 1140 0.5069 2000.0000
1137 1141 0.5666 2000.0000
1137 1142 0.8096 2000.0000
1137 1157 0.7462 2000.0000
1137 1161 0.6713 2000.0000
1137 1162 0.7131 2000.0000
1137 1164 0.8683 2000.0000
1137 1165 0.6429 2000.0000
1138 1140 0.5415 2000.0000
1138 1141 0.5007 2000.0000
1138 1142 0.5731 2000.0000
1138 1143 0.8355 2000.0000
1138 1162 0.8997 2000.0000
1138 1165 0.6350 2000.0000
1138 1168 0.8766 2000.0000
1138 1169 0.8092 2000.0000
1139 1141 0.5443 2000.0000
1139 1142 0.5002 2000.0000
1139 1143 0.6070 2000.0000
1139 1144 0.8498 2000.0000
1140 1142 0.5400 2000.0000
1140 1143 0.5124 2000.0000
1140 1144 0.5981 2000.0000
1140 1145 0.7896 2000.0000
1141 1143 0.5329 2000.0000
1141 1144 0.5056 2000.0000
1141 1145 0.4984 2000.0000
1141 1146 0.8711 2000.0000
1141 1148 0.7903 2000.0000
1141 1165 0.8855 2000.0000
1141 1187 0.8452 2000.0000
1142 1144 0.5686 2000.0000
1142 1145 0.5209 2000.0000
1142 1146 0.8512 2000.0000
1143 1145 0.5789 2000.0000
1143 1146 0.8079 2000.0000
1143 1147 0.8762 2000.0000
1144 1146 0.5694 2000.0000
1144 1147 0.5241 2000.0000
1144 1148 0.6291 2000.0000
1144 1149 0.8575 2000.0000
1145 1147 0.5318 2000.0000
1145 1148 0.5316 2000.0000
1145 1149 0.6007 2000.0000
1145 1150 0.8726 2000.0000
1145 1187 0.6777 2000.0000
1145 1188 0.7982 2000.0000
1146 1148 0.5562 2000.0000
1146 1149 0.4973 2000.0000
1146 1150 0.6246 2000.0000
1146 1151 0.8348 2000.0000
1146 1187 0.8250 2000.0000
1146 1188 0.8713 2000.0000
1147 1149 0.5311 2000.0000
1147 1150 0.5451 2000.0000
1147 1151 0.5750 2000.0000
1147 1152 0.8955 2000.0000
1147 1153 0.8950 2000.0000
1147 1188 0.8143 2000.0000
1147 1189 0.8682 2000.0000
1148 1150 0.5577 2000.0000
1148 1151 0.5444 2000.0000
1148 1152 0.7289 2000.0000
1148 1153 0.7064 2000.0000
1148 1154 0.8218 2000.0000
1148 1155 0.7058 2000.0000
1148 1187 0.6412 2000.0000
1148 1188 0.4653 2000.0000
1148 1189 0.6096 2000.0000
1148 1190 0.7458 2000.0000
1149 1151 0.6106 2000.0000
1149 1152 0.8121 2000.0000
1149 1185 0.8084 2000.0000
1149 1186 0.6699 2000.0000
1149 1187 0.5104 2000.0000
1149 1188 0.4402 2000.0000
1149 1189 0.4963 2000.0000
1149 1190 0.8006 2000.0000
1150 1152 0.6626 2000.0000
1150 1153 0.8965 2000.0000
1150 1187 0.8767 2000.0000
1150 1188 0.7035 2000.0000
1150 1189 0.5311 2000.0000
1150 1190 0.8322 2000.0000
1151 1153 0.5611 2000.0000
1151 1154 0.8791 2000.0000
1151 1188 0.7505 2000.0000
1151 1189 0.5556 2000.0000
1151 1190 0.6812 2000.0000
1152 1154 0.6823 2000.0000
1152 1188 0.7499 2000.0000
1152 1189 0.4959 2000.0000
1152 1190 0.4222 2000.0000
1152 1191 0.7887 2000.0000
1152 1192 0.8372 2000.0000
1152 1193 0.8522 2000.0000
1153 1155 0.6066 2000.0000
1153 1156 0.8697 2000.0000
1153 1188 0.8176 2000.0000
1153 1189 0.7388 2000.0000
1153 1190 0.5429 2000.0000
1153 1191 0.8951 2000.0000
1154 1156 0.6119 2000.0000
1154 1157 0.8033 2000.0000
1154 1188 0.8225 2000.0000
1154 1189 0.8716 2000.0000
1154 1190 0.5842 2000.0000
1154 1191 0.8170 2000.0000
1155 1157 0.5201 2000.0000
1155 1158 0.7905 2000.0000
1155 1162 0.8876 2000.0000
1155 1188 0.7661 2000.0000
1155 1190 0.7740 2000.0000
1156 1158 0.6789 2000.0000
1157 1159 0.6365 2000.0000
1157 1160 0.7988 2000.0000
1157 1161 0.6119 2000.0000
1157 1162 0.6388 2000.0000
1158 1160 0.5231 2000.0000
1158 1161 0.5150 2000.0000
1158 1162 0.6255 2000.0000
1158 1163 0.8577 2000.0000
1159 1161 0.5342 2000.0000
1159 1162 0.4905 2000.0000
1159 1163 0.5884 2000.0000
1159 1164 0.8250 2000.0000
1159 1198 0.8634 2000.0000
1159 1201 0.7273 2000.0000
1159 1202 0.6425 2000.0000
1159 1205 0.6836 2000.0000
1160 1162 0.5440 2000.0000
1160 1163 0.5194 2000.0000
1160 1164 0.6017 2000.0000
1160 1165 0.8425 2000.0000
1160 1202 0.7862 2000.0000
1160 1205 0.6097 2000.0000
1160 1206 0.7671 2000.0000
1160 1209 0.7863 2000.0000
1160 1212 0.8800 2000.0000
1161 1163 0.5544 2000.0000
1161 1164 0.5052 2000.0000
1161 1165 0.6076 2000.0000
1161 1166 0.8648 2000.0000
1162 1164 0.5322 2000.0000
1162 1165 0.4887 2000.0000
1162 1166 0.6091 2000.0000
1162 1167 0.8648 2000.0000
1162 1184 0.7841 2000.0000
1163 1165 0.5262 2000.0000
1163 1166 0.5019 2000.0000
1163 1167 0.6285 2000.0000
1163 1168 0.8510 2000.0000
1163 1180 0.6923 2000.0000
1163 1183 0.8870 2000.0000
1163 1184 0.8287 2000.0000
1163 1202 0.7308 2000.0000
1163 1205 0.8291 2000.0000
1163 1206 0.7882 2000.0000
1163 1212 0.8696 2000.0000
1163 1225 0.8686 2000.0000
1164 1166 0.5492 2000.0000
1164 1167 0.5289 2000.0000
1164 1168 0.6020 2000.0000
1164 1169 0.8481 2000.0000
1164 1211 0.8761 2000.0000
1164 1212 0.7941 2000.0000
1164 1224 0.8220 2000.0000
1164 1225 0.6243 2000.0000
1165 1167 0.5401 2000.0000
1165 1168 0.5066 2000.0000
1165 1169 0.5958 2000.0000
1165 1170 0.8805 2000.0000
1166 1168 0.5641 2000.0000
1166 1169 0.5344 2000.0000
1166 1170 0.6901 2000.0000
1166 1173 0.8460 2000.0000
1166 1174 0.8818 2000.0000
1166 1175 0.7747 2000.0000
1166 1179 0.8618 2000.0000
1166 1180 0.6192 2000.0000
1166 1183 0.6205 2000.0000
1166 1184 0.7654 2000.0000
1167 1169 0.5390 2000.0000
1167 1170 0.5623 2000.0000
1167 1171 0.8613 2000.0000
1167 1172 0.8283 2000.0000
1167 1173 0.5014 2000.0000
1167 1174 0.5403 2000.0000
1167 1175 0.5741 2000.0000
1167 1180 0.7390 2000.0000
1167 1223 0.7383 2000.0000
1167 1224 0.6454 2000.0000
1167 1225 0.6932 2000.0000
1168 1170 0.5500 2000.0000
1168 1171 0.7541 2000.0000
1168 1172 0.8218 2000.0000
1168 1173 0.4865 2000.0000
1168 1174 0.7485 2000.0000
1168 1224 0.8283 2000.0000
1168 1225 0.7557 2000.0000
1169 1171 0.6441 2000.0000
1169 1172 0.8631 2000.0000
1169 1173 0.6646 2000.0000
1169 1174 0.8977 2000.0000
1170 1172 0.5615 2000.0000
1170 1173 0.5011 2000.0000
1170 1174 0.6739 2000.0000
1170 1175 0.7435 2000.0000
1171 1173 0.5496 2000.0000
1171 1174 0.7946 2000.0000
1172 1174 0.5265 2000.0000
1172 1175 0.8058 2000.0000
1173 1175 0.6935 2000.0000
1173 1223 0.8406 2000.0000
1173 1224 0.6262 2000.0000
1173 1225 0.7582 2000.0000
1174 1176 0.7013 2000.0000
1174 1215 0.8477 2000.0000
1174 1222 0.5742 2000.0000
1174 1223 0.5297 2000.0000
1174 1224 0.4741 2000.0000
1174 1225 0.7733 2000.0000
1175 1177 0.6300 2000.0000
1175 1178 0.7704 2000.0000
1175 1179 0.5621 2000.0000
1175 1180 0.6057 2000.0000
1175 1221 0.8472 2000.0000
1175 1222 0.5090 2000.0000
1175 1223 0.5221 2000.0000
1175 1224 0.6933 2000.0000
1176 1178 0.5276 2000.0000
1176 1179 0.5098 2000.0000
1176 1180 0.6353 2000.0000
1176 1181 0.8730 2000.0000
1176 1220 0.7218 2000.0000
1176 1221 0.6164 2000.0000
1176 1222 0.4335 2000.0000
1176 1223 0.5915 2000.0000
1177 1179 0.5432 2000.0000
1177 1180 0.5050 2000.0000
1177 1181 0.6336 2000.0000
1177 1182 0.8741 2000.0000
1177 1202 0.8621 2000.0000
1177 1203 0.7823 2000.0000
1177 1221 0.7987 2000.0000
1177 1222 0.6951 2000.0000
1177 1223 0.7055 2000.0000
1178 1180 0.5262 2000.0000
1178 1181 0.4951 2000.0000
1178 1182 0.6247 2000.0000
1178 1183 0.8527 2000.0000
1179 1181 0.5293 2000.0000
1179 1182 0.4943 2000.0000
1179 1183 0.6107 2000.0000
1179 1184 0.8678 2000.0000
1180 1182 0.5402 2000.0000
1180 1183 0.4966 2000.0000
1180 1184 0.6288 2000.0000
1180 1185 0.8698 2000.0000
1180 1202 0.8483 2000.0000
1180 1223 0.8755 2000.0000
1181 1183 0.5282 2000.0000
1181 1184 0.5112 2000.0000
1181 1185 0.6202 2000.0000
1181 1186 0.8267 2000.0000
1181 1191 0.8728 2000.0000
1181 1199 0.7032 2000.0000
1181 1202 0.8267 2000.0000
1182 1184 0.5455 2000.0000
1182 1185 0.5111 2000.0000
1182 1186 0.5618 2000.0000
1182 1187 0.8079 2000.0000
1183 1185 0.5506 2000.0000
1183 1186 0.4937 2000.0000
1183 1187 0.5612 2000.0000
1183 1188 0.8104 2000.0000
1184 1186 0.5509 2000.0000
1184 1187 0.5142 2000.0000
1184 1188 0.5653 2000.0000
1184 1189 0.8325 2000.0000
1184 1190 0.8604 2000.0000
1184 1191 0.6125 2000.0000
1184 1192 0.8105 2000.0000
1185 1187 0.5516 2000.0000
1185 1188 0.5334 2000.0000
1185 1189 0.6289 2000.0000
1185 1190 0.7606 2000.0000
1185 1191 0.5189 2000.0000
1185 1192 0.5226 2000.0000
1185 1193 0.8612 2000.0000
1185 1195 0.8997 2000.0000
1186 1188 0.5863 2000.0000
1186 1189 0.7397 2000.0000
1186 1191 0.8495 2000.0000
1186 1192 0.8229 2000.0000
1187 1189 0.6991 2000.0000
1187 1190 0.8963 2000.0000
1187 1191 0.8441 2000.0000
1188 1190 0.5206 2000.0000
1188 1191 0.5654 2000.0000
1188 1192 0.7235 2000.0000
1189 1191 0.5391 2000.0000
1189 1192 0.5270 2000.0000
1189 1193 0.7526 2000.0000
1190 1192 0.5519 2000.0000
1190 1193 0.6134 2000.0000
1190 1194 0.8452 2000.0000
1191 1193 0.5156 2000.0000
1191 1194 0.6852 2000.0000
1191 1195 0.6427 2000.0000
1191 1198 0.6850 2000.0000
1191 1199 0.8611 2000.0000
1192 1194 0.6877 2000.0000
1192 1195 0.6484 2000.0000
1193 1195 0.5390 2000.0000
1193 1196 0.8546 2000.0000
1193 1198 0.8824 2000.0000
1194 1196 0.5492 2000.0000
1194 1197 0.5679 2000.0000
1194 1198 0.6826 2000.0000
1194 1199 0.8580 2000.0000
1195 1197 0.5431 2000.0000
1195 1198 0.5545 2000.0000
1195 1199 0.5667 2000.0000
1195 1200 0.8140 2000.0000
1196 1198 0.5856 2000.0000
1196 1199 0.5343 2000.0000
1196 1200 0.6076 2000.0000
1196 1201 0.8675 2000.0000
1197 1199 0.5524 2000.0000
1197 1200 0.5243 2000.0000
1197 1201 0.6301 2000.0000
1197 1202 0.8816 2000.0000
1198 1200 0.5191 2000.0000
1198 1201 0.4761 2000.0000
1198 1202 0.6115 2000.0000
1198 1203 0.8600 2000.0000
1199 1201 0.5376 2000.0000
1199 1202 0.5086 2000.0000
1199 1203 0.6324 2000.0000
1199 1204 0.8604 2000.0000
1200 1202 0.5357 2000.0000
1200 1203 0.5225 2000.0000
1200 1204 0.6179 2000.0000
1200 1205 0.8621 2000.0000
1201 1203 0.5560 2000.0000
1201 1204 0.5092 2000.0000
1201 1205 0.6124 2000.0000
1201 1206 0.8538 2000.0000
1202 1204 0.5312 2000.0000
1202 1205 0.5158 2000.0000
1202 1206 0.6076 2000.0000
1202 1207 0.8656 2000.0000
1203 1205 0.5537 2000.0000
1203 1206 0.5063 2000.0000
1203 1207 0.6310 2000.0000
1203 1208 0.8500 2000.0000
1204 1206 0.5299 2000.0000
1204 1207 0.5151 2000.0000
1204 1208 0.5743 2000.0000
1204 1209 0.8351 2000.0000
1205 1207 0.5456 2000.0000
1205 1208 0.4930 2000.0000
1205 1209 0.5804 2000.0000
1205 1212 0.8205 2000.0000
1206 1208 0.5703 2000.0000
1206 1209 0.5918 2000.0000
1206 1210 0.8048 2000.0000
1206 1211 0.8247 2000.0000
1206 1212 0.5563 2000.0000
1206 1213 0.7863 2000.0000
1206 1214 0.8458 2000.0000
1206 1223 0.7943 2000.0000
1207 1209 0.5876 2000.0000
1207 1210 0.7493 2000.0000
1207 1212 0.7287 2000.0000
1207 1213 0.8458 2000.0000
1207 1214 0.8784 2000.0000
1208 1210 0.6525 2000.0000
1208 1211 0.8830 2000.0000
1208 1212 0.8285 2000.0000
1209 1211 0.5311 2000.0000
1209 1212 0.5875 2000.0000
1209 1213 0.8664 2000.0000
1210 1212 0.5339 2000.0000
1210 1213 0.6793 2000.0000
1210 1225 0.8768 2000.0000
1210 1226 0.8016 2000.0000
1211 1213 0.6260 2000.0000
1211 1224 0.8104 2000.0000
1211 1225 0.5436 2000.0000
1211 1226 0.4847 2000.0000
1212 1214 0.6697 2000.0000
1212 1223 0.6410 2000.0000
1212 1224 0.5651 2000.0000
1212 1225 0.4695 2000.0000
1212 1226 0.6372 2000.0000
1213 1215 0.6188 2000.0000
1213 1222 0.8245 2000.0000
1213 1223 0.5655 2000.0000
1213 1224 0.5128 2000.0000
1213 1225 0.6101 2000.0000
1213 1226 0.7049 2000.0000
1214 1216 0.6319 2000.0000
1214 1221 0.6294 2000.0000
1214 1222 0.5589 2000.0000
1214 1223 0.4582 2000.0000
1214 1224 0.6296 2000.0000
1214 1225 0.8864 2000.0000
1215 1217 0.6093 2000.0000
1215 1220 0.8575 2000.0000
1215 1221 0.5632 2000.0000
1215 1222 0.5182 2000.0000
1215 1223 0.6062 2000.0000
1215 1224 0.7036 2000.0000
1216 1218 0.6892 2000.0000
1216 1219 0.8201 2000.0000
1216 1220 0.6023 2000.0000
1216 1221 0.4162 2000.0000
1216 1222 0.6092 2000.0000
1216 1223 0.8544 2000.0000
1217 1219 0.5560 2000.0000
1217 1220 0.5220 2000.0000
1217 1221 0.5635 2000.0000
1217 1222 0.6763 2000.0000
1218 1220 0.5495 2000.0000
1218 1221 0.7946 2000.0000
1219 1221 0.7196 2000.0000
1219 1222 0.8648 2000.0000
1220 1222 0.6332 2000.0000
1221 1223 0.6847 2000.0000
1222 1224 0.6592 2000.0000
1223 1225 0.6955 2000.0000
1224 1226 0.6744 2000.0000
