i	j	k	a_idx	a[rad]	k[kJ/mol/rad^2]
38501	38503	38505	0	3.1400	4.2000
38503	38505	38507	1	3.1400	4.2000
38505	38507	38509	2	3.1400	4.2000
38507	38509	38511	3	3.1400	4.2000
38509	38511	38513	4	3.1400	4.2000
38511	38513	38515	5	3.1400	4.2000
38513	38515	38517	6	3.1400	4.2000
38515	38517	38519	7	3.1400	4.2000
38517	38519	38521	8	3.1400	4.2000
38519	38521	38523	9	3.1400	4.2000
38521	38523	38525	10	3.1400	4.2000
38523	38525	38527	11	3.1400	4.2000
38525	38527	38529	12	3.1400	4.2000
38527	38529	38531	13	3.1400	4.2000
38529	38531	38533	14	3.1400	4.2000
38531	38533	38535	15	3.1400	4.2000
38533	38535	38537	16	3.1400	4.2000
38535	38537	38539	17	3.1400	4.2000
38537	38539	38541	18	3.1400	4.2000
38539	38541	38543	19	3.1400	4.2000
38541	38543	38545	20	3.1400	4.2000
38543	38545	38547	21	3.1400	4.2000
38545	38547	38549	22	3.1400	4.2000
38547	38549	38551	23	3.1400	4.2000
38549	38551	38553	24	3.1400	4.2000
38551	38553	38555	25	3.1400	4.2000
38553	38555	38557	26	3.1400	4.2000
38555	38557	38559	27	3.1400	4.2000
38557	38559	38561	28	3.1400	4.2000
38559	38561	38563	29	3.1400	4.2000
38561	38563	38565	30	3.1400	4.2000
38563	38565	38567	31	3.1400	4.2000
38565	38567	38569	32	3.1400	4.2000
38567	38569	38571	33	3.1400	4.2000
38569	38571	38573	34	3.1400	4.2000
38571	38573	38575	35	3.1400	4.2000
38573	38575	38577	36	3.1400	4.2000
38575	38577	38579	37	3.1400	4.2000
38581	38583	38585	38	3.1400	4.2000
38583	38585	38587	39	3.1400	4.2000
38585	38587	38589	40	3.1400	4.2000
38587	38589	38591	41	3.1400	4.2000
38589	38591	38593	42	3.1400	4.2000
38591	38593	38595	43	3.1400	4.2000
38593	38595	38597	44	3.1400	4.2000
38595	38597	38599	45	3.1400	4.2000
38597	38599	38601	46	3.1400	4.2000
38599	38601	38603	47	3.1400	4.2000
38601	38603	38605	48	3.1400	4.2000
38603	38605	38607	49	3.1400	4.2000
38605	38607	38609	50	3.1400	4.2000
38607	38609	38611	51	3.1400	4.2000
38609	38611	38613	52	3.1400	4.2000
38611	38613	38615	53	3.1400	4.2000
38613	38615	38617	54	3.1400	4.2000
38615	38617	38619	55	3.1400	4.2000
38617	38619	38621	56	3.1400	4.2000
38619	38621	38623	57	3.1400	4.2000
38621	38623	38625	58	3.1400	4.2000
38623	38625	38627	59	3.1400	4.2000
38625	38627	38629	60	3.1400	4.2000
38627	38629	38631	61	3.1400	4.2000
38629	38631	38633	62	3.1400	4.2000
38631	38633	38635	63	3.1400	4.2000
38633	38635	38637	64	3.1400	4.2000
38635	38637	38639	65	3.1400	4.2000
38637	38639	38641	66	3.1400	4.2000
38639	38641	38643	67	3.1400	4.2000
38641	38643	38645	68	3.1400	4.2000
38643	38645	38647	69	3.1400	4.2000
38645	38647	38649	70	3.1400	4.2000
38647	38649	38651	71	3.1400	4.2000
38649	38651	38653	72	3.1400	4.2000
38651	38653	38655	73	3.1400	4.2000
38653	38655	38657	74	3.1400	4.2000
38655	38657	38659	75	3.1400	4.2000
38661	38663	38665	76	3.1400	4.2000
38663	38665	38667	77	3.1400	4.2000
38665	38667	38669	78	3.1400	4.2000
38667	38669	38671	79	3.1400	4.2000
38669	38671	38673	80	3.1400	4.2000
38671	38673	38675	81	3.1400	4.2000
38673	38675	38677	82	3.1400	4.2000
38675	38677	38679	83	3.1400	4.2000
38677	38679	38681	84	3.1400	4.2000
38679	38681	38683	85	3.1400	4.2000
38681	38683	38685	86	3.1400	4.2000
38683	38685	38687	87	3.1400	4.2000
38685	38687	38689	88	3.1400	4.2000
38687	38689	38691	89	3.1400	4.2000
38689	38691	38693	90	3.1400	4.2000
38691	38693	38695	91	3.1400	4.2000
38693	38695	38697	92	3.1400	4.2000
38695	38697	38699	93	3.1400	4.2000
38697	38699	38701	94	3.1400	4.2000
38699	38701	38703	95	3.1400	4.2000
38701	38703	38705	96	3.1400	4.2000
38703	38705	38707	97	3.1400	4.2000
38705	38707	38709	98	3.1400	4.2000
38707	38709	38711	99	3.1400	4.2000
38709	38711	38713	100	3.1400	4.2000
38711	38713	38715	101	3.1400	4.2000
38713	38715	38717	102	3.1400	4.2000
38715	38717	38719	103	3.1400	4.2000
38717	38719	38721	104	3.1400	4.2000
38719	38721	38723	105	3.1400	4.2000
38721	38723	38725	106	3.1400	4.2000
38723	38725	38727	107	3.1400	4.2000
38725	38727	38729	108	3.1400	4.2000
38727	38729	38731	109	3.1400	4.2000
38729	38731	38733	110	3.1400	4.2000
38731	38733	38735	111	3.1400	4.2000
38733	38735	38737	112	3.1400	4.2000
38735	38737	38739	113	3.1400	4.2000
38741	38743	38745	114	3.1400	4.2000
38743	38745	38747	115	3.1400	4.2000
38745	38747	38749	116	3.1400	4.2000
38747	38749	38751	117	3.1400	4.2000
38749	38751	38753	118	3.1400	4.2000
38751	38753	38755	119	3.1400	4.2000
38753	38755	38757	120	3.1400	4.2000
38755	38757	38759	121	3.1400	4.2000
38757	38759	38761	122	3.1400	4.2000
38759	38761	38763	123	3.1400	4.2000
38761	38763	38765	124	3.1400	4.2000
38763	38765	38767	125	3.1400	4.2000
38765	38767	38769	126	3.1400	4.2000
38767	38769	38771	127	3.1400	4.2000
38769	38771	38773	128	3.1400	4.2000
38771	38773	38775	129	3.1400	4.2000
38773	38775	38777	130	3.1400	4.2000
38775	38777	38779	131	3.1400	4.2000
38777	38779	38781	132	3.1400	4.2000
38779	38781	38783	133	3.1400	4.2000
38781	38783	38785	134	3.1400	4.2000
38783	38785	38787	135	3.1400	4.2000
38785	38787	38789	136	3.1400	4.2000
38787	38789	38791	137	3.1400	4.2000
38789	38791	38793	138	3.1400	4.2000
38791	38793	38795	139	3.1400	4.2000
38793	38795	38797	140	3.1400	4.2000
38795	38797	38799	141	3.1400	4.2000
38797	38799	38801	142	3.1400	4.2000
38799	38801	38803	143	3.1400	4.2000
38801	38803	38805	144	3.1400	4.2000
38803	38805	38807	145	3.1400	4.2000
38805	38807	38809	146	3.1400	4.2000
38807	38809	38811	147	3.1400	4.2000
38809	38811	38813	148	3.1400	4.2000
38811	38813	38815	149	3.1400	4.2000
38813	38815	38817	150	3.1400	4.2000
38815	38817	38819	151	3.1400	4.2000
38821	38823	38825	152	3.1400	4.2000
38823	38825	38827	153	3.1400	4.2000
38825	38827	38829	154	3.1400	4.2000
38827	38829	38831	155	3.1400	4.2000
38829	38831	38833	156	3.1400	4.2000
38831	38833	38835	157	3.1400	4.2000
38833	38835	38837	158	3.1400	4.2000
38835	38837	38839	159	3.1400	4.2000
38837	38839	38841	160	3.1400	4.2000
38839	38841	38843	161	3.1400	4.2000
38841	38843	38845	162	3.1400	4.2000
38843	38845	38847	163	3.1400	4.2000
38845	38847	38849	164	3.1400	4.2000
38847	38849	38851	165	3.1400	4.2000
38849	38851	38853	166	3.1400	4.2000
38851	38853	38855	167	3.1400	4.2000
38853	38855	38857	168	3.1400	4.2000
38855	38857	38859	169	3.1400	4.2000
38857	38859	38861	170	3.1400	4.2000
38859	38861	38863	171	3.1400	4.2000
38861	38863	38865	172	3.1400	4.2000
38863	38865	38867	173	3.1400	4.2000
38865	38867	38869	174	3.1400	4.2000
38867	38869	38871	175	3.1400	4.2000
38869	38871	38873	176	3.1400	4.2000
38871	38873	38875	177	3.1400	4.2000
38873	38875	38877	178	3.1400	4.2000
38875	38877	38879	179	3.1400	4.2000
38877	38879	38881	180	3.1400	4.2000
38879	38881	38883	181	3.1400	4.2000
38881	38883	38885	182	3.1400	4.2000
38883	38885	38887	183	3.1400	4.2000
38885	38887	38889	184	3.1400	4.2000
38887	38889	38891	185	3.1400	4.2000
38889	38891	38893	186	3.1400	4.2000
38891	38893	38895	187	3.1400	4.2000
38893	38895	38897	188	3.1400	4.2000
38895	38897	38899	189	3.1400	4.2000
38901	38903	38905	190	3.1400	4.2000
38903	38905	38907	191	3.1400	4.2000
38905	38907	38909	192	3.1400	4.2000
38907	38909	38911	193	3.1400	4.2000
38909	38911	38913	194	3.1400	4.2000
38911	38913	38915	195	3.1400	4.2000
38913	38915	38917	196	3.1400	4.2000
38915	38917	38919	197	3.1400	4.2000
38917	38919	38921	198	3.1400	4.2000
38919	38921	38923	199	3.1400	4.2000
38921	38923	38925	200	3.1400	4.2000
38923	38925	38927	201	3.1400	4.2000
38925	38927	38929	202	3.1400	4.2000
38927	38929	38931	203	3.1400	4.2000
38929	38931	38933	204	3.1400	4.2000
38931	38933	38935	205	3.1400	4.2000
38933	38935	38937	206	3.1400	4.2000
38935	38937	38939	207	3.1400	4.2000
38937	38939	38941	208	3.1400	4.2000
38939	38941	38943	209	3.1400	4.2000
38941	38943	38945	210	3.1400	4.2000
38943	38945	38947	211	3.1400	4.2000
38945	38947	38949	212	3.1400	4.2000
38947	38949	38951	213	3.1400	4.2000
38949	38951	38953	214	3.1400	4.2000
38951	38953	38955	215	3.1400	4.2000
38953	38955	38957	216	3.1400	4.2000
38955	38957	38959	217	3.1400	4.2000
38957	38959	38961	218	3.1400	4.2000
38959	38961	38963	219	3.1400	4.2000
38961	38963	38965	220	3.1400	4.2000
38963	38965	38967	221	3.1400	4.2000
38965	38967	38969	222	3.1400	4.2000
38967	38969	38971	223	3.1400	4.2000
38969	38971	38973	224	3.1400	4.2000
38971	38973	38975	225	3.1400	4.2000
38973	38975	38977	226	3.1400	4.2000
38975	38977	38979	227	3.1400	4.2000
38981	38983	38985	228	3.1400	4.2000
38983	38985	38987	229	3.1400	4.2000
38985	38987	38989	230	3.1400	4.2000
38987	38989	38991	231	3.1400	4.2000
38989	38991	38993	232	3.1400	4.2000
38991	38993	38995	233	3.1400	4.2000
38993	38995	38997	234	3.1400	4.2000
38995	38997	38999	235	3.1400	4.2000
38997	38999	39001	236	3.1400	4.2000
38999	39001	39003	237	3.1400	4.2000
39001	39003	39005	238	3.1400	4.2000
39003	39005	39007	239	3.1400	4.2000
39005	39007	39009	240	3.1400	4.2000
39007	39009	39011	241	3.1400	4.2000
39009	39011	39013	242	3.1400	4.2000
39011	39013	39015	243	3.1400	4.2000
39013	39015	39017	244	3.1400	4.2000
39015	39017	39019	245	3.1400	4.2000
39017	39019	39021	246	3.1400	4.2000
39019	39021	39023	247	3.1400	4.2000
39021	39023	39025	248	3.1400	4.2000
39023	39025	39027	249	3.1400	4.2000
39025	39027	39029	250	3.1400	4.2000
39027	39029	39031	251	3.1400	4.2000
39029	39031	39033	252	3.1400	4.2000
39031	39033	39035	253	3.1400	4.2000
39033	39035	39037	254	3.1400	4.2000
39035	39037	39039	255	3.1400	4.2000
39037	39039	39041	256	3.1400	4.2000
39039	39041	39043	257	3.1400	4.2000
39041	39043	39045	258	3.1400	4.2000
39043	39045	39047	259	3.1400	4.2000
39045	39047	39049	260	3.1400	4.2000
39047	39049	39051	261	3.1400	4.2000
39049	39051	39053	262	3.1400	4.2000
39051	39053	39055	263	3.1400	4.2000
39053	39055	39057	264	3.1400	4.2000
39055	39057	39059	265	3.1400	4.2000
39061	39063	39065	266	3.1400	4.2000
39063	39065	39067	267	3.1400	4.2000
39065	39067	39069	268	3.1400	4.2000
39067	39069	39071	269	3.1400	4.2000
39069	39071	39073	270	3.1400	4.2000
39071	39073	39075	271	3.1400	4.2000
39073	39075	39077	272	3.1400	4.2000
39075	39077	39079	273	3.1400	4.2000
39077	39079	39081	274	3.1400	4.2000
39079	39081	39083	275	3.1400	4.2000
39081	39083	39085	276	3.1400	4.2000
39083	39085	39087	277	3.1400	4.2000
39085	39087	39089	278	3.1400	4.2000
39087	39089	39091	279	3.1400	4.2000
39089	39091	39093	280	3.1400	4.2000
39091	39093	39095	281	3.1400	4.2000
39093	39095	39097	282	3.1400	4.2000
39095	39097	39099	283	3.1400	4.2000
39097	39099	39101	284	3.1400	4.2000
39099	39101	39103	285	3.1400	4.2000
39101	39103	39105	286	3.1400	4.2000
39103	39105	39107	287	3.1400	4.2000
39105	39107	39109	288	3.1400	4.2000
39107	39109	39111	289	3.1400	4.2000
39109	39111	39113	290	3.1400	4.2000
39111	39113	39115	291	3.1400	4.2000
39113	39115	39117	292	3.1400	4.2000
39115	39117	39119	293	3.1400	4.2000
39117	39119	39121	294	3.1400	4.2000
39119	39121	39123	295	3.1400	4.2000
39121	39123	39125	296	3.1400	4.2000
39123	39125	39127	297	3.1400	4.2000
39125	39127	39129	298	3.1400	4.2000
39127	39129	39131	299	3.1400	4.2000
39129	39131	39133	300	3.1400	4.2000
39131	39133	39135	301	3.1400	4.2000
39133	39135	39137	302	3.1400	4.2000
39135	39137	39139	303	3.1400	4.2000
39141	39143	39145	304	3.1400	4.2000
39143	39145	39147	305	3.1400	4.2000
39145	39147	39149	306	3.1400	4.2000
39147	39149	39151	307	3.1400	4.2000
39149	39151	39153	308	3.1400	4.2000
39151	39153	39155	309	3.1400	4.2000
39153	39155	39157	310	3.1400	4.2000
39155	39157	39159	311	3.1400	4.2000
39157	39159	39161	312	3.1400	4.2000
39159	39161	39163	313	3.1400	4.2000
39161	39163	39165	314	3.1400	4.2000
39163	39165	39167	315	3.1400	4.2000
39165	39167	39169	316	3.1400	4.2000
39167	39169	39171	317	3.1400	4.2000
39169	39171	39173	318	3.1400	4.2000
39171	39173	39175	319	3.1400	4.2000
39173	39175	39177	320	3.1400	4.2000
39175	39177	39179	321	3.1400	4.2000
39177	39179	39181	322	3.1400	4.2000
39179	39181	39183	323	3.1400	4.2000
39181	39183	39185	324	3.1400	4.2000
39183	39185	39187	325	3.1400	4.2000
39185	39187	39189	326	3.1400	4.2000
39187	39189	39191	327	3.1400	4.2000
39189	39191	39193	328	3.1400	4.2000
39191	39193	39195	329	3.1400	4.2000
39193	39195	39197	330	3.1400	4.2000
39195	39197	39199	331	3.1400	4.2000
39197	39199	39201	332	3.1400	4.2000
39199	39201	39203	333	3.1400	4.2000
39201	39203	39205	334	3.1400	4.2000
39203	39205	39207	335	3.1400	4.2000
39205	39207	39209	336	3.1400	4.2000
39207	39209	39211	337	3.1400	4.2000
39209	39211	39213	338	3.1400	4.2000
39211	39213	39215	339	3.1400	4.2000
39213	39215	39217	340	3.1400	4.2000
39215	39217	39219	341	3.1400	4.2000
39221	39223	39225	342	3.1400	4.2000
39223	39225	39227	343	3.1400	4.2000
39225	39227	39229	344	3.1400	4.2000
39227	39229	39231	345	3.1400	4.2000
39229	39231	39233	346	3.1400	4.2000
39231	39233	39235	347	3.1400	4.2000
39233	39235	39237	348	3.1400	4.2000
39235	39237	39239	349	3.1400	4.2000
39237	39239	39241	350	3.1400	4.2000
39239	39241	39243	351	3.1400	4.2000
39241	39243	39245	352	3.1400	4.2000
39243	39245	39247	353	3.1400	4.2000
39245	39247	39249	354	3.1400	4.2000
39247	39249	39251	355	3.1400	4.2000
39249	39251	39253	356	3.1400	4.2000
39251	39253	39255	357	3.1400	4.2000
39253	39255	39257	358	3.1400	4.2000
39255	39257	39259	359	3.1400	4.2000
39257	39259	39261	360	3.1400	4.2000
39259	39261	39263	361	3.1400	4.2000
39261	39263	39265	362	3.1400	4.2000
39263	39265	39267	363	3.1400	4.2000
39265	39267	39269	364	3.1400	4.2000
39267	39269	39271	365	3.1400	4.2000
39269	39271	39273	366	3.1400	4.2000
39271	39273	39275	367	3.1400	4.2000
39273	39275	39277	368	3.1400	4.2000
39275	39277	39279	369	3.1400	4.2000
39277	39279	39281	370	3.1400	4.2000
39279	39281	39283	371	3.1400	4.2000
39281	39283	39285	372	3.1400	4.2000
39283	39285	39287	373	3.1400	4.2000
39285	39287	39289	374	3.1400	4.2000
39287	39289	39291	375	3.1400	4.2000
39289	39291	39293	376	3.1400	4.2000
39291	39293	39295	377	3.1400	4.2000
39293	39295	39297	378	3.1400	4.2000
39295	39297	39299	379	3.1400	4.2000
39301	39303	39305	380	3.1400	4.2000
39303	39305	39307	381	3.1400	4.2000
39305	39307	39309	382	3.1400	4.2000
39307	39309	39311	383	3.1400	4.2000
39309	39311	39313	384	3.1400	4.2000
39311	39313	39315	385	3.1400	4.2000
39313	39315	39317	386	3.1400	4.2000
39315	39317	39319	387	3.1400	4.2000
39317	39319	39321	388	3.1400	4.2000
39319	39321	39323	389	3.1400	4.2000
39321	39323	39325	390	3.1400	4.2000
39323	39325	39327	391	3.1400	4.2000
39325	39327	39329	392	3.1400	4.2000
39327	39329	39331	393	3.1400	4.2000
39329	39331	39333	394	3.1400	4.2000
39331	39333	39335	395	3.1400	4.2000
39333	39335	39337	396	3.1400	4.2000
39335	39337	39339	397	3.1400	4.2000
39337	39339	39341	398	3.1400	4.2000
39339	39341	39343	399	3.1400	4.2000
39341	39343	39345	400	3.1400	4.2000
39343	39345	39347	401	3.1400	4.2000
39345	39347	39349	402	3.1400	4.2000
39347	39349	39351	403	3.1400	4.2000
39349	39351	39353	404	3.1400	4.2000
39351	39353	39355	405	3.1400	4.2000
39353	39355	39357	406	3.1400	4.2000
39355	39357	39359	407	3.1400	4.2000
39357	39359	39361	408	3.1400	4.2000
39359	39361	39363	409	3.1400	4.2000
39361	39363	39365	410	3.1400	4.2000
39363	39365	39367	411	3.1400	4.2000
39365	39367	39369	412	3.1400	4.2000
39367	39369	39371	413	3.1400	4.2000
39369	39371	39373	414	3.1400	4.2000
39371	39373	39375	415	3.1400	4.2000
39373	39375	39377	416	3.1400	4.2000
39375	39377	39379	417	3.1400	4.2000
39381	39383	39385	418	3.1400	4.2000
39383	39385	39387	419	3.1400	4.2000
39385	39387	39389	420	3.1400	4.2000
39387	39389	39391	421	3.1400	4.2000
39389	39391	39393	422	3.1400	4.2000
39391	39393	39395	423	3.1400	4.2000
39393	39395	39397	424	3.1400	4.2000
39395	39397	39399	425	3.1400	4.2000
39397	39399	39401	426	3.1400	4.2000
39399	39401	39403	427	3.1400	4.2000
39401	39403	39405	428	3.1400	4.2000
39403	39405	39407	429	3.1400	4.2000
39405	39407	39409	430	3.1400	4.2000
39407	39409	39411	431	3.1400	4.2000
39409	39411	39413	432	3.1400	4.2000
39411	39413	39415	433	3.1400	4.2000
39413	39415	39417	434	3.1400	4.2000
39415	39417	39419	435	3.1400	4.2000
39417	39419	39421	436	3.1400	4.2000
39419	39421	39423	437	3.1400	4.2000
39421	39423	39425	438	3.1400	4.2000
39423	39425	39427	439	3.1400	4.2000
39425	39427	39429	440	3.1400	4.2000
39427	39429	39431	441	3.1400	4.2000
39429	39431	39433	442	3.1400	4.2000
39431	39433	39435	443	3.1400	4.2000
39433	39435	39437	444	3.1400	4.2000
39435	39437	39439	445	3.1400	4.2000
39437	39439	39441	446	3.1400	4.2000
39439	39441	39443	447	3.1400	4.2000
39441	39443	39445	448	3.1400	4.2000
39443	39445	39447	449	3.1400	4.2000
39445	39447	39449	450	3.1400	4.2000
39447	39449	39451	451	3.1400	4.2000
39449	39451	39453	452	3.1400	4.2000
39451	39453	39455	453	3.1400	4.2000
39453	39455	39457	454	3.1400	4.2000
39455	39457	39459	455	3.1400	4.2000
39461	39463	39465	456	3.1400	4.2000
39463	39465	39467	457	3.1400	4.2000
39465	39467	39469	458	3.1400	4.2000
39467	39469	39471	459	3.1400	4.2000
39469	39471	39473	460	3.1400	4.2000
39471	39473	39475	461	3.1400	4.2000
39473	39475	39477	462	3.1400	4.2000
39475	39477	39479	463	3.1400	4.2000
39477	39479	39481	464	3.1400	4.2000
39479	39481	39483	465	3.1400	4.2000
39481	39483	39485	466	3.1400	4.2000
39483	39485	39487	467	3.1400	4.2000
39485	39487	39489	468	3.1400	4.2000
39487	39489	39491	469	3.1400	4.2000
39489	39491	39493	470	3.1400	4.2000
39491	39493	39495	471	3.1400	4.2000
39493	39495	39497	472	3.1400	4.2000
39495	39497	39499	473	3.1400	4.2000
39497	39499	39501	474	3.1400	4.2000
39499	39501	39503	475	3.1400	4.2000
39501	39503	39505	476	3.1400	4.2000
39503	39505	39507	477	3.1400	4.2000
39505	39507	39509	478	3.1400	4.2000
39507	39509	39511	479	3.1400	4.2000
39509	39511	39513	480	3.1400	4.2000
39511	39513	39515	481	3.1400	4.2000
39513	39515	39517	482	3.1400	4.2000
39515	39517	39519	483	3.1400	4.2000
39517	39519	39521	484	3.1400	4.2000
39519	39521	39523	485	3.1400	4.2000
39521	39523	39525	486	3.1400	4.2000
39523	39525	39527	487	3.1400	4.2000
39525	39527	39529	488	3.1400	4.2000
39527	39529	39531	489	3.1400	4.2000
39529	39531	39533	490	3.1400	4.2000
39531	39533	39535	491	3.1400	4.2000
39533	39535	39537	492	3.1400	4.2000
39535	39537	39539	493	3.1400	4.2000
39541	39543	39545	494	3.1400	4.2000
39543	39545	39547	495	3.1400	4.2000
39545	39547	39549	496	3.1400	4.2000
39547	39549	39551	497	3.1400	4.2000
39549	39551	39553	498	3.1400	4.2000
39551	39553	39555	499	3.1400	4.2000
39553	39555	39557	500	3.1400	4.2000
39555	39557	39559	501	3.1400	4.2000
39557	39559	39561	502	3.1400	4.2000
39559	39561	39563	503	3.1400	4.2000
39561	39563	39565	504	3.1400	4.2000
39563	39565	39567	505	3.1400	4.2000
39565	39567	39569	506	3.1400	4.2000
39567	39569	39571	507	3.1400	4.2000
39569	39571	39573	508	3.1400	4.2000
39571	39573	39575	509	3.1400	4.2000
39573	39575	39577	510	3.1400	4.2000
39575	39577	39579	511	3.1400	4.2000
39577	39579	39581	512	3.1400	4.2000
39579	39581	39583	513	3.1400	4.2000
39581	39583	39585	514	3.1400	4.2000
39583	39585	39587	515	3.1400	4.2000
39585	39587	39589	516	3.1400	4.2000
39587	39589	39591	517	3.1400	4.2000
39589	39591	39593	518	3.1400	4.2000
39591	39593	39595	519	3.1400	4.2000
39593	39595	39597	520	3.1400	4.2000
39595	39597	39599	521	3.1400	4.2000
39597	39599	39601	522	3.1400	4.2000
39599	39601	39603	523	3.1400	4.2000
39601	39603	39605	524	3.1400	4.2000
39603	39605	39607	525	3.1400	4.2000
39605	39607	39609	526	3.1400	4.2000
39607	39609	39611	527	3.1400	4.2000
39609	39611	39613	528	3.1400	4.2000
39611	39613	39615	529	3.1400	4.2000
39613	39615	39617	530	3.1400	4.2000
39615	39617	39619	531	3.1400	4.2000
39621	39623	39625	532	3.1400	4.2000
39623	39625	39627	533	3.1400	4.2000
39625	39627	39629	534	3.1400	4.2000
39627	39629	39631	535	3.1400	4.2000
39629	39631	39633	536	3.1400	4.2000
39631	39633	39635	537	3.1400	4.2000
39633	39635	39637	538	3.1400	4.2000
39635	39637	39639	539	3.1400	4.2000
39637	39639	39641	540	3.1400	4.2000
39639	39641	39643	541	3.1400	4.2000
39641	39643	39645	542	3.1400	4.2000
39643	39645	39647	543	3.1400	4.2000
39645	39647	39649	544	3.1400	4.2000
39647	39649	39651	545	3.1400	4.2000
39649	39651	39653	546	3.1400	4.2000
39651	39653	39655	547	3.1400	4.2000
39653	39655	39657	548	3.1400	4.2000
39655	39657	39659	549	3.1400	4.2000
39657	39659	39661	550	3.1400	4.2000
39659	39661	39663	551	3.1400	4.2000
39661	39663	39665	552	3.1400	4.2000
39663	39665	39667	553	3.1400	4.2000
39665	39667	39669	554	3.1400	4.2000
39667	39669	39671	555	3.1400	4.2000
39669	39671	39673	556	3.1400	4.2000
39671	39673	39675	557	3.1400	4.2000
39673	39675	39677	558	3.1400	4.2000
39675	39677	39679	559	3.1400	4.2000
39677	39679	39681	560	3.1400	4.2000
39679	39681	39683	561	3.1400	4.2000
39681	39683	39685	562	3.1400	4.2000
39683	39685	39687	563	3.1400	4.2000
39685	39687	39689	564	3.1400	4.2000
39687	39689	39691	565	3.1400	4.2000
39689	39691	39693	566	3.1400	4.2000
39691	39693	39695	567	3.1400	4.2000
39693	39695	39697	568	3.1400	4.2000
39695	39697	39699	569	3.1400	4.2000
39701	39703	39705	570	3.1400	4.2000
39703	39705	39707	571	3.1400	4.2000
39705	39707	39709	572	3.1400	4.2000
39707	39709	39711	573	3.1400	4.2000
39709	39711	39713	574	3.1400	4.2000
39711	39713	39715	575	3.1400	4.2000
39713	39715	39717	576	3.1400	4.2000
39715	39717	39719	577	3.1400	4.2000
39717	39719	39721	578	3.1400	4.2000
39719	39721	39723	579	3.1400	4.2000
39721	39723	39725	580	3.1400	4.2000
39723	39725	39727	581	3.1400	4.2000
39725	39727	39729	582	3.1400	4.2000
39727	39729	39731	583	3.1400	4.2000
39729	39731	39733	584	3.1400	4.2000
39731	39733	39735	585	3.1400	4.2000
39733	39735	39737	586	3.1400	4.2000
39735	39737	39739	587	3.1400	4.2000
39737	39739	39741	588	3.1400	4.2000
39739	39741	39743	589	3.1400	4.2000
39741	39743	39745	590	3.1400	4.2000
39743	39745	39747	591	3.1400	4.2000
39745	39747	39749	592	3.1400	4.2000
39747	39749	39751	593	3.1400	4.2000
39749	39751	39753	594	3.1400	4.2000
39751	39753	39755	595	3.1400	4.2000
39753	39755	39757	596	3.1400	4.2000
39755	39757	39759	597	3.1400	4.2000
39757	39759	39761	598	3.1400	4.2000
39759	39761	39763	599	3.1400	4.2000
39761	39763	39765	600	3.1400	4.2000
39763	39765	39767	601	3.1400	4.2000
39765	39767	39769	602	3.1400	4.2000
39767	39769	39771	603	3.1400	4.2000
39769	39771	39773	604	3.1400	4.2000
39771	39773	39775	605	3.1400	4.2000
39773	39775	39777	606	3.1400	4.2000
39775	39777	39779	607	3.1400	4.2000
39781	39783	39785	608	3.1400	4.2000
39783	39785	39787	609	3.1400	4.2000
39785	39787	39789	610	3.1400	4.2000
39787	39789	39791	611	3.1400	4.2000
39789	39791	39793	612	3.1400	4.2000
39791	39793	39795	613	3.1400	4.2000
39793	39795	39797	614	3.1400	4.2000
39795	39797	39799	615	3.1400	4.2000
39797	39799	39801	616	3.1400	4.2000
39799	39801	39803	617	3.1400	4.2000
39801	39803	39805	618	3.1400	4.2000
39803	39805	39807	619	3.1400	4.2000
39805	39807	39809	620	3.1400	4.2000
39807	39809	39811	621	3.1400	4.2000
39809	39811	39813	622	3.1400	4.2000
39811	39813	39815	623	3.1400	4.2000
39813	39815	39817	624	3.1400	4.2000
39815	39817	39819	625	3.1400	4.2000
39817	39819	39821	626	3.1400	4.2000
39819	39821	39823	627	3.1400	4.2000
39821	39823	39825	628	3.1400	4.2000
39823	39825	39827	629	3.1400	4.2000
39825	39827	39829	630	3.1400	4.2000
39827	39829	39831	631	3.1400	4.2000
39829	39831	39833	632	3.1400	4.2000
39831	39833	39835	633	3.1400	4.2000
39833	39835	39837	634	3.1400	4.2000
39835	39837	39839	635	3.1400	4.2000
39837	39839	39841	636	3.1400	4.2000
39839	39841	39843	637	3.1400	4.2000
39841	39843	39845	638	3.1400	4.2000
39843	39845	39847	639	3.1400	4.2000
39845	39847	39849	640	3.1400	4.2000
39847	39849	39851	641	3.1400	4.2000
39849	39851	39853	642	3.1400	4.2000
39851	39853	39855	643	3.1400	4.2000
39853	39855	39857	644	3.1400	4.2000
39855	39857	39859	645	3.1400	4.2000
39861	39863	39865	646	3.1400	4.2000
39863	39865	39867	647	3.1400	4.2000
39865	39867	39869	648	3.1400	4.2000
39867	39869	39871	649	3.1400	4.2000
39869	39871	39873	650	3.1400	4.2000
39871	39873	39875	651	3.1400	4.2000
39873	39875	39877	652	3.1400	4.2000
39875	39877	39879	653	3.1400	4.2000
39877	39879	39881	654	3.1400	4.2000
39879	39881	39883	655	3.1400	4.2000
39881	39883	39885	656	3.1400	4.2000
39883	39885	39887	657	3.1400	4.2000
39885	39887	39889	658	3.1400	4.2000
39887	39889	39891	659	3.1400	4.2000
39889	39891	39893	660	3.1400	4.2000
39891	39893	39895	661	3.1400	4.2000
39893	39895	39897	662	3.1400	4.2000
39895	39897	39899	663	3.1400	4.2000
39897	39899	39901	664	3.1400	4.2000
39899	39901	39903	665	3.1400	4.2000
39901	39903	39905	666	3.1400	4.2000
39903	39905	39907	667	3.1400	4.2000
39905	39907	39909	668	3.1400	4.2000
39907	39909	39911	669	3.1400	4.2000
39909	39911	39913	670	3.1400	4.2000
39911	39913	39915	671	3.1400	4.2000
39913	39915	39917	672	3.1400	4.2000
39915	39917	39919	673	3.1400	4.2000
39917	39919	39921	674	3.1400	4.2000
39919	39921	39923	675	3.1400	4.2000
39921	39923	39925	676	3.1400	4.2000
39923	39925	39927	677	3.1400	4.2000
39925	39927	39929	678	3.1400	4.2000
39927	39929	39931	679	3.1400	4.2000
39929	39931	39933	680	3.1400	4.2000
39931	39933	39935	681	3.1400	4.2000
39933	39935	39937	682	3.1400	4.2000
39935	39937	39939	683	3.1400	4.2000
39941	39943	39945	684	3.1400	4.2000
39943	39945	39947	685	3.1400	4.2000
39945	39947	39949	686	3.1400	4.2000
39947	39949	39951	687	3.1400	4.2000
39949	39951	39953	688	3.1400	4.2000
39951	39953	39955	689	3.1400	4.2000
39953	39955	39957	690	3.1400	4.2000
39955	39957	39959	691	3.1400	4.2000
39957	39959	39961	692	3.1400	4.2000
39959	39961	39963	693	3.1400	4.2000
39961	39963	39965	694	3.1400	4.2000
39963	39965	39967	695	3.1400	4.2000
39965	39967	39969	696	3.1400	4.2000
39967	39969	39971	697	3.1400	4.2000
39969	39971	39973	698	3.1400	4.2000
39971	39973	39975	699	3.1400	4.2000
39973	39975	39977	700	3.1400	4.2000
39975	39977	39979	701	3.1400	4.2000
39977	39979	39981	702	3.1400	4.2000
39979	39981	39983	703	3.1400	4.2000
39981	39983	39985	704	3.1400	4.2000
39983	39985	39987	705	3.1400	4.2000
39985	39987	39989	706	3.1400	4.2000
39987	39989	39991	707	3.1400	4.2000
39989	39991	39993	708	3.1400	4.2000
39991	39993	39995	709	3.1400	4.2000
39993	39995	39997	710	3.1400	4.2000
39995	39997	39999	711	3.1400	4.2000
39997	39999	40001	712	3.1400	4.2000
39999	40001	40003	713	3.1400	4.2000
40001	40003	40005	714	3.1400	4.2000
40003	40005	40007	715	3.1400	4.2000
40005	40007	40009	716	3.1400	4.2000
40007	40009	40011	717	3.1400	4.2000
40009	40011	40013	718	3.1400	4.2000
40011	40013	40015	719	3.1400	4.2000
40013	40015	40017	720	3.1400	4.2000
40015	40017	40019	721	3.1400	4.2000
40021	40023	40025	722	3.1400	4.2000
40023	40025	40027	723	3.1400	4.2000
40025	40027	40029	724	3.1400	4.2000
40027	40029	40031	725	3.1400	4.2000
40029	40031	40033	726	3.1400	4.2000
40031	40033	40035	727	3.1400	4.2000
40033	40035	40037	728	3.1400	4.2000
40035	40037	40039	729	3.1400	4.2000
40037	40039	40041	730	3.1400	4.2000
40039	40041	40043	731	3.1400	4.2000
40041	40043	40045	732	3.1400	4.2000
40043	40045	40047	733	3.1400	4.2000
40045	40047	40049	734	3.1400	4.2000
40047	40049	40051	735	3.1400	4.2000
40049	40051	40053	736	3.1400	4.2000
40051	40053	40055	737	3.1400	4.2000
40053	40055	40057	738	3.1400	4.2000
40055	40057	40059	739	3.1400	4.2000
40057	40059	40061	740	3.1400	4.2000
40059	40061	40063	741	3.1400	4.2000
40061	40063	40065	742	3.1400	4.2000
40063	40065	40067	743	3.1400	4.2000
40065	40067	40069	744	3.1400	4.2000
40067	40069	40071	745	3.1400	4.2000
40069	40071	40073	746	3.1400	4.2000
40071	40073	40075	747	3.1400	4.2000
40073	40075	40077	748	3.1400	4.2000
40075	40077	40079	749	3.1400	4.2000
40077	40079	40081	750	3.1400	4.2000
40079	40081	40083	751	3.1400	4.2000
40081	40083	40085	752	3.1400	4.2000
40083	40085	40087	753	3.1400	4.2000
40085	40087	40089	754	3.1400	4.2000
40087	40089	40091	755	3.1400	4.2000
40089	40091	40093	756	3.1400	4.2000
40091	40093	40095	757	3.1400	4.2000
40093	40095	40097	758	3.1400	4.2000
40095	40097	40099	759	3.1400	4.2000
40101	40103	40105	760	3.1400	4.2000
40103	40105	40107	761	3.1400	4.2000
40105	40107	40109	762	3.1400	4.2000
40107	40109	40111	763	3.1400	4.2000
40109	40111	40113	764	3.1400	4.2000
40111	40113	40115	765	3.1400	4.2000
40113	40115	40117	766	3.1400	4.2000
40115	40117	40119	767	3.1400	4.2000
40117	40119	40121	768	3.1400	4.2000
40119	40121	40123	769	3.1400	4.2000
40121	40123	40125	770	3.1400	4.2000
40123	40125	40127	771	3.1400	4.2000
40125	40127	40129	772	3.1400	4.2000
40127	40129	40131	773	3.1400	4.2000
40129	40131	40133	774	3.1400	4.2000
40131	40133	40135	775	3.1400	4.2000
40133	40135	40137	776	3.1400	4.2000
40135	40137	40139	777	3.1400	4.2000
40137	40139	40141	778	3.1400	4.2000
40139	40141	40143	779	3.1400	4.2000
40141	40143	40145	780	3.1400	4.2000
40143	40145	40147	781	3.1400	4.2000
40145	40147	40149	782	3.1400	4.2000
40147	40149	40151	783	3.1400	4.2000
40149	40151	40153	784	3.1400	4.2000
40151	40153	40155	785	3.1400	4.2000
40153	40155	40157	786	3.1400	4.2000
40155	40157	40159	787	3.1400	4.2000
40157	40159	40161	788	3.1400	4.2000
40159	40161	40163	789	3.1400	4.2000
40161	40163	40165	790	3.1400	4.2000
40163	40165	40167	791	3.1400	4.2000
40165	40167	40169	792	3.1400	4.2000
40167	40169	40171	793	3.1400	4.2000
40169	40171	40173	794	3.1400	4.2000
40171	40173	40175	795	3.1400	4.2000
40173	40175	40177	796	3.1400	4.2000
40175	40177	40179	797	3.1400	4.2000
40181	40183	40185	798	3.1400	4.2000
40183	40185	40187	799	3.1400	4.2000
40185	40187	40189	800	3.1400	4.2000
40187	40189	40191	801	3.1400	4.2000
40189	40191	40193	802	3.1400	4.2000
40191	40193	40195	803	3.1400	4.2000
40193	40195	40197	804	3.1400	4.2000
40195	40197	40199	805	3.1400	4.2000
40197	40199	40201	806	3.1400	4.2000
40199	40201	40203	807	3.1400	4.2000
40201	40203	40205	808	3.1400	4.2000
40203	40205	40207	809	3.1400	4.2000
40205	40207	40209	810	3.1400	4.2000
40207	40209	40211	811	3.1400	4.2000
40209	40211	40213	812	3.1400	4.2000
40211	40213	40215	813	3.1400	4.2000
40213	40215	40217	814	3.1400	4.2000
40215	40217	40219	815	3.1400	4.2000
40217	40219	40221	816	3.1400	4.2000
40219	40221	40223	817	3.1400	4.2000
40221	40223	40225	818	3.1400	4.2000
40223	40225	40227	819	3.1400	4.2000
40225	40227	40229	820	3.1400	4.2000
40227	40229	40231	821	3.1400	4.2000
40229	40231	40233	822	3.1400	4.2000
40231	40233	40235	823	3.1400	4.2000
40233	40235	40237	824	3.1400	4.2000
40235	40237	40239	825	3.1400	4.2000
40237	40239	40241	826	3.1400	4.2000
40239	40241	40243	827	3.1400	4.2000
40241	40243	40245	828	3.1400	4.2000
40243	40245	40247	829	3.1400	4.2000
40245	40247	40249	830	3.1400	4.2000
40247	40249	40251	831	3.1400	4.2000
40249	40251	40253	832	3.1400	4.2000
40251	40253	40255	833	3.1400	4.2000
40253	40255	40257	834	3.1400	4.2000
40255	40257	40259	835	3.1400	4.2000
40261	40263	40265	836	3.1400	4.2000
40263	40265	40267	837	3.1400	4.2000
40265	40267	40269	838	3.1400	4.2000
40267	40269	40271	839	3.1400	4.2000
40269	40271	40273	840	3.1400	4.2000
40271	40273	40275	841	3.1400	4.2000
40273	40275	40277	842	3.1400	4.2000
40275	40277	40279	843	3.1400	4.2000
40277	40279	40281	844	3.1400	4.2000
40279	40281	40283	845	3.1400	4.2000
40281	40283	40285	846	3.1400	4.2000
40283	40285	40287	847	3.1400	4.2000
40285	40287	40289	848	3.1400	4.2000
40287	40289	40291	849	3.1400	4.2000
40289	40291	40293	850	3.1400	4.2000
40291	40293	40295	851	3.1400	4.2000
40293	40295	40297	852	3.1400	4.2000
40295	40297	40299	853	3.1400	4.2000
40297	40299	40301	854	3.1400	4.2000
40299	40301	40303	855	3.1400	4.2000
40301	40303	40305	856	3.1400	4.2000
40303	40305	40307	857	3.1400	4.2000
40305	40307	40309	858	3.1400	4.2000
40307	40309	40311	859	3.1400	4.2000
40309	40311	40313	860	3.1400	4.2000
40311	40313	40315	861	3.1400	4.2000
40313	40315	40317	862	3.1400	4.2000
40315	40317	40319	863	3.1400	4.2000
40317	40319	40321	864	3.1400	4.2000
40319	40321	40323	865	3.1400	4.2000
40321	40323	40325	866	3.1400	4.2000
40323	40325	40327	867	3.1400	4.2000
40325	40327	40329	868	3.1400	4.2000
40327	40329	40331	869	3.1400	4.2000
40329	40331	40333	870	3.1400	4.2000
40331	40333	40335	871	3.1400	4.2000
40333	40335	40337	872	3.1400	4.2000
40335	40337	40339	873	3.1400	4.2000
40341	40343	40345	874	3.1400	4.2000
40343	40345	40347	875	3.1400	4.2000
40345	40347	40349	876	3.1400	4.2000
40347	40349	40351	877	3.1400	4.2000
40349	40351	40353	878	3.1400	4.2000
40351	40353	40355	879	3.1400	4.2000
40353	40355	40357	880	3.1400	4.2000
40355	40357	40359	881	3.1400	4.2000
40357	40359	40361	882	3.1400	4.2000
40359	40361	40363	883	3.1400	4.2000
40361	40363	40365	884	3.1400	4.2000
40363	40365	40367	885	3.1400	4.2000
40365	40367	40369	886	3.1400	4.2000
40367	40369	40371	887	3.1400	4.2000
40369	40371	40373	888	3.1400	4.2000
40371	40373	40375	889	3.1400	4.2000
40373	40375	40377	890	3.1400	4.2000
40375	40377	40379	891	3.1400	4.2000
40377	40379	40381	892	3.1400	4.2000
40379	40381	40383	893	3.1400	4.2000
40381	40383	40385	894	3.1400	4.2000
40383	40385	40387	895	3.1400	4.2000
40385	40387	40389	896	3.1400	4.2000
40387	40389	40391	897	3.1400	4.2000
40389	40391	40393	898	3.1400	4.2000
40391	40393	40395	899	3.1400	4.2000
40393	40395	40397	900	3.1400	4.2000
40395	40397	40399	901	3.1400	4.2000
40397	40399	40401	902	3.1400	4.2000
40399	40401	40403	903	3.1400	4.2000
40401	40403	40405	904	3.1400	4.2000
40403	40405	40407	905	3.1400	4.2000
40405	40407	40409	906	3.1400	4.2000
40407	40409	40411	907	3.1400	4.2000
40409	40411	40413	908	3.1400	4.2000
40411	40413	40415	909	3.1400	4.2000
40413	40415	40417	910	3.1400	4.2000
40415	40417	40419	911	3.1400	4.2000
40421	40423	40425	912	3.1400	4.2000
40423	40425	40427	913	3.1400	4.2000
40425	40427	40429	914	3.1400	4.2000
40427	40429	40431	915	3.1400	4.2000
40429	40431	40433	916	3.1400	4.2000
40431	40433	40435	917	3.1400	4.2000
40433	40435	40437	918	3.1400	4.2000
40435	40437	40439	919	3.1400	4.2000
40437	40439	40441	920	3.1400	4.2000
40439	40441	40443	921	3.1400	4.2000
40441	40443	40445	922	3.1400	4.2000
40443	40445	40447	923	3.1400	4.2000
40445	40447	40449	924	3.1400	4.2000
40447	40449	40451	925	3.1400	4.2000
40449	40451	40453	926	3.1400	4.2000
40451	40453	40455	927	3.1400	4.2000
40453	40455	40457	928	3.1400	4.2000
40455	40457	40459	929	3.1400	4.2000
40457	40459	40461	930	3.1400	4.2000
40459	40461	40463	931	3.1400	4.2000
40461	40463	40465	932	3.1400	4.2000
40463	40465	40467	933	3.1400	4.2000
40465	40467	40469	934	3.1400	4.2000
40467	40469	40471	935	3.1400	4.2000
40469	40471	40473	936	3.1400	4.2000
40471	40473	40475	937	3.1400	4.2000
40473	40475	40477	938	3.1400	4.2000
40475	40477	40479	939	3.1400	4.2000
40477	40479	40481	940	3.1400	4.2000
40479	40481	40483	941	3.1400	4.2000
40481	40483	40485	942	3.1400	4.2000
40483	40485	40487	943	3.1400	4.2000
40485	40487	40489	944	3.1400	4.2000
40487	40489	40491	945	3.1400	4.2000
40489	40491	40493	946	3.1400	4.2000
40491	40493	40495	947	3.1400	4.2000
40493	40495	40497	948	3.1400	4.2000
40495	40497	40499	949	3.1400	4.2000
40501	40503	40505	950	3.1400	4.2000
40503	40505	40507	951	3.1400	4.2000
40505	40507	40509	952	3.1400	4.2000
40507	40509	40511	953	3.1400	4.2000
40509	40511	40513	954	3.1400	4.2000
40511	40513	40515	955	3.1400	4.2000
40513	40515	40517	956	3.1400	4.2000
40515	40517	40519	957	3.1400	4.2000
40517	40519	40521	958	3.1400	4.2000
40519	40521	40523	959	3.1400	4.2000
40521	40523	40525	960	3.1400	4.2000
40523	40525	40527	961	3.1400	4.2000
40525	40527	40529	962	3.1400	4.2000
40527	40529	40531	963	3.1400	4.2000
40529	40531	40533	964	3.1400	4.2000
40531	40533	40535	965	3.1400	4.2000
40533	40535	40537	966	3.1400	4.2000
40535	40537	40539	967	3.1400	4.2000
40537	40539	40541	968	3.1400	4.2000
40539	40541	40543	969	3.1400	4.2000
40541	40543	40545	970	3.1400	4.2000
40543	40545	40547	971	3.1400	4.2000
40545	40547	40549	972	3.1400	4.2000
40547	40549	40551	973	3.1400	4.2000
40549	40551	40553	974	3.1400	4.2000
40551	40553	40555	975	3.1400	4.2000
40553	40555	40557	976	3.1400	4.2000
40555	40557	40559	977	3.1400	4.2000
40557	40559	40561	978	3.1400	4.2000
40559	40561	40563	979	3.1400	4.2000
40561	40563	40565	980	3.1400	4.2000
40563	40565	40567	981	3.1400	4.2000
40565	40567	40569	982	3.1400	4.2000
40567	40569	40571	983	3.1400	4.2000
40569	40571	40573	984	3.1400	4.2000
40571	40573	40575	985	3.1400	4.2000
40573	40575	40577	986	3.1400	4.2000
40575	40577	40579	987	3.1400	4.2000
40581	40583	40585	988	3.1400	4.2000
40583	40585	40587	989	3.1400	4.2000
40585	40587	40589	990	3.1400	4.2000
40587	40589	40591	991	3.1400	4.2000
40589	40591	40593	992	3.1400	4.2000
40591	40593	40595	993	3.1400	4.2000
40593	40595	40597	994	3.1400	4.2000
40595	40597	40599	995	3.1400	4.2000
40597	40599	40601	996	3.1400	4.2000
40599	40601	40603	997	3.1400	4.2000
40601	40603	40605	998	3.1400	4.2000
40603	40605	40607	999	3.1400	4.2000
40605	40607	40609	1000	3.1400	4.2000
40607	40609	40611	1001	3.1400	4.2000
40609	40611	40613	1002	3.1400	4.2000
40611	40613	40615	1003	3.1400	4.2000
40613	40615	40617	1004	3.1400	4.2000
40615	40617	40619	1005	3.1400	4.2000
40617	40619	40621	1006	3.1400	4.2000
40619	40621	40623	1007	3.1400	4.2000
40621	40623	40625	1008	3.1400	4.2000
40623	40625	40627	1009	3.1400	4.2000
40625	40627	40629	1010	3.1400	4.2000
40627	40629	40631	1011	3.1400	4.2000
40629	40631	40633	1012	3.1400	4.2000
40631	40633	40635	1013	3.1400	4.2000
40633	40635	40637	1014	3.1400	4.2000
40635	40637	40639	1015	3.1400	4.2000
40637	40639	40641	1016	3.1400	4.2000
40639	40641	40643	1017	3.1400	4.2000
40641	40643	40645	1018	3.1400	4.2000
40643	40645	40647	1019	3.1400	4.2000
40645	40647	40649	1020	3.1400	4.2000
40647	40649	40651	1021	3.1400	4.2000
40649	40651	40653	1022	3.1400	4.2000
40651	40653	40655	1023	3.1400	4.2000
40653	40655	40657	1024	3.1400	4.2000
40655	40657	40659	1025	3.1400	4.2000
40661	40663	40665	1026	3.1400	4.2000
40663	40665	40667	1027	3.1400	4.2000
40665	40667	40669	1028	3.1400	4.2000
40667	40669	40671	1029	3.1400	4.2000
40669	40671	40673	1030	3.1400	4.2000
40671	40673	40675	1031	3.1400	4.2000
40673	40675	40677	1032	3.1400	4.2000
40675	40677	40679	1033	3.1400	4.2000
40677	40679	40681	1034	3.1400	4.2000
40679	40681	40683	1035	3.1400	4.2000
40681	40683	40685	1036	3.1400	4.2000
40683	40685	40687	1037	3.1400	4.2000
40685	40687	40689	1038	3.1400	4.2000
40687	40689	40691	1039	3.1400	4.2000
40689	40691	40693	1040	3.1400	4.2000
40691	40693	40695	1041	3.1400	4.2000
40693	40695	40697	1042	3.1400	4.2000
40695	40697	40699	1043	3.1400	4.2000
40697	40699	40701	1044	3.1400	4.2000
40699	40701	40703	1045	3.1400	4.2000
40701	40703	40705	1046	3.1400	4.2000
40703	40705	40707	1047	3.1400	4.2000
40705	40707	40709	1048	3.1400	4.2000
40707	40709	40711	1049	3.1400	4.2000
40709	40711	40713	1050	3.1400	4.2000
40711	40713	40715	1051	3.1400	4.2000
40713	40715	40717	1052	3.1400	4.2000
40715	40717	40719	1053	3.1400	4.2000
40717	40719	40721	1054	3.1400	4.2000
40719	40721	40723	1055	3.1400	4.2000
40721	40723	40725	1056	3.1400	4.2000
40723	40725	40727	1057	3.1400	4.2000
40725	40727	40729	1058	3.1400	4.2000
40727	40729	40731	1059	3.1400	4.2000
40729	40731	40733	1060	3.1400	4.2000
40731	40733	40735	1061	3.1400	4.2000
40733	40735	40737	1062	3.1400	4.2000
40735	40737	40739	1063	3.1400	4.2000
40741	40743	40745	1064	3.1400	4.2000
40743	40745	40747	1065	3.1400	4.2000
40745	40747	40749	1066	3.1400	4.2000
40747	40749	40751	1067	3.1400	4.2000
40749	40751	40753	1068	3.1400	4.2000
40751	40753	40755	1069	3.1400	4.2000
40753	40755	40757	1070	3.1400	4.2000
40755	40757	40759	1071	3.1400	4.2000
40757	40759	40761	1072	3.1400	4.2000
40759	40761	40763	1073	3.1400	4.2000
40761	40763	40765	1074	3.1400	4.2000
40763	40765	40767	1075	3.1400	4.2000
40765	40767	40769	1076	3.1400	4.2000
40767	40769	40771	1077	3.1400	4.2000
40769	40771	40773	1078	3.1400	4.2000
40771	40773	40775	1079	3.1400	4.2000
40773	40775	40777	1080	3.1400	4.2000
40775	40777	40779	1081	3.1400	4.2000
40777	40779	40781	1082	3.1400	4.2000
40779	40781	40783	1083	3.1400	4.2000
40781	40783	40785	1084	3.1400	4.2000
40783	40785	40787	1085	3.1400	4.2000
40785	40787	40789	1086	3.1400	4.2000
40787	40789	40791	1087	3.1400	4.2000
40789	40791	40793	1088	3.1400	4.2000
40791	40793	40795	1089	3.1400	4.2000
40793	40795	40797	1090	3.1400	4.2000
40795	40797	40799	1091	3.1400	4.2000
40797	40799	40801	1092	3.1400	4.2000
40799	40801	40803	1093	3.1400	4.2000
40801	40803	40805	1094	3.1400	4.2000
40803	40805	40807	1095	3.1400	4.2000
40805	40807	40809	1096	3.1400	4.2000
40807	40809	40811	1097	3.1400	4.2000
40809	40811	40813	1098	3.1400	4.2000
40811	40813	40815	1099	3.1400	4.2000
40813	40815	40817	1100	3.1400	4.2000
40815	40817	40819	1101	3.1400	4.2000
40821	40823	40825	1102	3.1400	4.2000
40823	40825	40827	1103	3.1400	4.2000
40825	40827	40829	1104	3.1400	4.2000
40827	40829	40831	1105	3.1400	4.2000
40829	40831	40833	1106	3.1400	4.2000
40831	40833	40835	1107	3.1400	4.2000
40833	40835	40837	1108	3.1400	4.2000
40835	40837	40839	1109	3.1400	4.2000
40837	40839	40841	1110	3.1400	4.2000
40839	40841	40843	1111	3.1400	4.2000
40841	40843	40845	1112	3.1400	4.2000
40843	40845	40847	1113	3.1400	4.2000
40845	40847	40849	1114	3.1400	4.2000
40847	40849	40851	1115	3.1400	4.2000
40849	40851	40853	1116	3.1400	4.2000
40851	40853	40855	1117	3.1400	4.2000
40853	40855	40857	1118	3.1400	4.2000
40855	40857	40859	1119	3.1400	4.2000
40857	40859	40861	1120	3.1400	4.2000
40859	40861	40863	1121	3.1400	4.2000
40861	40863	40865	1122	3.1400	4.2000
40863	40865	40867	1123	3.1400	4.2000
40865	40867	40869	1124	3.1400	4.2000
40867	40869	40871	1125	3.1400	4.2000
40869	40871	40873	1126	3.1400	4.2000
40871	40873	40875	1127	3.1400	4.2000
40873	40875	40877	1128	3.1400	4.2000
40875	40877	40879	1129	3.1400	4.2000
40877	40879	40881	1130	3.1400	4.2000
40879	40881	40883	1131	3.1400	4.2000
40881	40883	40885	1132	3.1400	4.2000
40883	40885	40887	1133	3.1400	4.2000
40885	40887	40889	1134	3.1400	4.2000
40887	40889	40891	1135	3.1400	4.2000
40889	40891	40893	1136	3.1400	4.2000
40891	40893	40895	1137	3.1400	4.2000
40893	40895	40897	1138	3.1400	4.2000
40895	40897	40899	1139	3.1400	4.2000
