i	j	b_idx	sig	lam	n
38502	38504	0	0.4000	1.1800	15
38504	38506	1	0.4000	1.1800	15
38506	38508	2	0.4000	1.1800	15
38508	38510	3	0.4000	1.1800	15
38510	38512	4	0.4000	1.1800	15
38512	38514	5	0.4000	1.1800	15
38514	38516	6	0.4000	1.1800	15
38516	38518	7	0.4000	1.1800	15
38518	38520	8	0.4000	1.1800	15
38520	38522	9	0.4000	1.1800	15
38522	38524	10	0.4000	1.1800	15
38524	38526	11	0.4000	1.1800	15
38526	38528	12	0.4000	1.1800	15
38528	38530	13	0.4000	1.1800	15
38530	38532	14	0.4000	1.1800	15
38532	38534	15	0.4000	1.1800	15
38534	38536	16	0.4000	1.1800	15
38536	38538	17	0.4000	1.1800	15
38538	38540	18	0.4000	1.1800	15
38540	38542	19	0.4000	1.1800	15
38542	38544	20	0.4000	1.1800	15
38544	38546	21	0.4000	1.1800	15
38546	38548	22	0.4000	1.1800	15
38548	38550	23	0.4000	1.1800	15
38550	38552	24	0.4000	1.1800	15
38552	38554	25	0.4000	1.1800	15
38554	38556	26	0.4000	1.1800	15
38556	38558	27	0.4000	1.1800	15
38558	38560	28	0.4000	1.1800	15
38560	38562	29	0.4000	1.1800	15
38562	38564	30	0.4000	1.1800	15
38564	38566	31	0.4000	1.1800	15
38566	38568	32	0.4000	1.1800	15
38568	38570	33	0.4000	1.1800	15
38570	38572	34	0.4000	1.1800	15
38572	38574	35	0.4000	1.1800	15
38574	38576	36	0.4000	1.1800	15
38576	38578	37	0.4000	1.1800	15
38578	38580	38	0.4000	1.1800	15
38582	38584	39	0.4000	1.1800	15
38584	38586	40	0.4000	1.1800	15
38586	38588	41	0.4000	1.1800	15
38588	38590	42	0.4000	1.1800	15
38590	38592	43	0.4000	1.1800	15
38592	38594	44	0.4000	1.1800	15
38594	38596	45	0.4000	1.1800	15
38596	38598	46	0.4000	1.1800	15
38598	38600	47	0.4000	1.1800	15
38600	38602	48	0.4000	1.1800	15
38602	38604	49	0.4000	1.1800	15
38604	38606	50	0.4000	1.1800	15
38606	38608	51	0.4000	1.1800	15
38608	38610	52	0.4000	1.1800	15
38610	38612	53	0.4000	1.1800	15
38612	38614	54	0.4000	1.1800	15
38614	38616	55	0.4000	1.1800	15
38616	38618	56	0.4000	1.1800	15
38618	38620	57	0.4000	1.1800	15
38620	38622	58	0.4000	1.1800	15
38622	38624	59	0.4000	1.1800	15
38624	38626	60	0.4000	1.1800	15
38626	38628	61	0.4000	1.1800	15
38628	38630	62	0.4000	1.1800	15
38630	38632	63	0.4000	1.1800	15
38632	38634	64	0.4000	1.1800	15
38634	38636	65	0.4000	1.1800	15
38636	38638	66	0.4000	1.1800	15
38638	38640	67	0.4000	1.1800	15
38640	38642	68	0.4000	1.1800	15
38642	38644	69	0.4000	1.1800	15
38644	38646	70	0.4000	1.1800	15
38646	38648	71	0.4000	1.1800	15
38648	38650	72	0.4000	1.1800	15
38650	38652	73	0.4000	1.1800	15
38652	38654	74	0.4000	1.1800	15
38654	38656	75	0.4000	1.1800	15
38656	38658	76	0.4000	1.1800	15
38658	38660	77	0.4000	1.1800	15
38662	38664	78	0.4000	1.1800	15
38664	38666	79	0.4000	1.1800	15
38666	38668	80	0.4000	1.1800	15
38668	38670	81	0.4000	1.1800	15
38670	38672	82	0.4000	1.1800	15
38672	38674	83	0.4000	1.1800	15
38674	38676	84	0.4000	1.1800	15
38676	38678	85	0.4000	1.1800	15
38678	38680	86	0.4000	1.1800	15
38680	38682	87	0.4000	1.1800	15
38682	38684	88	0.4000	1.1800	15
38684	38686	89	0.4000	1.1800	15
38686	38688	90	0.4000	1.1800	15
38688	38690	91	0.4000	1.1800	15
38690	38692	92	0.4000	1.1800	15
38692	38694	93	0.4000	1.1800	15
38694	38696	94	0.4000	1.1800	15
38696	38698	95	0.4000	1.1800	15
38698	38700	96	0.4000	1.1800	15
38700	38702	97	0.4000	1.1800	15
38702	38704	98	0.4000	1.1800	15
38704	38706	99	0.4000	1.1800	15
38706	38708	100	0.4000	1.1800	15
38708	38710	101	0.4000	1.1800	15
38710	38712	102	0.4000	1.1800	15
38712	38714	103	0.4000	1.1800	15
38714	38716	104	0.4000	1.1800	15
38716	38718	105	0.4000	1.1800	15
38718	38720	106	0.4000	1.1800	15
38720	38722	107	0.4000	1.1800	15
38722	38724	108	0.4000	1.1800	15
38724	38726	109	0.4000	1.1800	15
38726	38728	110	0.4000	1.1800	15
38728	38730	111	0.4000	1.1800	15
38730	38732	112	0.4000	1.1800	15
38732	38734	113	0.4000	1.1800	15
38734	38736	114	0.4000	1.1800	15
38736	38738	115	0.4000	1.1800	15
38738	38740	116	0.4000	1.1800	15
38742	38744	117	0.4000	1.1800	15
38744	38746	118	0.4000	1.1800	15
38746	38748	119	0.4000	1.1800	15
38748	38750	120	0.4000	1.1800	15
38750	38752	121	0.4000	1.1800	15
38752	38754	122	0.4000	1.1800	15
38754	38756	123	0.4000	1.1800	15
38756	38758	124	0.4000	1.1800	15
38758	38760	125	0.4000	1.1800	15
38760	38762	126	0.4000	1.1800	15
38762	38764	127	0.4000	1.1800	15
38764	38766	128	0.4000	1.1800	15
38766	38768	129	0.4000	1.1800	15
38768	38770	130	0.4000	1.1800	15
38770	38772	131	0.4000	1.1800	15
38772	38774	132	0.4000	1.1800	15
38774	38776	133	0.4000	1.1800	15
38776	38778	134	0.4000	1.1800	15
38778	38780	135	0.4000	1.1800	15
38780	38782	136	0.4000	1.1800	15
38782	38784	137	0.4000	1.1800	15
38784	38786	138	0.4000	1.1800	15
38786	38788	139	0.4000	1.1800	15
38788	38790	140	0.4000	1.1800	15
38790	38792	141	0.4000	1.1800	15
38792	38794	142	0.4000	1.1800	15
38794	38796	143	0.4000	1.1800	15
38796	38798	144	0.4000	1.1800	15
38798	38800	145	0.4000	1.1800	15
38800	38802	146	0.4000	1.1800	15
38802	38804	147	0.4000	1.1800	15
38804	38806	148	0.4000	1.1800	15
38806	38808	149	0.4000	1.1800	15
38808	38810	150	0.4000	1.1800	15
38810	38812	151	0.4000	1.1800	15
38812	38814	152	0.4000	1.1800	15
38814	38816	153	0.4000	1.1800	15
38816	38818	154	0.4000	1.1800	15
38818	38820	155	0.4000	1.1800	15
38822	38824	156	0.4000	1.1800	15
38824	38826	157	0.4000	1.1800	15
38826	38828	158	0.4000	1.1800	15
38828	38830	159	0.4000	1.1800	15
38830	38832	160	0.4000	1.1800	15
38832	38834	161	0.4000	1.1800	15
38834	38836	162	0.4000	1.1800	15
38836	38838	163	0.4000	1.1800	15
38838	38840	164	0.4000	1.1800	15
38840	38842	165	0.4000	1.1800	15
38842	38844	166	0.4000	1.1800	15
38844	38846	167	0.4000	1.1800	15
38846	38848	168	0.4000	1.1800	15
38848	38850	169	0.4000	1.1800	15
38850	38852	170	0.4000	1.1800	15
38852	38854	171	0.4000	1.1800	15
38854	38856	172	0.4000	1.1800	15
38856	38858	173	0.4000	1.1800	15
38858	38860	174	0.4000	1.1800	15
38860	38862	175	0.4000	1.1800	15
38862	38864	176	0.4000	1.1800	15
38864	38866	177	0.4000	1.1800	15
38866	38868	178	0.4000	1.1800	15
38868	38870	179	0.4000	1.1800	15
38870	38872	180	0.4000	1.1800	15
38872	38874	181	0.4000	1.1800	15
38874	38876	182	0.4000	1.1800	15
38876	38878	183	0.4000	1.1800	15
38878	38880	184	0.4000	1.1800	15
38880	38882	185	0.4000	1.1800	15
38882	38884	186	0.4000	1.1800	15
38884	38886	187	0.4000	1.1800	15
38886	38888	188	0.4000	1.1800	15
38888	38890	189	0.4000	1.1800	15
38890	38892	190	0.4000	1.1800	15
38892	38894	191	0.4000	1.1800	15
38894	38896	192	0.4000	1.1800	15
38896	38898	193	0.4000	1.1800	15
38898	38900	194	0.4000	1.1800	15
38902	38904	195	0.4000	1.1800	15
38904	38906	196	0.4000	1.1800	15
38906	38908	197	0.4000	1.1800	15
38908	38910	198	0.4000	1.1800	15
38910	38912	199	0.4000	1.1800	15
38912	38914	200	0.4000	1.1800	15
38914	38916	201	0.4000	1.1800	15
38916	38918	202	0.4000	1.1800	15
38918	38920	203	0.4000	1.1800	15
38920	38922	204	0.4000	1.1800	15
38922	38924	205	0.4000	1.1800	15
38924	38926	206	0.4000	1.1800	15
38926	38928	207	0.4000	1.1800	15
38928	38930	208	0.4000	1.1800	15
38930	38932	209	0.4000	1.1800	15
38932	38934	210	0.4000	1.1800	15
38934	38936	211	0.4000	1.1800	15
38936	38938	212	0.4000	1.1800	15
38938	38940	213	0.4000	1.1800	15
38940	38942	214	0.4000	1.1800	15
38942	38944	215	0.4000	1.1800	15
38944	38946	216	0.4000	1.1800	15
38946	38948	217	0.4000	1.1800	15
38948	38950	218	0.4000	1.1800	15
38950	38952	219	0.4000	1.1800	15
38952	38954	220	0.4000	1.1800	15
38954	38956	221	0.4000	1.1800	15
38956	38958	222	0.4000	1.1800	15
38958	38960	223	0.4000	1.1800	15
38960	38962	224	0.4000	1.1800	15
38962	38964	225	0.4000	1.1800	15
38964	38966	226	0.4000	1.1800	15
38966	38968	227	0.4000	1.1800	15
38968	38970	228	0.4000	1.1800	15
38970	38972	229	0.4000	1.1800	15
38972	38974	230	0.4000	1.1800	15
38974	38976	231	0.4000	1.1800	15
38976	38978	232	0.4000	1.1800	15
38978	38980	233	0.4000	1.1800	15
38982	38984	234	0.4000	1.1800	15
38984	38986	235	0.4000	1.1800	15
38986	38988	236	0.4000	1.1800	15
38988	38990	237	0.4000	1.1800	15
38990	38992	238	0.4000	1.1800	15
38992	38994	239	0.4000	1.1800	15
38994	38996	240	0.4000	1.1800	15
38996	38998	241	0.4000	1.1800	15
38998	39000	242	0.4000	1.1800	15
39000	39002	243	0.4000	1.1800	15
39002	39004	244	0.4000	1.1800	15
39004	39006	245	0.4000	1.1800	15
39006	39008	246	0.4000	1.1800	15
39008	39010	247	0.4000	1.1800	15
39010	39012	248	0.4000	1.1800	15
39012	39014	249	0.4000	1.1800	15
39014	39016	250	0.4000	1.1800	15
39016	39018	251	0.4000	1.1800	15
39018	39020	252	0.4000	1.1800	15
39020	39022	253	0.4000	1.1800	15
39022	39024	254	0.4000	1.1800	15
39024	39026	255	0.4000	1.1800	15
39026	39028	256	0.4000	1.1800	15
39028	39030	257	0.4000	1.1800	15
39030	39032	258	0.4000	1.1800	15
39032	39034	259	0.4000	1.1800	15
39034	39036	260	0.4000	1.1800	15
39036	39038	261	0.4000	1.1800	15
39038	39040	262	0.4000	1.1800	15
39040	39042	263	0.4000	1.1800	15
39042	39044	264	0.4000	1.1800	15
39044	39046	265	0.4000	1.1800	15
39046	39048	266	0.4000	1.1800	15
39048	39050	267	0.4000	1.1800	15
39050	39052	268	0.4000	1.1800	15
39052	39054	269	0.4000	1.1800	15
39054	39056	270	0.4000	1.1800	15
39056	39058	271	0.4000	1.1800	15
39058	39060	272	0.4000	1.1800	15
39062	39064	273	0.4000	1.1800	15
39064	39066	274	0.4000	1.1800	15
39066	39068	275	0.4000	1.1800	15
39068	39070	276	0.4000	1.1800	15
39070	39072	277	0.4000	1.1800	15
39072	39074	278	0.4000	1.1800	15
39074	39076	279	0.4000	1.1800	15
39076	39078	280	0.4000	1.1800	15
39078	39080	281	0.4000	1.1800	15
39080	39082	282	0.4000	1.1800	15
39082	39084	283	0.4000	1.1800	15
39084	39086	284	0.4000	1.1800	15
39086	39088	285	0.4000	1.1800	15
39088	39090	286	0.4000	1.1800	15
39090	39092	287	0.4000	1.1800	15
39092	39094	288	0.4000	1.1800	15
39094	39096	289	0.4000	1.1800	15
39096	39098	290	0.4000	1.1800	15
39098	39100	291	0.4000	1.1800	15
39100	39102	292	0.4000	1.1800	15
39102	39104	293	0.4000	1.1800	15
39104	39106	294	0.4000	1.1800	15
39106	39108	295	0.4000	1.1800	15
39108	39110	296	0.4000	1.1800	15
39110	39112	297	0.4000	1.1800	15
39112	39114	298	0.4000	1.1800	15
39114	39116	299	0.4000	1.1800	15
39116	39118	300	0.4000	1.1800	15
39118	39120	301	0.4000	1.1800	15
39120	39122	302	0.4000	1.1800	15
39122	39124	303	0.4000	1.1800	15
39124	39126	304	0.4000	1.1800	15
39126	39128	305	0.4000	1.1800	15
39128	39130	306	0.4000	1.1800	15
39130	39132	307	0.4000	1.1800	15
39132	39134	308	0.4000	1.1800	15
39134	39136	309	0.4000	1.1800	15
39136	39138	310	0.4000	1.1800	15
39138	39140	311	0.4000	1.1800	15
39142	39144	312	0.4000	1.1800	15
39144	39146	313	0.4000	1.1800	15
39146	39148	314	0.4000	1.1800	15
39148	39150	315	0.4000	1.1800	15
39150	39152	316	0.4000	1.1800	15
39152	39154	317	0.4000	1.1800	15
39154	39156	318	0.4000	1.1800	15
39156	39158	319	0.4000	1.1800	15
39158	39160	320	0.4000	1.1800	15
39160	39162	321	0.4000	1.1800	15
39162	39164	322	0.4000	1.1800	15
39164	39166	323	0.4000	1.1800	15
39166	39168	324	0.4000	1.1800	15
39168	39170	325	0.4000	1.1800	15
39170	39172	326	0.4000	1.1800	15
39172	39174	327	0.4000	1.1800	15
39174	39176	328	0.4000	1.1800	15
39176	39178	329	0.4000	1.1800	15
39178	39180	330	0.4000	1.1800	15
39180	39182	331	0.4000	1.1800	15
39182	39184	332	0.4000	1.1800	15
39184	39186	333	0.4000	1.1800	15
39186	39188	334	0.4000	1.1800	15
39188	39190	335	0.4000	1.1800	15
39190	39192	336	0.4000	1.1800	15
39192	39194	337	0.4000	1.1800	15
39194	39196	338	0.4000	1.1800	15
39196	39198	339	0.4000	1.1800	15
39198	39200	340	0.4000	1.1800	15
39200	39202	341	0.4000	1.1800	15
39202	39204	342	0.4000	1.1800	15
39204	39206	343	0.4000	1.1800	15
39206	39208	344	0.4000	1.1800	15
39208	39210	345	0.4000	1.1800	15
39210	39212	346	0.4000	1.1800	15
39212	39214	347	0.4000	1.1800	15
39214	39216	348	0.4000	1.1800	15
39216	39218	349	0.4000	1.1800	15
39218	39220	350	0.4000	1.1800	15
39222	39224	351	0.4000	1.1800	15
39224	39226	352	0.4000	1.1800	15
39226	39228	353	0.4000	1.1800	15
39228	39230	354	0.4000	1.1800	15
39230	39232	355	0.4000	1.1800	15
39232	39234	356	0.4000	1.1800	15
39234	39236	357	0.4000	1.1800	15
39236	39238	358	0.4000	1.1800	15
39238	39240	359	0.4000	1.1800	15
39240	39242	360	0.4000	1.1800	15
39242	39244	361	0.4000	1.1800	15
39244	39246	362	0.4000	1.1800	15
39246	39248	363	0.4000	1.1800	15
39248	39250	364	0.4000	1.1800	15
39250	39252	365	0.4000	1.1800	15
39252	39254	366	0.4000	1.1800	15
39254	39256	367	0.4000	1.1800	15
39256	39258	368	0.4000	1.1800	15
39258	39260	369	0.4000	1.1800	15
39260	39262	370	0.4000	1.1800	15
39262	39264	371	0.4000	1.1800	15
39264	39266	372	0.4000	1.1800	15
39266	39268	373	0.4000	1.1800	15
39268	39270	374	0.4000	1.1800	15
39270	39272	375	0.4000	1.1800	15
39272	39274	376	0.4000	1.1800	15
39274	39276	377	0.4000	1.1800	15
39276	39278	378	0.4000	1.1800	15
39278	39280	379	0.4000	1.1800	15
39280	39282	380	0.4000	1.1800	15
39282	39284	381	0.4000	1.1800	15
39284	39286	382	0.4000	1.1800	15
39286	39288	383	0.4000	1.1800	15
39288	39290	384	0.4000	1.1800	15
39290	39292	385	0.4000	1.1800	15
39292	39294	386	0.4000	1.1800	15
39294	39296	387	0.4000	1.1800	15
39296	39298	388	0.4000	1.1800	15
39298	39300	389	0.4000	1.1800	15
39302	39304	390	0.4000	1.1800	15
39304	39306	391	0.4000	1.1800	15
39306	39308	392	0.4000	1.1800	15
39308	39310	393	0.4000	1.1800	15
39310	39312	394	0.4000	1.1800	15
39312	39314	395	0.4000	1.1800	15
39314	39316	396	0.4000	1.1800	15
39316	39318	397	0.4000	1.1800	15
39318	39320	398	0.4000	1.1800	15
39320	39322	399	0.4000	1.1800	15
39322	39324	400	0.4000	1.1800	15
39324	39326	401	0.4000	1.1800	15
39326	39328	402	0.4000	1.1800	15
39328	39330	403	0.4000	1.1800	15
39330	39332	404	0.4000	1.1800	15
39332	39334	405	0.4000	1.1800	15
39334	39336	406	0.4000	1.1800	15
39336	39338	407	0.4000	1.1800	15
39338	39340	408	0.4000	1.1800	15
39340	39342	409	0.4000	1.1800	15
39342	39344	410	0.4000	1.1800	15
39344	39346	411	0.4000	1.1800	15
39346	39348	412	0.4000	1.1800	15
39348	39350	413	0.4000	1.1800	15
39350	39352	414	0.4000	1.1800	15
39352	39354	415	0.4000	1.1800	15
39354	39356	416	0.4000	1.1800	15
39356	39358	417	0.4000	1.1800	15
39358	39360	418	0.4000	1.1800	15
39360	39362	419	0.4000	1.1800	15
39362	39364	420	0.4000	1.1800	15
39364	39366	421	0.4000	1.1800	15
39366	39368	422	0.4000	1.1800	15
39368	39370	423	0.4000	1.1800	15
39370	39372	424	0.4000	1.1800	15
39372	39374	425	0.4000	1.1800	15
39374	39376	426	0.4000	1.1800	15
39376	39378	427	0.4000	1.1800	15
39378	39380	428	0.4000	1.1800	15
39382	39384	429	0.4000	1.1800	15
39384	39386	430	0.4000	1.1800	15
39386	39388	431	0.4000	1.1800	15
39388	39390	432	0.4000	1.1800	15
39390	39392	433	0.4000	1.1800	15
39392	39394	434	0.4000	1.1800	15
39394	39396	435	0.4000	1.1800	15
39396	39398	436	0.4000	1.1800	15
39398	39400	437	0.4000	1.1800	15
39400	39402	438	0.4000	1.1800	15
39402	39404	439	0.4000	1.1800	15
39404	39406	440	0.4000	1.1800	15
39406	39408	441	0.4000	1.1800	15
39408	39410	442	0.4000	1.1800	15
39410	39412	443	0.4000	1.1800	15
39412	39414	444	0.4000	1.1800	15
39414	39416	445	0.4000	1.1800	15
39416	39418	446	0.4000	1.1800	15
39418	39420	447	0.4000	1.1800	15
39420	39422	448	0.4000	1.1800	15
39422	39424	449	0.4000	1.1800	15
39424	39426	450	0.4000	1.1800	15
39426	39428	451	0.4000	1.1800	15
39428	39430	452	0.4000	1.1800	15
39430	39432	453	0.4000	1.1800	15
39432	39434	454	0.4000	1.1800	15
39434	39436	455	0.4000	1.1800	15
39436	39438	456	0.4000	1.1800	15
39438	39440	457	0.4000	1.1800	15
39440	39442	458	0.4000	1.1800	15
39442	39444	459	0.4000	1.1800	15
39444	39446	460	0.4000	1.1800	15
39446	39448	461	0.4000	1.1800	15
39448	39450	462	0.4000	1.1800	15
39450	39452	463	0.4000	1.1800	15
39452	39454	464	0.4000	1.1800	15
39454	39456	465	0.4000	1.1800	15
39456	39458	466	0.4000	1.1800	15
39458	39460	467	0.4000	1.1800	15
39462	39464	468	0.4000	1.1800	15
39464	39466	469	0.4000	1.1800	15
39466	39468	470	0.4000	1.1800	15
39468	39470	471	0.4000	1.1800	15
39470	39472	472	0.4000	1.1800	15
39472	39474	473	0.4000	1.1800	15
39474	39476	474	0.4000	1.1800	15
39476	39478	475	0.4000	1.1800	15
39478	39480	476	0.4000	1.1800	15
39480	39482	477	0.4000	1.1800	15
39482	39484	478	0.4000	1.1800	15
39484	39486	479	0.4000	1.1800	15
39486	39488	480	0.4000	1.1800	15
39488	39490	481	0.4000	1.1800	15
39490	39492	482	0.4000	1.1800	15
39492	39494	483	0.4000	1.1800	15
39494	39496	484	0.4000	1.1800	15
39496	39498	485	0.4000	1.1800	15
39498	39500	486	0.4000	1.1800	15
39500	39502	487	0.4000	1.1800	15
39502	39504	488	0.4000	1.1800	15
39504	39506	489	0.4000	1.1800	15
39506	39508	490	0.4000	1.1800	15
39508	39510	491	0.4000	1.1800	15
39510	39512	492	0.4000	1.1800	15
39512	39514	493	0.4000	1.1800	15
39514	39516	494	0.4000	1.1800	15
39516	39518	495	0.4000	1.1800	15
39518	39520	496	0.4000	1.1800	15
39520	39522	497	0.4000	1.1800	15
39522	39524	498	0.4000	1.1800	15
39524	39526	499	0.4000	1.1800	15
39526	39528	500	0.4000	1.1800	15
39528	39530	501	0.4000	1.1800	15
39530	39532	502	0.4000	1.1800	15
39532	39534	503	0.4000	1.1800	15
39534	39536	504	0.4000	1.1800	15
39536	39538	505	0.4000	1.1800	15
39538	39540	506	0.4000	1.1800	15
39542	39544	507	0.4000	1.1800	15
39544	39546	508	0.4000	1.1800	15
39546	39548	509	0.4000	1.1800	15
39548	39550	510	0.4000	1.1800	15
39550	39552	511	0.4000	1.1800	15
39552	39554	512	0.4000	1.1800	15
39554	39556	513	0.4000	1.1800	15
39556	39558	514	0.4000	1.1800	15
39558	39560	515	0.4000	1.1800	15
39560	39562	516	0.4000	1.1800	15
39562	39564	517	0.4000	1.1800	15
39564	39566	518	0.4000	1.1800	15
39566	39568	519	0.4000	1.1800	15
39568	39570	520	0.4000	1.1800	15
39570	39572	521	0.4000	1.1800	15
39572	39574	522	0.4000	1.1800	15
39574	39576	523	0.4000	1.1800	15
39576	39578	524	0.4000	1.1800	15
39578	39580	525	0.4000	1.1800	15
39580	39582	526	0.4000	1.1800	15
39582	39584	527	0.4000	1.1800	15
39584	39586	528	0.4000	1.1800	15
39586	39588	529	0.4000	1.1800	15
39588	39590	530	0.4000	1.1800	15
39590	39592	531	0.4000	1.1800	15
39592	39594	532	0.4000	1.1800	15
39594	39596	533	0.4000	1.1800	15
39596	39598	534	0.4000	1.1800	15
39598	39600	535	0.4000	1.1800	15
39600	39602	536	0.4000	1.1800	15
39602	39604	537	0.4000	1.1800	15
39604	39606	538	0.4000	1.1800	15
39606	39608	539	0.4000	1.1800	15
39608	39610	540	0.4000	1.1800	15
39610	39612	541	0.4000	1.1800	15
39612	39614	542	0.4000	1.1800	15
39614	39616	543	0.4000	1.1800	15
39616	39618	544	0.4000	1.1800	15
39618	39620	545	0.4000	1.1800	15
39622	39624	546	0.4000	1.1800	15
39624	39626	547	0.4000	1.1800	15
39626	39628	548	0.4000	1.1800	15
39628	39630	549	0.4000	1.1800	15
39630	39632	550	0.4000	1.1800	15
39632	39634	551	0.4000	1.1800	15
39634	39636	552	0.4000	1.1800	15
39636	39638	553	0.4000	1.1800	15
39638	39640	554	0.4000	1.1800	15
39640	39642	555	0.4000	1.1800	15
39642	39644	556	0.4000	1.1800	15
39644	39646	557	0.4000	1.1800	15
39646	39648	558	0.4000	1.1800	15
39648	39650	559	0.4000	1.1800	15
39650	39652	560	0.4000	1.1800	15
39652	39654	561	0.4000	1.1800	15
39654	39656	562	0.4000	1.1800	15
39656	39658	563	0.4000	1.1800	15
39658	39660	564	0.4000	1.1800	15
39660	39662	565	0.4000	1.1800	15
39662	39664	566	0.4000	1.1800	15
39664	39666	567	0.4000	1.1800	15
39666	39668	568	0.4000	1.1800	15
39668	39670	569	0.4000	1.1800	15
39670	39672	570	0.4000	1.1800	15
39672	39674	571	0.4000	1.1800	15
39674	39676	572	0.4000	1.1800	15
39676	39678	573	0.4000	1.1800	15
39678	39680	574	0.4000	1.1800	15
39680	39682	575	0.4000	1.1800	15
39682	39684	576	0.4000	1.1800	15
39684	39686	577	0.4000	1.1800	15
39686	39688	578	0.4000	1.1800	15
39688	39690	579	0.4000	1.1800	15
39690	39692	580	0.4000	1.1800	15
39692	39694	581	0.4000	1.1800	15
39694	39696	582	0.4000	1.1800	15
39696	39698	583	0.4000	1.1800	15
39698	39700	584	0.4000	1.1800	15
39702	39704	585	0.4000	1.1800	15
39704	39706	586	0.4000	1.1800	15
39706	39708	587	0.4000	1.1800	15
39708	39710	588	0.4000	1.1800	15
39710	39712	589	0.4000	1.1800	15
39712	39714	590	0.4000	1.1800	15
39714	39716	591	0.4000	1.1800	15
39716	39718	592	0.4000	1.1800	15
39718	39720	593	0.4000	1.1800	15
39720	39722	594	0.4000	1.1800	15
39722	39724	595	0.4000	1.1800	15
39724	39726	596	0.4000	1.1800	15
39726	39728	597	0.4000	1.1800	15
39728	39730	598	0.4000	1.1800	15
39730	39732	599	0.4000	1.1800	15
39732	39734	600	0.4000	1.1800	15
39734	39736	601	0.4000	1.1800	15
39736	39738	602	0.4000	1.1800	15
39738	39740	603	0.4000	1.1800	15
39740	39742	604	0.4000	1.1800	15
39742	39744	605	0.4000	1.1800	15
39744	39746	606	0.4000	1.1800	15
39746	39748	607	0.4000	1.1800	15
39748	39750	608	0.4000	1.1800	15
39750	39752	609	0.4000	1.1800	15
39752	39754	610	0.4000	1.1800	15
39754	39756	611	0.4000	1.1800	15
39756	39758	612	0.4000	1.1800	15
39758	39760	613	0.4000	1.1800	15
39760	39762	614	0.4000	1.1800	15
39762	39764	615	0.4000	1.1800	15
39764	39766	616	0.4000	1.1800	15
39766	39768	617	0.4000	1.1800	15
39768	39770	618	0.4000	1.1800	15
39770	39772	619	0.4000	1.1800	15
39772	39774	620	0.4000	1.1800	15
39774	39776	621	0.4000	1.1800	15
39776	39778	622	0.4000	1.1800	15
39778	39780	623	0.4000	1.1800	15
39782	39784	624	0.4000	1.1800	15
39784	39786	625	0.4000	1.1800	15
39786	39788	626	0.4000	1.1800	15
39788	39790	627	0.4000	1.1800	15
39790	39792	628	0.4000	1.1800	15
39792	39794	629	0.4000	1.1800	15
39794	39796	630	0.4000	1.1800	15
39796	39798	631	0.4000	1.1800	15
39798	39800	632	0.4000	1.1800	15
39800	39802	633	0.4000	1.1800	15
39802	39804	634	0.4000	1.1800	15
39804	39806	635	0.4000	1.1800	15
39806	39808	636	0.4000	1.1800	15
39808	39810	637	0.4000	1.1800	15
39810	39812	638	0.4000	1.1800	15
39812	39814	639	0.4000	1.1800	15
39814	39816	640	0.4000	1.1800	15
39816	39818	641	0.4000	1.1800	15
39818	39820	642	0.4000	1.1800	15
39820	39822	643	0.4000	1.1800	15
39822	39824	644	0.4000	1.1800	15
39824	39826	645	0.4000	1.1800	15
39826	39828	646	0.4000	1.1800	15
39828	39830	647	0.4000	1.1800	15
39830	39832	648	0.4000	1.1800	15
39832	39834	649	0.4000	1.1800	15
39834	39836	650	0.4000	1.1800	15
39836	39838	651	0.4000	1.1800	15
39838	39840	652	0.4000	1.1800	15
39840	39842	653	0.4000	1.1800	15
39842	39844	654	0.4000	1.1800	15
39844	39846	655	0.4000	1.1800	15
39846	39848	656	0.4000	1.1800	15
39848	39850	657	0.4000	1.1800	15
39850	39852	658	0.4000	1.1800	15
39852	39854	659	0.4000	1.1800	15
39854	39856	660	0.4000	1.1800	15
39856	39858	661	0.4000	1.1800	15
39858	39860	662	0.4000	1.1800	15
39862	39864	663	0.4000	1.1800	15
39864	39866	664	0.4000	1.1800	15
39866	39868	665	0.4000	1.1800	15
39868	39870	666	0.4000	1.1800	15
39870	39872	667	0.4000	1.1800	15
39872	39874	668	0.4000	1.1800	15
39874	39876	669	0.4000	1.1800	15
39876	39878	670	0.4000	1.1800	15
39878	39880	671	0.4000	1.1800	15
39880	39882	672	0.4000	1.1800	15
39882	39884	673	0.4000	1.1800	15
39884	39886	674	0.4000	1.1800	15
39886	39888	675	0.4000	1.1800	15
39888	39890	676	0.4000	1.1800	15
39890	39892	677	0.4000	1.1800	15
39892	39894	678	0.4000	1.1800	15
39894	39896	679	0.4000	1.1800	15
39896	39898	680	0.4000	1.1800	15
39898	39900	681	0.4000	1.1800	15
39900	39902	682	0.4000	1.1800	15
39902	39904	683	0.4000	1.1800	15
39904	39906	684	0.4000	1.1800	15
39906	39908	685	0.4000	1.1800	15
39908	39910	686	0.4000	1.1800	15
39910	39912	687	0.4000	1.1800	15
39912	39914	688	0.4000	1.1800	15
39914	39916	689	0.4000	1.1800	15
39916	39918	690	0.4000	1.1800	15
39918	39920	691	0.4000	1.1800	15
39920	39922	692	0.4000	1.1800	15
39922	39924	693	0.4000	1.1800	15
39924	39926	694	0.4000	1.1800	15
39926	39928	695	0.4000	1.1800	15
39928	39930	696	0.4000	1.1800	15
39930	39932	697	0.4000	1.1800	15
39932	39934	698	0.4000	1.1800	15
39934	39936	699	0.4000	1.1800	15
39936	39938	700	0.4000	1.1800	15
39938	39940	701	0.4000	1.1800	15
39942	39944	702	0.4000	1.1800	15
39944	39946	703	0.4000	1.1800	15
39946	39948	704	0.4000	1.1800	15
39948	39950	705	0.4000	1.1800	15
39950	39952	706	0.4000	1.1800	15
39952	39954	707	0.4000	1.1800	15
39954	39956	708	0.4000	1.1800	15
39956	39958	709	0.4000	1.1800	15
39958	39960	710	0.4000	1.1800	15
39960	39962	711	0.4000	1.1800	15
39962	39964	712	0.4000	1.1800	15
39964	39966	713	0.4000	1.1800	15
39966	39968	714	0.4000	1.1800	15
39968	39970	715	0.4000	1.1800	15
39970	39972	716	0.4000	1.1800	15
39972	39974	717	0.4000	1.1800	15
39974	39976	718	0.4000	1.1800	15
39976	39978	719	0.4000	1.1800	15
39978	39980	720	0.4000	1.1800	15
39980	39982	721	0.4000	1.1800	15
39982	39984	722	0.4000	1.1800	15
39984	39986	723	0.4000	1.1800	15
39986	39988	724	0.4000	1.1800	15
39988	39990	725	0.4000	1.1800	15
39990	39992	726	0.4000	1.1800	15
39992	39994	727	0.4000	1.1800	15
39994	39996	728	0.4000	1.1800	15
39996	39998	729	0.4000	1.1800	15
39998	40000	730	0.4000	1.1800	15
40000	40002	731	0.4000	1.1800	15
40002	40004	732	0.4000	1.1800	15
40004	40006	733	0.4000	1.1800	15
40006	40008	734	0.4000	1.1800	15
40008	40010	735	0.4000	1.1800	15
40010	40012	736	0.4000	1.1800	15
40012	40014	737	0.4000	1.1800	15
40014	40016	738	0.4000	1.1800	15
40016	40018	739	0.4000	1.1800	15
40018	40020	740	0.4000	1.1800	15
40022	40024	741	0.4000	1.1800	15
40024	40026	742	0.4000	1.1800	15
40026	40028	743	0.4000	1.1800	15
40028	40030	744	0.4000	1.1800	15
40030	40032	745	0.4000	1.1800	15
40032	40034	746	0.4000	1.1800	15
40034	40036	747	0.4000	1.1800	15
40036	40038	748	0.4000	1.1800	15
40038	40040	749	0.4000	1.1800	15
40040	40042	750	0.4000	1.1800	15
40042	40044	751	0.4000	1.1800	15
40044	40046	752	0.4000	1.1800	15
40046	40048	753	0.4000	1.1800	15
40048	40050	754	0.4000	1.1800	15
40050	40052	755	0.4000	1.1800	15
40052	40054	756	0.4000	1.1800	15
40054	40056	757	0.4000	1.1800	15
40056	40058	758	0.4000	1.1800	15
40058	40060	759	0.4000	1.1800	15
40060	40062	760	0.4000	1.1800	15
40062	40064	761	0.4000	1.1800	15
40064	40066	762	0.4000	1.1800	15
40066	40068	763	0.4000	1.1800	15
40068	40070	764	0.4000	1.1800	15
40070	40072	765	0.4000	1.1800	15
40072	40074	766	0.4000	1.1800	15
40074	40076	767	0.4000	1.1800	15
40076	40078	768	0.4000	1.1800	15
40078	40080	769	0.4000	1.1800	15
40080	40082	770	0.4000	1.1800	15
40082	40084	771	0.4000	1.1800	15
40084	40086	772	0.4000	1.1800	15
40086	40088	773	0.4000	1.1800	15
40088	40090	774	0.4000	1.1800	15
40090	40092	775	0.4000	1.1800	15
40092	40094	776	0.4000	1.1800	15
40094	40096	777	0.4000	1.1800	15
40096	40098	778	0.4000	1.1800	15
40098	40100	779	0.4000	1.1800	15
40102	40104	780	0.4000	1.1800	15
40104	40106	781	0.4000	1.1800	15
40106	40108	782	0.4000	1.1800	15
40108	40110	783	0.4000	1.1800	15
40110	40112	784	0.4000	1.1800	15
40112	40114	785	0.4000	1.1800	15
40114	40116	786	0.4000	1.1800	15
40116	40118	787	0.4000	1.1800	15
40118	40120	788	0.4000	1.1800	15
40120	40122	789	0.4000	1.1800	15
40122	40124	790	0.4000	1.1800	15
40124	40126	791	0.4000	1.1800	15
40126	40128	792	0.4000	1.1800	15
40128	40130	793	0.4000	1.1800	15
40130	40132	794	0.4000	1.1800	15
40132	40134	795	0.4000	1.1800	15
40134	40136	796	0.4000	1.1800	15
40136	40138	797	0.4000	1.1800	15
40138	40140	798	0.4000	1.1800	15
40140	40142	799	0.4000	1.1800	15
40142	40144	800	0.4000	1.1800	15
40144	40146	801	0.4000	1.1800	15
40146	40148	802	0.4000	1.1800	15
40148	40150	803	0.4000	1.1800	15
40150	40152	804	0.4000	1.1800	15
40152	40154	805	0.4000	1.1800	15
40154	40156	806	0.4000	1.1800	15
40156	40158	807	0.4000	1.1800	15
40158	40160	808	0.4000	1.1800	15
40160	40162	809	0.4000	1.1800	15
40162	40164	810	0.4000	1.1800	15
40164	40166	811	0.4000	1.1800	15
40166	40168	812	0.4000	1.1800	15
40168	40170	813	0.4000	1.1800	15
40170	40172	814	0.4000	1.1800	15
40172	40174	815	0.4000	1.1800	15
40174	40176	816	0.4000	1.1800	15
40176	40178	817	0.4000	1.1800	15
40178	40180	818	0.4000	1.1800	15
40182	40184	819	0.4000	1.1800	15
40184	40186	820	0.4000	1.1800	15
40186	40188	821	0.4000	1.1800	15
40188	40190	822	0.4000	1.1800	15
40190	40192	823	0.4000	1.1800	15
40192	40194	824	0.4000	1.1800	15
40194	40196	825	0.4000	1.1800	15
40196	40198	826	0.4000	1.1800	15
40198	40200	827	0.4000	1.1800	15
40200	40202	828	0.4000	1.1800	15
40202	40204	829	0.4000	1.1800	15
40204	40206	830	0.4000	1.1800	15
40206	40208	831	0.4000	1.1800	15
40208	40210	832	0.4000	1.1800	15
40210	40212	833	0.4000	1.1800	15
40212	40214	834	0.4000	1.1800	15
40214	40216	835	0.4000	1.1800	15
40216	40218	836	0.4000	1.1800	15
40218	40220	837	0.4000	1.1800	15
40220	40222	838	0.4000	1.1800	15
40222	40224	839	0.4000	1.1800	15
40224	40226	840	0.4000	1.1800	15
40226	40228	841	0.4000	1.1800	15
40228	40230	842	0.4000	1.1800	15
40230	40232	843	0.4000	1.1800	15
40232	40234	844	0.4000	1.1800	15
40234	40236	845	0.4000	1.1800	15
40236	40238	846	0.4000	1.1800	15
40238	40240	847	0.4000	1.1800	15
40240	40242	848	0.4000	1.1800	15
40242	40244	849	0.4000	1.1800	15
40244	40246	850	0.4000	1.1800	15
40246	40248	851	0.4000	1.1800	15
40248	40250	852	0.4000	1.1800	15
40250	40252	853	0.4000	1.1800	15
40252	40254	854	0.4000	1.1800	15
40254	40256	855	0.4000	1.1800	15
40256	40258	856	0.4000	1.1800	15
40258	40260	857	0.4000	1.1800	15
40262	40264	858	0.4000	1.1800	15
40264	40266	859	0.4000	1.1800	15
40266	40268	860	0.4000	1.1800	15
40268	40270	861	0.4000	1.1800	15
40270	40272	862	0.4000	1.1800	15
40272	40274	863	0.4000	1.1800	15
40274	40276	864	0.4000	1.1800	15
40276	40278	865	0.4000	1.1800	15
40278	40280	866	0.4000	1.1800	15
40280	40282	867	0.4000	1.1800	15
40282	40284	868	0.4000	1.1800	15
40284	40286	869	0.4000	1.1800	15
40286	40288	870	0.4000	1.1800	15
40288	40290	871	0.4000	1.1800	15
40290	40292	872	0.4000	1.1800	15
40292	40294	873	0.4000	1.1800	15
40294	40296	874	0.4000	1.1800	15
40296	40298	875	0.4000	1.1800	15
40298	40300	876	0.4000	1.1800	15
40300	40302	877	0.4000	1.1800	15
40302	40304	878	0.4000	1.1800	15
40304	40306	879	0.4000	1.1800	15
40306	40308	880	0.4000	1.1800	15
40308	40310	881	0.4000	1.1800	15
40310	40312	882	0.4000	1.1800	15
40312	40314	883	0.4000	1.1800	15
40314	40316	884	0.4000	1.1800	15
40316	40318	885	0.4000	1.1800	15
40318	40320	886	0.4000	1.1800	15
40320	40322	887	0.4000	1.1800	15
40322	40324	888	0.4000	1.1800	15
40324	40326	889	0.4000	1.1800	15
40326	40328	890	0.4000	1.1800	15
40328	40330	891	0.4000	1.1800	15
40330	40332	892	0.4000	1.1800	15
40332	40334	893	0.4000	1.1800	15
40334	40336	894	0.4000	1.1800	15
40336	40338	895	0.4000	1.1800	15
40338	40340	896	0.4000	1.1800	15
40342	40344	897	0.4000	1.1800	15
40344	40346	898	0.4000	1.1800	15
40346	40348	899	0.4000	1.1800	15
40348	40350	900	0.4000	1.1800	15
40350	40352	901	0.4000	1.1800	15
40352	40354	902	0.4000	1.1800	15
40354	40356	903	0.4000	1.1800	15
40356	40358	904	0.4000	1.1800	15
40358	40360	905	0.4000	1.1800	15
40360	40362	906	0.4000	1.1800	15
40362	40364	907	0.4000	1.1800	15
40364	40366	908	0.4000	1.1800	15
40366	40368	909	0.4000	1.1800	15
40368	40370	910	0.4000	1.1800	15
40370	40372	911	0.4000	1.1800	15
40372	40374	912	0.4000	1.1800	15
40374	40376	913	0.4000	1.1800	15
40376	40378	914	0.4000	1.1800	15
40378	40380	915	0.4000	1.1800	15
40380	40382	916	0.4000	1.1800	15
40382	40384	917	0.4000	1.1800	15
40384	40386	918	0.4000	1.1800	15
40386	40388	919	0.4000	1.1800	15
40388	40390	920	0.4000	1.1800	15
40390	40392	921	0.4000	1.1800	15
40392	40394	922	0.4000	1.1800	15
40394	40396	923	0.4000	1.1800	15
40396	40398	924	0.4000	1.1800	15
40398	40400	925	0.4000	1.1800	15
40400	40402	926	0.4000	1.1800	15
40402	40404	927	0.4000	1.1800	15
40404	40406	928	0.4000	1.1800	15
40406	40408	929	0.4000	1.1800	15
40408	40410	930	0.4000	1.1800	15
40410	40412	931	0.4000	1.1800	15
40412	40414	932	0.4000	1.1800	15
40414	40416	933	0.4000	1.1800	15
40416	40418	934	0.4000	1.1800	15
40418	40420	935	0.4000	1.1800	15
40422	40424	936	0.4000	1.1800	15
40424	40426	937	0.4000	1.1800	15
40426	40428	938	0.4000	1.1800	15
40428	40430	939	0.4000	1.1800	15
40430	40432	940	0.4000	1.1800	15
40432	40434	941	0.4000	1.1800	15
40434	40436	942	0.4000	1.1800	15
40436	40438	943	0.4000	1.1800	15
40438	40440	944	0.4000	1.1800	15
40440	40442	945	0.4000	1.1800	15
40442	40444	946	0.4000	1.1800	15
40444	40446	947	0.4000	1.1800	15
40446	40448	948	0.4000	1.1800	15
40448	40450	949	0.4000	1.1800	15
40450	40452	950	0.4000	1.1800	15
40452	40454	951	0.4000	1.1800	15
40454	40456	952	0.4000	1.1800	15
40456	40458	953	0.4000	1.1800	15
40458	40460	954	0.4000	1.1800	15
40460	40462	955	0.4000	1.1800	15
40462	40464	956	0.4000	1.1800	15
40464	40466	957	0.4000	1.1800	15
40466	40468	958	0.4000	1.1800	15
40468	40470	959	0.4000	1.1800	15
40470	40472	960	0.4000	1.1800	15
40472	40474	961	0.4000	1.1800	15
40474	40476	962	0.4000	1.1800	15
40476	40478	963	0.4000	1.1800	15
40478	40480	964	0.4000	1.1800	15
40480	40482	965	0.4000	1.1800	15
40482	40484	966	0.4000	1.1800	15
40484	40486	967	0.4000	1.1800	15
40486	40488	968	0.4000	1.1800	15
40488	40490	969	0.4000	1.1800	15
40490	40492	970	0.4000	1.1800	15
40492	40494	971	0.4000	1.1800	15
40494	40496	972	0.4000	1.1800	15
40496	40498	973	0.4000	1.1800	15
40498	40500	974	0.4000	1.1800	15
40502	40504	975	0.4000	1.1800	15
40504	40506	976	0.4000	1.1800	15
40506	40508	977	0.4000	1.1800	15
40508	40510	978	0.4000	1.1800	15
40510	40512	979	0.4000	1.1800	15
40512	40514	980	0.4000	1.1800	15
40514	40516	981	0.4000	1.1800	15
40516	40518	982	0.4000	1.1800	15
40518	40520	983	0.4000	1.1800	15
40520	40522	984	0.4000	1.1800	15
40522	40524	985	0.4000	1.1800	15
40524	40526	986	0.4000	1.1800	15
40526	40528	987	0.4000	1.1800	15
40528	40530	988	0.4000	1.1800	15
40530	40532	989	0.4000	1.1800	15
40532	40534	990	0.4000	1.1800	15
40534	40536	991	0.4000	1.1800	15
40536	40538	992	0.4000	1.1800	15
40538	40540	993	0.4000	1.1800	15
40540	40542	994	0.4000	1.1800	15
40542	40544	995	0.4000	1.1800	15
40544	40546	996	0.4000	1.1800	15
40546	40548	997	0.4000	1.1800	15
40548	40550	998	0.4000	1.1800	15
40550	40552	999	0.4000	1.1800	15
40552	40554	1000	0.4000	1.1800	15
40554	40556	1001	0.4000	1.1800	15
40556	40558	1002	0.4000	1.1800	15
40558	40560	1003	0.4000	1.1800	15
40560	40562	1004	0.4000	1.1800	15
40562	40564	1005	0.4000	1.1800	15
40564	40566	1006	0.4000	1.1800	15
40566	40568	1007	0.4000	1.1800	15
40568	40570	1008	0.4000	1.1800	15
40570	40572	1009	0.4000	1.1800	15
40572	40574	1010	0.4000	1.1800	15
40574	40576	1011	0.4000	1.1800	15
40576	40578	1012	0.4000	1.1800	15
40578	40580	1013	0.4000	1.1800	15
40582	40584	1014	0.4000	1.1800	15
40584	40586	1015	0.4000	1.1800	15
40586	40588	1016	0.4000	1.1800	15
40588	40590	1017	0.4000	1.1800	15
40590	40592	1018	0.4000	1.1800	15
40592	40594	1019	0.4000	1.1800	15
40594	40596	1020	0.4000	1.1800	15
40596	40598	1021	0.4000	1.1800	15
40598	40600	1022	0.4000	1.1800	15
40600	40602	1023	0.4000	1.1800	15
40602	40604	1024	0.4000	1.1800	15
40604	40606	1025	0.4000	1.1800	15
40606	40608	1026	0.4000	1.1800	15
40608	40610	1027	0.4000	1.1800	15
40610	40612	1028	0.4000	1.1800	15
40612	40614	1029	0.4000	1.1800	15
40614	40616	1030	0.4000	1.1800	15
40616	40618	1031	0.4000	1.1800	15
40618	40620	1032	0.4000	1.1800	15
40620	40622	1033	0.4000	1.1800	15
40622	40624	1034	0.4000	1.1800	15
40624	40626	1035	0.4000	1.1800	15
40626	40628	1036	0.4000	1.1800	15
40628	40630	1037	0.4000	1.1800	15
40630	40632	1038	0.4000	1.1800	15
40632	40634	1039	0.4000	1.1800	15
40634	40636	1040	0.4000	1.1800	15
40636	40638	1041	0.4000	1.1800	15
40638	40640	1042	0.4000	1.1800	15
40640	40642	1043	0.4000	1.1800	15
40642	40644	1044	0.4000	1.1800	15
40644	40646	1045	0.4000	1.1800	15
40646	40648	1046	0.4000	1.1800	15
40648	40650	1047	0.4000	1.1800	15
40650	40652	1048	0.4000	1.1800	15
40652	40654	1049	0.4000	1.1800	15
40654	40656	1050	0.4000	1.1800	15
40656	40658	1051	0.4000	1.1800	15
40658	40660	1052	0.4000	1.1800	15
40662	40664	1053	0.4000	1.1800	15
40664	40666	1054	0.4000	1.1800	15
40666	40668	1055	0.4000	1.1800	15
40668	40670	1056	0.4000	1.1800	15
40670	40672	1057	0.4000	1.1800	15
40672	40674	1058	0.4000	1.1800	15
40674	40676	1059	0.4000	1.1800	15
40676	40678	1060	0.4000	1.1800	15
40678	40680	1061	0.4000	1.1800	15
40680	40682	1062	0.4000	1.1800	15
40682	40684	1063	0.4000	1.1800	15
40684	40686	1064	0.4000	1.1800	15
40686	40688	1065	0.4000	1.1800	15
40688	40690	1066	0.4000	1.1800	15
40690	40692	1067	0.4000	1.1800	15
40692	40694	1068	0.4000	1.1800	15
40694	40696	1069	0.4000	1.1800	15
40696	40698	1070	0.4000	1.1800	15
40698	40700	1071	0.4000	1.1800	15
40700	40702	1072	0.4000	1.1800	15
40702	40704	1073	0.4000	1.1800	15
40704	40706	1074	0.4000	1.1800	15
40706	40708	1075	0.4000	1.1800	15
40708	40710	1076	0.4000	1.1800	15
40710	40712	1077	0.4000	1.1800	15
40712	40714	1078	0.4000	1.1800	15
40714	40716	1079	0.4000	1.1800	15
40716	40718	1080	0.4000	1.1800	15
40718	40720	1081	0.4000	1.1800	15
40720	40722	1082	0.4000	1.1800	15
40722	40724	1083	0.4000	1.1800	15
40724	40726	1084	0.4000	1.1800	15
40726	40728	1085	0.4000	1.1800	15
40728	40730	1086	0.4000	1.1800	15
40730	40732	1087	0.4000	1.1800	15
40732	40734	1088	0.4000	1.1800	15
40734	40736	1089	0.4000	1.1800	15
40736	40738	1090	0.4000	1.1800	15
40738	40740	1091	0.4000	1.1800	15
40742	40744	1092	0.4000	1.1800	15
40744	40746	1093	0.4000	1.1800	15
40746	40748	1094	0.4000	1.1800	15
40748	40750	1095	0.4000	1.1800	15
40750	40752	1096	0.4000	1.1800	15
40752	40754	1097	0.4000	1.1800	15
40754	40756	1098	0.4000	1.1800	15
40756	40758	1099	0.4000	1.1800	15
40758	40760	1100	0.4000	1.1800	15
40760	40762	1101	0.4000	1.1800	15
40762	40764	1102	0.4000	1.1800	15
40764	40766	1103	0.4000	1.1800	15
40766	40768	1104	0.4000	1.1800	15
40768	40770	1105	0.4000	1.1800	15
40770	40772	1106	0.4000	1.1800	15
40772	40774	1107	0.4000	1.1800	15
40774	40776	1108	0.4000	1.1800	15
40776	40778	1109	0.4000	1.1800	15
40778	40780	1110	0.4000	1.1800	15
40780	40782	1111	0.4000	1.1800	15
40782	40784	1112	0.4000	1.1800	15
40784	40786	1113	0.4000	1.1800	15
40786	40788	1114	0.4000	1.1800	15
40788	40790	1115	0.4000	1.1800	15
40790	40792	1116	0.4000	1.1800	15
40792	40794	1117	0.4000	1.1800	15
40794	40796	1118	0.4000	1.1800	15
40796	40798	1119	0.4000	1.1800	15
40798	40800	1120	0.4000	1.1800	15
40800	40802	1121	0.4000	1.1800	15
40802	40804	1122	0.4000	1.1800	15
40804	40806	1123	0.4000	1.1800	15
40806	40808	1124	0.4000	1.1800	15
40808	40810	1125	0.4000	1.1800	15
40810	40812	1126	0.4000	1.1800	15
40812	40814	1127	0.4000	1.1800	15
40814	40816	1128	0.4000	1.1800	15
40816	40818	1129	0.4000	1.1800	15
40818	40820	1130	0.4000	1.1800	15
40822	40824	1131	0.4000	1.1800	15
40824	40826	1132	0.4000	1.1800	15
40826	40828	1133	0.4000	1.1800	15
40828	40830	1134	0.4000	1.1800	15
40830	40832	1135	0.4000	1.1800	15
40832	40834	1136	0.4000	1.1800	15
40834	40836	1137	0.4000	1.1800	15
40836	40838	1138	0.4000	1.1800	15
40838	40840	1139	0.4000	1.1800	15
40840	40842	1140	0.4000	1.1800	15
40842	40844	1141	0.4000	1.1800	15
40844	40846	1142	0.4000	1.1800	15
40846	40848	1143	0.4000	1.1800	15
40848	40850	1144	0.4000	1.1800	15
40850	40852	1145	0.4000	1.1800	15
40852	40854	1146	0.4000	1.1800	15
40854	40856	1147	0.4000	1.1800	15
40856	40858	1148	0.4000	1.1800	15
40858	40860	1149	0.4000	1.1800	15
40860	40862	1150	0.4000	1.1800	15
40862	40864	1151	0.4000	1.1800	15
40864	40866	1152	0.4000	1.1800	15
40866	40868	1153	0.4000	1.1800	15
40868	40870	1154	0.4000	1.1800	15
40870	40872	1155	0.4000	1.1800	15
40872	40874	1156	0.4000	1.1800	15
40874	40876	1157	0.4000	1.1800	15
40876	40878	1158	0.4000	1.1800	15
40878	40880	1159	0.4000	1.1800	15
40880	40882	1160	0.4000	1.1800	15
40882	40884	1161	0.4000	1.1800	15
40884	40886	1162	0.4000	1.1800	15
40886	40888	1163	0.4000	1.1800	15
40888	40890	1164	0.4000	1.1800	15
40890	40892	1165	0.4000	1.1800	15
40892	40894	1166	0.4000	1.1800	15
40894	40896	1167	0.4000	1.1800	15
40896	40898	1168	0.4000	1.1800	15
40898	40900	1169	0.4000	1.1800	15
