i	j	b_idx	d[nm]	k[kJ/mol/nm^2]
38501	38502	0	0.5400	2200.0000
38501	38503	1	0.5900	1400.0000
38503	38504	2	0.5400	2200.0000
38503	38505	3	0.5900	1400.0000
38505	38506	4	0.5400	2200.0000
38505	38507	5	0.5900	1400.0000
38507	38508	6	0.5400	2200.0000
38507	38509	7	0.5900	1400.0000
38509	38510	8	0.5400	2200.0000
38509	38511	9	0.5900	1400.0000
38511	38512	10	0.5400	2200.0000
38511	38513	11	0.5900	1400.0000
38513	38514	12	0.5400	2200.0000
38513	38515	13	0.5900	1400.0000
38515	38516	14	0.5400	2200.0000
38515	38517	15	0.5900	1400.0000
38517	38518	16	0.5400	2200.0000
38517	38519	17	0.5900	1400.0000
38519	38520	18	0.5400	2200.0000
38519	38521	19	0.5900	1400.0000
38521	38522	20	0.5400	2200.0000
38521	38523	21	0.5900	1400.0000
38523	38524	22	0.5400	2200.0000
38523	38525	23	0.5900	1400.0000
38525	38526	24	0.5400	2200.0000
38525	38527	25	0.5900	1400.0000
38527	38528	26	0.5400	2200.0000
38527	38529	27	0.5900	1400.0000
38529	38530	28	0.5400	2200.0000
38529	38531	29	0.5900	1400.0000
38531	38532	30	0.5400	2200.0000
38531	38533	31	0.5900	1400.0000
38533	38534	32	0.5400	2200.0000
38533	38535	33	0.5900	1400.0000
38535	38536	34	0.5400	2200.0000
38535	38537	35	0.5900	1400.0000
38537	38538	36	0.5400	2200.0000
38537	38539	37	0.5900	1400.0000
38539	38540	38	0.5400	2200.0000
38539	38541	39	0.5900	1400.0000
38541	38542	40	0.5400	2200.0000
38541	38543	41	0.5900	1400.0000
38543	38544	42	0.5400	2200.0000
38543	38545	43	0.5900	1400.0000
38545	38546	44	0.5400	2200.0000
38545	38547	45	0.5900	1400.0000
38547	38548	46	0.5400	2200.0000
38547	38549	47	0.5900	1400.0000
38549	38550	48	0.5400	2200.0000
38549	38551	49	0.5900	1400.0000
38551	38552	50	0.5400	2200.0000
38551	38553	51	0.5900	1400.0000
38553	38554	52	0.5400	2200.0000
38553	38555	53	0.5900	1400.0000
38555	38556	54	0.5400	2200.0000
38555	38557	55	0.5900	1400.0000
38557	38558	56	0.5400	2200.0000
38557	38559	57	0.5900	1400.0000
38559	38560	58	0.5400	2200.0000
38559	38561	59	0.5900	1400.0000
38561	38562	60	0.5400	2200.0000
38561	38563	61	0.5900	1400.0000
38563	38564	62	0.5400	2200.0000
38563	38565	63	0.5900	1400.0000
38565	38566	64	0.5400	2200.0000
38565	38567	65	0.5900	1400.0000
38567	38568	66	0.5400	2200.0000
38567	38569	67	0.5900	1400.0000
38569	38570	68	0.5400	2200.0000
38569	38571	69	0.5900	1400.0000
38571	38572	70	0.5400	2200.0000
38571	38573	71	0.5900	1400.0000
38573	38574	72	0.5400	2200.0000
38573	38575	73	0.5900	1400.0000
38575	38576	74	0.5400	2200.0000
38575	38577	75	0.5900	1400.0000
38577	38578	76	0.5400	2200.0000
38577	38579	77	0.5900	1400.0000
38579	38580	78	0.5400	2200.0000
38581	38582	79	0.5400	2200.0000
38581	38583	80	0.5900	1400.0000
38583	38584	81	0.5400	2200.0000
38583	38585	82	0.5900	1400.0000
38585	38586	83	0.5400	2200.0000
38585	38587	84	0.5900	1400.0000
38587	38588	85	0.5400	2200.0000
38587	38589	86	0.5900	1400.0000
38589	38590	87	0.5400	2200.0000
38589	38591	88	0.5900	1400.0000
38591	38592	89	0.5400	2200.0000
38591	38593	90	0.5900	1400.0000
38593	38594	91	0.5400	2200.0000
38593	38595	92	0.5900	1400.0000
38595	38596	93	0.5400	2200.0000
38595	38597	94	0.5900	1400.0000
38597	38598	95	0.5400	2200.0000
38597	38599	96	0.5900	1400.0000
38599	38600	97	0.5400	2200.0000
38599	38601	98	0.5900	1400.0000
38601	38602	99	0.5400	2200.0000
38601	38603	100	0.5900	1400.0000
38603	38604	101	0.5400	2200.0000
38603	38605	102	0.5900	1400.0000
38605	38606	103	0.5400	2200.0000
38605	38607	104	0.5900	1400.0000
38607	38608	105	0.5400	2200.0000
38607	38609	106	0.5900	1400.0000
38609	38610	107	0.5400	2200.0000
38609	38611	108	0.5900	1400.0000
38611	38612	109	0.5400	2200.0000
38611	38613	110	0.5900	1400.0000
38613	38614	111	0.5400	2200.0000
38613	38615	112	0.5900	1400.0000
38615	38616	113	0.5400	2200.0000
38615	38617	114	0.5900	1400.0000
38617	38618	115	0.5400	2200.0000
38617	38619	116	0.5900	1400.0000
38619	38620	117	0.5400	2200.0000
38619	38621	118	0.5900	1400.0000
38621	38622	119	0.5400	2200.0000
38621	38623	120	0.5900	1400.0000
38623	38624	121	0.5400	2200.0000
38623	38625	122	0.5900	1400.0000
38625	38626	123	0.5400	2200.0000
38625	38627	124	0.5900	1400.0000
38627	38628	125	0.5400	2200.0000
38627	38629	126	0.5900	1400.0000
38629	38630	127	0.5400	2200.0000
38629	38631	128	0.5900	1400.0000
38631	38632	129	0.5400	2200.0000
38631	38633	130	0.5900	1400.0000
38633	38634	131	0.5400	2200.0000
38633	38635	132	0.5900	1400.0000
38635	38636	133	0.5400	2200.0000
38635	38637	134	0.5900	1400.0000
38637	38638	135	0.5400	2200.0000
38637	38639	136	0.5900	1400.0000
38639	38640	137	0.5400	2200.0000
38639	38641	138	0.5900	1400.0000
38641	38642	139	0.5400	2200.0000
38641	38643	140	0.5900	1400.0000
38643	38644	141	0.5400	2200.0000
38643	38645	142	0.5900	1400.0000
38645	38646	143	0.5400	2200.0000
38645	38647	144	0.5900	1400.0000
38647	38648	145	0.5400	2200.0000
38647	38649	146	0.5900	1400.0000
38649	38650	147	0.5400	2200.0000
38649	38651	148	0.5900	1400.0000
38651	38652	149	0.5400	2200.0000
38651	38653	150	0.5900	1400.0000
38653	38654	151	0.5400	2200.0000
38653	38655	152	0.5900	1400.0000
38655	38656	153	0.5400	2200.0000
38655	38657	154	0.5900	1400.0000
38657	38658	155	0.5400	2200.0000
38657	38659	156	0.5900	1400.0000
38659	38660	157	0.5400	2200.0000
38661	38662	158	0.5400	2200.0000
38661	38663	159	0.5900	1400.0000
38663	38664	160	0.5400	2200.0000
38663	38665	161	0.5900	1400.0000
38665	38666	162	0.5400	2200.0000
38665	38667	163	0.5900	1400.0000
38667	38668	164	0.5400	2200.0000
38667	38669	165	0.5900	1400.0000
38669	38670	166	0.5400	2200.0000
38669	38671	167	0.5900	1400.0000
38671	38672	168	0.5400	2200.0000
38671	38673	169	0.5900	1400.0000
38673	38674	170	0.5400	2200.0000
38673	38675	171	0.5900	1400.0000
38675	38676	172	0.5400	2200.0000
38675	38677	173	0.5900	1400.0000
38677	38678	174	0.5400	2200.0000
38677	38679	175	0.5900	1400.0000
38679	38680	176	0.5400	2200.0000
38679	38681	177	0.5900	1400.0000
38681	38682	178	0.5400	2200.0000
38681	38683	179	0.5900	1400.0000
38683	38684	180	0.5400	2200.0000
38683	38685	181	0.5900	1400.0000
38685	38686	182	0.5400	2200.0000
38685	38687	183	0.5900	1400.0000
38687	38688	184	0.5400	2200.0000
38687	38689	185	0.5900	1400.0000
38689	38690	186	0.5400	2200.0000
38689	38691	187	0.5900	1400.0000
38691	38692	188	0.5400	2200.0000
38691	38693	189	0.5900	1400.0000
38693	38694	190	0.5400	2200.0000
38693	38695	191	0.5900	1400.0000
38695	38696	192	0.5400	2200.0000
38695	38697	193	0.5900	1400.0000
38697	38698	194	0.5400	2200.0000
38697	38699	195	0.5900	1400.0000
38699	38700	196	0.5400	2200.0000
38699	38701	197	0.5900	1400.0000
38701	38702	198	0.5400	2200.0000
38701	38703	199	0.5900	1400.0000
38703	38704	200	0.5400	2200.0000
38703	38705	201	0.5900	1400.0000
38705	38706	202	0.5400	2200.0000
38705	38707	203	0.5900	1400.0000
38707	38708	204	0.5400	2200.0000
38707	38709	205	0.5900	1400.0000
38709	38710	206	0.5400	2200.0000
38709	38711	207	0.5900	1400.0000
38711	38712	208	0.5400	2200.0000
38711	38713	209	0.5900	1400.0000
38713	38714	210	0.5400	2200.0000
38713	38715	211	0.5900	1400.0000
38715	38716	212	0.5400	2200.0000
38715	38717	213	0.5900	1400.0000
38717	38718	214	0.5400	2200.0000
38717	38719	215	0.5900	1400.0000
38719	38720	216	0.5400	2200.0000
38719	38721	217	0.5900	1400.0000
38721	38722	218	0.5400	2200.0000
38721	38723	219	0.5900	1400.0000
38723	38724	220	0.5400	2200.0000
38723	38725	221	0.5900	1400.0000
38725	38726	222	0.5400	2200.0000
38725	38727	223	0.5900	1400.0000
38727	38728	224	0.5400	2200.0000
38727	38729	225	0.5900	1400.0000
38729	38730	226	0.5400	2200.0000
38729	38731	227	0.5900	1400.0000
38731	38732	228	0.5400	2200.0000
38731	38733	229	0.5900	1400.0000
38733	38734	230	0.5400	2200.0000
38733	38735	231	0.5900	1400.0000
38735	38736	232	0.5400	2200.0000
38735	38737	233	0.5900	1400.0000
38737	38738	234	0.5400	2200.0000
38737	38739	235	0.5900	1400.0000
38739	38740	236	0.5400	2200.0000
38741	38742	237	0.5400	2200.0000
38741	38743	238	0.5900	1400.0000
38743	38744	239	0.5400	2200.0000
38743	38745	240	0.5900	1400.0000
38745	38746	241	0.5400	2200.0000
38745	38747	242	0.5900	1400.0000
38747	38748	243	0.5400	2200.0000
38747	38749	244	0.5900	1400.0000
38749	38750	245	0.5400	2200.0000
38749	38751	246	0.5900	1400.0000
38751	38752	247	0.5400	2200.0000
38751	38753	248	0.5900	1400.0000
38753	38754	249	0.5400	2200.0000
38753	38755	250	0.5900	1400.0000
38755	38756	251	0.5400	2200.0000
38755	38757	252	0.5900	1400.0000
38757	38758	253	0.5400	2200.0000
38757	38759	254	0.5900	1400.0000
38759	38760	255	0.5400	2200.0000
38759	38761	256	0.5900	1400.0000
38761	38762	257	0.5400	2200.0000
38761	38763	258	0.5900	1400.0000
38763	38764	259	0.5400	2200.0000
38763	38765	260	0.5900	1400.0000
38765	38766	261	0.5400	2200.0000
38765	38767	262	0.5900	1400.0000
38767	38768	263	0.5400	2200.0000
38767	38769	264	0.5900	1400.0000
38769	38770	265	0.5400	2200.0000
38769	38771	266	0.5900	1400.0000
38771	38772	267	0.5400	2200.0000
38771	38773	268	0.5900	1400.0000
38773	38774	269	0.5400	2200.0000
38773	38775	270	0.5900	1400.0000
38775	38776	271	0.5400	2200.0000
38775	38777	272	0.5900	1400.0000
38777	38778	273	0.5400	2200.0000
38777	38779	274	0.5900	1400.0000
38779	38780	275	0.5400	2200.0000
38779	38781	276	0.5900	1400.0000
38781	38782	277	0.5400	2200.0000
38781	38783	278	0.5900	1400.0000
38783	38784	279	0.5400	2200.0000
38783	38785	280	0.5900	1400.0000
38785	38786	281	0.5400	2200.0000
38785	38787	282	0.5900	1400.0000
38787	38788	283	0.5400	2200.0000
38787	38789	284	0.5900	1400.0000
38789	38790	285	0.5400	2200.0000
38789	38791	286	0.5900	1400.0000
38791	38792	287	0.5400	2200.0000
38791	38793	288	0.5900	1400.0000
38793	38794	289	0.5400	2200.0000
38793	38795	290	0.5900	1400.0000
38795	38796	291	0.5400	2200.0000
38795	38797	292	0.5900	1400.0000
38797	38798	293	0.5400	2200.0000
38797	38799	294	0.5900	1400.0000
38799	38800	295	0.5400	2200.0000
38799	38801	296	0.5900	1400.0000
38801	38802	297	0.5400	2200.0000
38801	38803	298	0.5900	1400.0000
38803	38804	299	0.5400	2200.0000
38803	38805	300	0.5900	1400.0000
38805	38806	301	0.5400	2200.0000
38805	38807	302	0.5900	1400.0000
38807	38808	303	0.5400	2200.0000
38807	38809	304	0.5900	1400.0000
38809	38810	305	0.5400	2200.0000
38809	38811	306	0.5900	1400.0000
38811	38812	307	0.5400	2200.0000
38811	38813	308	0.5900	1400.0000
38813	38814	309	0.5400	2200.0000
38813	38815	310	0.5900	1400.0000
38815	38816	311	0.5400	2200.0000
38815	38817	312	0.5900	1400.0000
38817	38818	313	0.5400	2200.0000
38817	38819	314	0.5900	1400.0000
38819	38820	315	0.5400	2200.0000
38821	38822	316	0.5400	2200.0000
38821	38823	317	0.5900	1400.0000
38823	38824	318	0.5400	2200.0000
38823	38825	319	0.5900	1400.0000
38825	38826	320	0.5400	2200.0000
38825	38827	321	0.5900	1400.0000
38827	38828	322	0.5400	2200.0000
38827	38829	323	0.5900	1400.0000
38829	38830	324	0.5400	2200.0000
38829	38831	325	0.5900	1400.0000
38831	38832	326	0.5400	2200.0000
38831	38833	327	0.5900	1400.0000
38833	38834	328	0.5400	2200.0000
38833	38835	329	0.5900	1400.0000
38835	38836	330	0.5400	2200.0000
38835	38837	331	0.5900	1400.0000
38837	38838	332	0.5400	2200.0000
38837	38839	333	0.5900	1400.0000
38839	38840	334	0.5400	2200.0000
38839	38841	335	0.5900	1400.0000
38841	38842	336	0.5400	2200.0000
38841	38843	337	0.5900	1400.0000
38843	38844	338	0.5400	2200.0000
38843	38845	339	0.5900	1400.0000
38845	38846	340	0.5400	2200.0000
38845	38847	341	0.5900	1400.0000
38847	38848	342	0.5400	2200.0000
38847	38849	343	0.5900	1400.0000
38849	38850	344	0.5400	2200.0000
38849	38851	345	0.5900	1400.0000
38851	38852	346	0.5400	2200.0000
38851	38853	347	0.5900	1400.0000
38853	38854	348	0.5400	2200.0000
38853	38855	349	0.5900	1400.0000
38855	38856	350	0.5400	2200.0000
38855	38857	351	0.5900	1400.0000
38857	38858	352	0.5400	2200.0000
38857	38859	353	0.5900	1400.0000
38859	38860	354	0.5400	2200.0000
38859	38861	355	0.5900	1400.0000
38861	38862	356	0.5400	2200.0000
38861	38863	357	0.5900	1400.0000
38863	38864	358	0.5400	2200.0000
38863	38865	359	0.5900	1400.0000
38865	38866	360	0.5400	2200.0000
38865	38867	361	0.5900	1400.0000
38867	38868	362	0.5400	2200.0000
38867	38869	363	0.5900	1400.0000
38869	38870	364	0.5400	2200.0000
38869	38871	365	0.5900	1400.0000
38871	38872	366	0.5400	2200.0000
38871	38873	367	0.5900	1400.0000
38873	38874	368	0.5400	2200.0000
38873	38875	369	0.5900	1400.0000
38875	38876	370	0.5400	2200.0000
38875	38877	371	0.5900	1400.0000
38877	38878	372	0.5400	2200.0000
38877	38879	373	0.5900	1400.0000
38879	38880	374	0.5400	2200.0000
38879	38881	375	0.5900	1400.0000
38881	38882	376	0.5400	2200.0000
38881	38883	377	0.5900	1400.0000
38883	38884	378	0.5400	2200.0000
38883	38885	379	0.5900	1400.0000
38885	38886	380	0.5400	2200.0000
38885	38887	381	0.5900	1400.0000
38887	38888	382	0.5400	2200.0000
38887	38889	383	0.5900	1400.0000
38889	38890	384	0.5400	2200.0000
38889	38891	385	0.5900	1400.0000
38891	38892	386	0.5400	2200.0000
38891	38893	387	0.5900	1400.0000
38893	38894	388	0.5400	2200.0000
38893	38895	389	0.5900	1400.0000
38895	38896	390	0.5400	2200.0000
38895	38897	391	0.5900	1400.0000
38897	38898	392	0.5400	2200.0000
38897	38899	393	0.5900	1400.0000
38899	38900	394	0.5400	2200.0000
38901	38902	395	0.5400	2200.0000
38901	38903	396	0.5900	1400.0000
38903	38904	397	0.5400	2200.0000
38903	38905	398	0.5900	1400.0000
38905	38906	399	0.5400	2200.0000
38905	38907	400	0.5900	1400.0000
38907	38908	401	0.5400	2200.0000
38907	38909	402	0.5900	1400.0000
38909	38910	403	0.5400	2200.0000
38909	38911	404	0.5900	1400.0000
38911	38912	405	0.5400	2200.0000
38911	38913	406	0.5900	1400.0000
38913	38914	407	0.5400	2200.0000
38913	38915	408	0.5900	1400.0000
38915	38916	409	0.5400	2200.0000
38915	38917	410	0.5900	1400.0000
38917	38918	411	0.5400	2200.0000
38917	38919	412	0.5900	1400.0000
38919	38920	413	0.5400	2200.0000
38919	38921	414	0.5900	1400.0000
38921	38922	415	0.5400	2200.0000
38921	38923	416	0.5900	1400.0000
38923	38924	417	0.5400	2200.0000
38923	38925	418	0.5900	1400.0000
38925	38926	419	0.5400	2200.0000
38925	38927	420	0.5900	1400.0000
38927	38928	421	0.5400	2200.0000
38927	38929	422	0.5900	1400.0000
38929	38930	423	0.5400	2200.0000
38929	38931	424	0.5900	1400.0000
38931	38932	425	0.5400	2200.0000
38931	38933	426	0.5900	1400.0000
38933	38934	427	0.5400	2200.0000
38933	38935	428	0.5900	1400.0000
38935	38936	429	0.5400	2200.0000
38935	38937	430	0.5900	1400.0000
38937	38938	431	0.5400	2200.0000
38937	38939	432	0.5900	1400.0000
38939	38940	433	0.5400	2200.0000
38939	38941	434	0.5900	1400.0000
38941	38942	435	0.5400	2200.0000
38941	38943	436	0.5900	1400.0000
38943	38944	437	0.5400	2200.0000
38943	38945	438	0.5900	1400.0000
38945	38946	439	0.5400	2200.0000
38945	38947	440	0.5900	1400.0000
38947	38948	441	0.5400	2200.0000
38947	38949	442	0.5900	1400.0000
38949	38950	443	0.5400	2200.0000
38949	38951	444	0.5900	1400.0000
38951	38952	445	0.5400	2200.0000
38951	38953	446	0.5900	1400.0000
38953	38954	447	0.5400	2200.0000
38953	38955	448	0.5900	1400.0000
38955	38956	449	0.5400	2200.0000
38955	38957	450	0.5900	1400.0000
38957	38958	451	0.5400	2200.0000
38957	38959	452	0.5900	1400.0000
38959	38960	453	0.5400	2200.0000
38959	38961	454	0.5900	1400.0000
38961	38962	455	0.5400	2200.0000
38961	38963	456	0.5900	1400.0000
38963	38964	457	0.5400	2200.0000
38963	38965	458	0.5900	1400.0000
38965	38966	459	0.5400	2200.0000
38965	38967	460	0.5900	1400.0000
38967	38968	461	0.5400	2200.0000
38967	38969	462	0.5900	1400.0000
38969	38970	463	0.5400	2200.0000
38969	38971	464	0.5900	1400.0000
38971	38972	465	0.5400	2200.0000
38971	38973	466	0.5900	1400.0000
38973	38974	467	0.5400	2200.0000
38973	38975	468	0.5900	1400.0000
38975	38976	469	0.5400	2200.0000
38975	38977	470	0.5900	1400.0000
38977	38978	471	0.5400	2200.0000
38977	38979	472	0.5900	1400.0000
38979	38980	473	0.5400	2200.0000
38981	38982	474	0.5400	2200.0000
38981	38983	475	0.5900	1400.0000
38983	38984	476	0.5400	2200.0000
38983	38985	477	0.5900	1400.0000
38985	38986	478	0.5400	2200.0000
38985	38987	479	0.5900	1400.0000
38987	38988	480	0.5400	2200.0000
38987	38989	481	0.5900	1400.0000
38989	38990	482	0.5400	2200.0000
38989	38991	483	0.5900	1400.0000
38991	38992	484	0.5400	2200.0000
38991	38993	485	0.5900	1400.0000
38993	38994	486	0.5400	2200.0000
38993	38995	487	0.5900	1400.0000
38995	38996	488	0.5400	2200.0000
38995	38997	489	0.5900	1400.0000
38997	38998	490	0.5400	2200.0000
38997	38999	491	0.5900	1400.0000
38999	39000	492	0.5400	2200.0000
38999	39001	493	0.5900	1400.0000
39001	39002	494	0.5400	2200.0000
39001	39003	495	0.5900	1400.0000
39003	39004	496	0.5400	2200.0000
39003	39005	497	0.5900	1400.0000
39005	39006	498	0.5400	2200.0000
39005	39007	499	0.5900	1400.0000
39007	39008	500	0.5400	2200.0000
39007	39009	501	0.5900	1400.0000
39009	39010	502	0.5400	2200.0000
39009	39011	503	0.5900	1400.0000
39011	39012	504	0.5400	2200.0000
39011	39013	505	0.5900	1400.0000
39013	39014	506	0.5400	2200.0000
39013	39015	507	0.5900	1400.0000
39015	39016	508	0.5400	2200.0000
39015	39017	509	0.5900	1400.0000
39017	39018	510	0.5400	2200.0000
39017	39019	511	0.5900	1400.0000
39019	39020	512	0.5400	2200.0000
39019	39021	513	0.5900	1400.0000
39021	39022	514	0.5400	2200.0000
39021	39023	515	0.5900	1400.0000
39023	39024	516	0.5400	2200.0000
39023	39025	517	0.5900	1400.0000
39025	39026	518	0.5400	2200.0000
39025	39027	519	0.5900	1400.0000
39027	39028	520	0.5400	2200.0000
39027	39029	521	0.5900	1400.0000
39029	39030	522	0.5400	2200.0000
39029	39031	523	0.5900	1400.0000
39031	39032	524	0.5400	2200.0000
39031	39033	525	0.5900	1400.0000
39033	39034	526	0.5400	2200.0000
39033	39035	527	0.5900	1400.0000
39035	39036	528	0.5400	2200.0000
39035	39037	529	0.5900	1400.0000
39037	39038	530	0.5400	2200.0000
39037	39039	531	0.5900	1400.0000
39039	39040	532	0.5400	2200.0000
39039	39041	533	0.5900	1400.0000
39041	39042	534	0.5400	2200.0000
39041	39043	535	0.5900	1400.0000
39043	39044	536	0.5400	2200.0000
39043	39045	537	0.5900	1400.0000
39045	39046	538	0.5400	2200.0000
39045	39047	539	0.5900	1400.0000
39047	39048	540	0.5400	2200.0000
39047	39049	541	0.5900	1400.0000
39049	39050	542	0.5400	2200.0000
39049	39051	543	0.5900	1400.0000
39051	39052	544	0.5400	2200.0000
39051	39053	545	0.5900	1400.0000
39053	39054	546	0.5400	2200.0000
39053	39055	547	0.5900	1400.0000
39055	39056	548	0.5400	2200.0000
39055	39057	549	0.5900	1400.0000
39057	39058	550	0.5400	2200.0000
39057	39059	551	0.5900	1400.0000
39059	39060	552	0.5400	2200.0000
39061	39062	553	0.5400	2200.0000
39061	39063	554	0.5900	1400.0000
39063	39064	555	0.5400	2200.0000
39063	39065	556	0.5900	1400.0000
39065	39066	557	0.5400	2200.0000
39065	39067	558	0.5900	1400.0000
39067	39068	559	0.5400	2200.0000
39067	39069	560	0.5900	1400.0000
39069	39070	561	0.5400	2200.0000
39069	39071	562	0.5900	1400.0000
39071	39072	563	0.5400	2200.0000
39071	39073	564	0.5900	1400.0000
39073	39074	565	0.5400	2200.0000
39073	39075	566	0.5900	1400.0000
39075	39076	567	0.5400	2200.0000
39075	39077	568	0.5900	1400.0000
39077	39078	569	0.5400	2200.0000
39077	39079	570	0.5900	1400.0000
39079	39080	571	0.5400	2200.0000
39079	39081	572	0.5900	1400.0000
39081	39082	573	0.5400	2200.0000
39081	39083	574	0.5900	1400.0000
39083	39084	575	0.5400	2200.0000
39083	39085	576	0.5900	1400.0000
39085	39086	577	0.5400	2200.0000
39085	39087	578	0.5900	1400.0000
39087	39088	579	0.5400	2200.0000
39087	39089	580	0.5900	1400.0000
39089	39090	581	0.5400	2200.0000
39089	39091	582	0.5900	1400.0000
39091	39092	583	0.5400	2200.0000
39091	39093	584	0.5900	1400.0000
39093	39094	585	0.5400	2200.0000
39093	39095	586	0.5900	1400.0000
39095	39096	587	0.5400	2200.0000
39095	39097	588	0.5900	1400.0000
39097	39098	589	0.5400	2200.0000
39097	39099	590	0.5900	1400.0000
39099	39100	591	0.5400	2200.0000
39099	39101	592	0.5900	1400.0000
39101	39102	593	0.5400	2200.0000
39101	39103	594	0.5900	1400.0000
39103	39104	595	0.5400	2200.0000
39103	39105	596	0.5900	1400.0000
39105	39106	597	0.5400	2200.0000
39105	39107	598	0.5900	1400.0000
39107	39108	599	0.5400	2200.0000
39107	39109	600	0.5900	1400.0000
39109	39110	601	0.5400	2200.0000
39109	39111	602	0.5900	1400.0000
39111	39112	603	0.5400	2200.0000
39111	39113	604	0.5900	1400.0000
39113	39114	605	0.5400	2200.0000
39113	39115	606	0.5900	1400.0000
39115	39116	607	0.5400	2200.0000
39115	39117	608	0.5900	1400.0000
39117	39118	609	0.5400	2200.0000
39117	39119	610	0.5900	1400.0000
39119	39120	611	0.5400	2200.0000
39119	39121	612	0.5900	1400.0000
39121	39122	613	0.5400	2200.0000
39121	39123	614	0.5900	1400.0000
39123	39124	615	0.5400	2200.0000
39123	39125	616	0.5900	1400.0000
39125	39126	617	0.5400	2200.0000
39125	39127	618	0.5900	1400.0000
39127	39128	619	0.5400	2200.0000
39127	39129	620	0.5900	1400.0000
39129	39130	621	0.5400	2200.0000
39129	39131	622	0.5900	1400.0000
39131	39132	623	0.5400	2200.0000
39131	39133	624	0.5900	1400.0000
39133	39134	625	0.5400	2200.0000
39133	39135	626	0.5900	1400.0000
39135	39136	627	0.5400	2200.0000
39135	39137	628	0.5900	1400.0000
39137	39138	629	0.5400	2200.0000
39137	39139	630	0.5900	1400.0000
39139	39140	631	0.5400	2200.0000
39141	39142	632	0.5400	2200.0000
39141	39143	633	0.5900	1400.0000
39143	39144	634	0.5400	2200.0000
39143	39145	635	0.5900	1400.0000
39145	39146	636	0.5400	2200.0000
39145	39147	637	0.5900	1400.0000
39147	39148	638	0.5400	2200.0000
39147	39149	639	0.5900	1400.0000
39149	39150	640	0.5400	2200.0000
39149	39151	641	0.5900	1400.0000
39151	39152	642	0.5400	2200.0000
39151	39153	643	0.5900	1400.0000
39153	39154	644	0.5400	2200.0000
39153	39155	645	0.5900	1400.0000
39155	39156	646	0.5400	2200.0000
39155	39157	647	0.5900	1400.0000
39157	39158	648	0.5400	2200.0000
39157	39159	649	0.5900	1400.0000
39159	39160	650	0.5400	2200.0000
39159	39161	651	0.5900	1400.0000
39161	39162	652	0.5400	2200.0000
39161	39163	653	0.5900	1400.0000
39163	39164	654	0.5400	2200.0000
39163	39165	655	0.5900	1400.0000
39165	39166	656	0.5400	2200.0000
39165	39167	657	0.5900	1400.0000
39167	39168	658	0.5400	2200.0000
39167	39169	659	0.5900	1400.0000
39169	39170	660	0.5400	2200.0000
39169	39171	661	0.5900	1400.0000
39171	39172	662	0.5400	2200.0000
39171	39173	663	0.5900	1400.0000
39173	39174	664	0.5400	2200.0000
39173	39175	665	0.5900	1400.0000
39175	39176	666	0.5400	2200.0000
39175	39177	667	0.5900	1400.0000
39177	39178	668	0.5400	2200.0000
39177	39179	669	0.5900	1400.0000
39179	39180	670	0.5400	2200.0000
39179	39181	671	0.5900	1400.0000
39181	39182	672	0.5400	2200.0000
39181	39183	673	0.5900	1400.0000
39183	39184	674	0.5400	2200.0000
39183	39185	675	0.5900	1400.0000
39185	39186	676	0.5400	2200.0000
39185	39187	677	0.5900	1400.0000
39187	39188	678	0.5400	2200.0000
39187	39189	679	0.5900	1400.0000
39189	39190	680	0.5400	2200.0000
39189	39191	681	0.5900	1400.0000
39191	39192	682	0.5400	2200.0000
39191	39193	683	0.5900	1400.0000
39193	39194	684	0.5400	2200.0000
39193	39195	685	0.5900	1400.0000
39195	39196	686	0.5400	2200.0000
39195	39197	687	0.5900	1400.0000
39197	39198	688	0.5400	2200.0000
39197	39199	689	0.5900	1400.0000
39199	39200	690	0.5400	2200.0000
39199	39201	691	0.5900	1400.0000
39201	39202	692	0.5400	2200.0000
39201	39203	693	0.5900	1400.0000
39203	39204	694	0.5400	2200.0000
39203	39205	695	0.5900	1400.0000
39205	39206	696	0.5400	2200.0000
39205	39207	697	0.5900	1400.0000
39207	39208	698	0.5400	2200.0000
39207	39209	699	0.5900	1400.0000
39209	39210	700	0.5400	2200.0000
39209	39211	701	0.5900	1400.0000
39211	39212	702	0.5400	2200.0000
39211	39213	703	0.5900	1400.0000
39213	39214	704	0.5400	2200.0000
39213	39215	705	0.5900	1400.0000
39215	39216	706	0.5400	2200.0000
39215	39217	707	0.5900	1400.0000
39217	39218	708	0.5400	2200.0000
39217	39219	709	0.5900	1400.0000
39219	39220	710	0.5400	2200.0000
39221	39222	711	0.5400	2200.0000
39221	39223	712	0.5900	1400.0000
39223	39224	713	0.5400	2200.0000
39223	39225	714	0.5900	1400.0000
39225	39226	715	0.5400	2200.0000
39225	39227	716	0.5900	1400.0000
39227	39228	717	0.5400	2200.0000
39227	39229	718	0.5900	1400.0000
39229	39230	719	0.5400	2200.0000
39229	39231	720	0.5900	1400.0000
39231	39232	721	0.5400	2200.0000
39231	39233	722	0.5900	1400.0000
39233	39234	723	0.5400	2200.0000
39233	39235	724	0.5900	1400.0000
39235	39236	725	0.5400	2200.0000
39235	39237	726	0.5900	1400.0000
39237	39238	727	0.5400	2200.0000
39237	39239	728	0.5900	1400.0000
39239	39240	729	0.5400	2200.0000
39239	39241	730	0.5900	1400.0000
39241	39242	731	0.5400	2200.0000
39241	39243	732	0.5900	1400.0000
39243	39244	733	0.5400	2200.0000
39243	39245	734	0.5900	1400.0000
39245	39246	735	0.5400	2200.0000
39245	39247	736	0.5900	1400.0000
39247	39248	737	0.5400	2200.0000
39247	39249	738	0.5900	1400.0000
39249	39250	739	0.5400	2200.0000
39249	39251	740	0.5900	1400.0000
39251	39252	741	0.5400	2200.0000
39251	39253	742	0.5900	1400.0000
39253	39254	743	0.5400	2200.0000
39253	39255	744	0.5900	1400.0000
39255	39256	745	0.5400	2200.0000
39255	39257	746	0.5900	1400.0000
39257	39258	747	0.5400	2200.0000
39257	39259	748	0.5900	1400.0000
39259	39260	749	0.5400	2200.0000
39259	39261	750	0.5900	1400.0000
39261	39262	751	0.5400	2200.0000
39261	39263	752	0.5900	1400.0000
39263	39264	753	0.5400	2200.0000
39263	39265	754	0.5900	1400.0000
39265	39266	755	0.5400	2200.0000
39265	39267	756	0.5900	1400.0000
39267	39268	757	0.5400	2200.0000
39267	39269	758	0.5900	1400.0000
39269	39270	759	0.5400	2200.0000
39269	39271	760	0.5900	1400.0000
39271	39272	761	0.5400	2200.0000
39271	39273	762	0.5900	1400.0000
39273	39274	763	0.5400	2200.0000
39273	39275	764	0.5900	1400.0000
39275	39276	765	0.5400	2200.0000
39275	39277	766	0.5900	1400.0000
39277	39278	767	0.5400	2200.0000
39277	39279	768	0.5900	1400.0000
39279	39280	769	0.5400	2200.0000
39279	39281	770	0.5900	1400.0000
39281	39282	771	0.5400	2200.0000
39281	39283	772	0.5900	1400.0000
39283	39284	773	0.5400	2200.0000
39283	39285	774	0.5900	1400.0000
39285	39286	775	0.5400	2200.0000
39285	39287	776	0.5900	1400.0000
39287	39288	777	0.5400	2200.0000
39287	39289	778	0.5900	1400.0000
39289	39290	779	0.5400	2200.0000
39289	39291	780	0.5900	1400.0000
39291	39292	781	0.5400	2200.0000
39291	39293	782	0.5900	1400.0000
39293	39294	783	0.5400	2200.0000
39293	39295	784	0.5900	1400.0000
39295	39296	785	0.5400	2200.0000
39295	39297	786	0.5900	1400.0000
39297	39298	787	0.5400	2200.0000
39297	39299	788	0.5900	1400.0000
39299	39300	789	0.5400	2200.0000
39301	39302	790	0.5400	2200.0000
39301	39303	791	0.5900	1400.0000
39303	39304	792	0.5400	2200.0000
39303	39305	793	0.5900	1400.0000
39305	39306	794	0.5400	2200.0000
39305	39307	795	0.5900	1400.0000
39307	39308	796	0.5400	2200.0000
39307	39309	797	0.5900	1400.0000
39309	39310	798	0.5400	2200.0000
39309	39311	799	0.5900	1400.0000
39311	39312	800	0.5400	2200.0000
39311	39313	801	0.5900	1400.0000
39313	39314	802	0.5400	2200.0000
39313	39315	803	0.5900	1400.0000
39315	39316	804	0.5400	2200.0000
39315	39317	805	0.5900	1400.0000
39317	39318	806	0.5400	2200.0000
39317	39319	807	0.5900	1400.0000
39319	39320	808	0.5400	2200.0000
39319	39321	809	0.5900	1400.0000
39321	39322	810	0.5400	2200.0000
39321	39323	811	0.5900	1400.0000
39323	39324	812	0.5400	2200.0000
39323	39325	813	0.5900	1400.0000
39325	39326	814	0.5400	2200.0000
39325	39327	815	0.5900	1400.0000
39327	39328	816	0.5400	2200.0000
39327	39329	817	0.5900	1400.0000
39329	39330	818	0.5400	2200.0000
39329	39331	819	0.5900	1400.0000
39331	39332	820	0.5400	2200.0000
39331	39333	821	0.5900	1400.0000
39333	39334	822	0.5400	2200.0000
39333	39335	823	0.5900	1400.0000
39335	39336	824	0.5400	2200.0000
39335	39337	825	0.5900	1400.0000
39337	39338	826	0.5400	2200.0000
39337	39339	827	0.5900	1400.0000
39339	39340	828	0.5400	2200.0000
39339	39341	829	0.5900	1400.0000
39341	39342	830	0.5400	2200.0000
39341	39343	831	0.5900	1400.0000
39343	39344	832	0.5400	2200.0000
39343	39345	833	0.5900	1400.0000
39345	39346	834	0.5400	2200.0000
39345	39347	835	0.5900	1400.0000
39347	39348	836	0.5400	2200.0000
39347	39349	837	0.5900	1400.0000
39349	39350	838	0.5400	2200.0000
39349	39351	839	0.5900	1400.0000
39351	39352	840	0.5400	2200.0000
39351	39353	841	0.5900	1400.0000
39353	39354	842	0.5400	2200.0000
39353	39355	843	0.5900	1400.0000
39355	39356	844	0.5400	2200.0000
39355	39357	845	0.5900	1400.0000
39357	39358	846	0.5400	2200.0000
39357	39359	847	0.5900	1400.0000
39359	39360	848	0.5400	2200.0000
39359	39361	849	0.5900	1400.0000
39361	39362	850	0.5400	2200.0000
39361	39363	851	0.5900	1400.0000
39363	39364	852	0.5400	2200.0000
39363	39365	853	0.5900	1400.0000
39365	39366	854	0.5400	2200.0000
39365	39367	855	0.5900	1400.0000
39367	39368	856	0.5400	2200.0000
39367	39369	857	0.5900	1400.0000
39369	39370	858	0.5400	2200.0000
39369	39371	859	0.5900	1400.0000
39371	39372	860	0.5400	2200.0000
39371	39373	861	0.5900	1400.0000
39373	39374	862	0.5400	2200.0000
39373	39375	863	0.5900	1400.0000
39375	39376	864	0.5400	2200.0000
39375	39377	865	0.5900	1400.0000
39377	39378	866	0.5400	2200.0000
39377	39379	867	0.5900	1400.0000
39379	39380	868	0.5400	2200.0000
39381	39382	869	0.5400	2200.0000
39381	39383	870	0.5900	1400.0000
39383	39384	871	0.5400	2200.0000
39383	39385	872	0.5900	1400.0000
39385	39386	873	0.5400	2200.0000
39385	39387	874	0.5900	1400.0000
39387	39388	875	0.5400	2200.0000
39387	39389	876	0.5900	1400.0000
39389	39390	877	0.5400	2200.0000
39389	39391	878	0.5900	1400.0000
39391	39392	879	0.5400	2200.0000
39391	39393	880	0.5900	1400.0000
39393	39394	881	0.5400	2200.0000
39393	39395	882	0.5900	1400.0000
39395	39396	883	0.5400	2200.0000
39395	39397	884	0.5900	1400.0000
39397	39398	885	0.5400	2200.0000
39397	39399	886	0.5900	1400.0000
39399	39400	887	0.5400	2200.0000
39399	39401	888	0.5900	1400.0000
39401	39402	889	0.5400	2200.0000
39401	39403	890	0.5900	1400.0000
39403	39404	891	0.5400	2200.0000
39403	39405	892	0.5900	1400.0000
39405	39406	893	0.5400	2200.0000
39405	39407	894	0.5900	1400.0000
39407	39408	895	0.5400	2200.0000
39407	39409	896	0.5900	1400.0000
39409	39410	897	0.5400	2200.0000
39409	39411	898	0.5900	1400.0000
39411	39412	899	0.5400	2200.0000
39411	39413	900	0.5900	1400.0000
39413	39414	901	0.5400	2200.0000
39413	39415	902	0.5900	1400.0000
39415	39416	903	0.5400	2200.0000
39415	39417	904	0.5900	1400.0000
39417	39418	905	0.5400	2200.0000
39417	39419	906	0.5900	1400.0000
39419	39420	907	0.5400	2200.0000
39419	39421	908	0.5900	1400.0000
39421	39422	909	0.5400	2200.0000
39421	39423	910	0.5900	1400.0000
39423	39424	911	0.5400	2200.0000
39423	39425	912	0.5900	1400.0000
39425	39426	913	0.5400	2200.0000
39425	39427	914	0.5900	1400.0000
39427	39428	915	0.5400	2200.0000
39427	39429	916	0.5900	1400.0000
39429	39430	917	0.5400	2200.0000
39429	39431	918	0.5900	1400.0000
39431	39432	919	0.5400	2200.0000
39431	39433	920	0.5900	1400.0000
39433	39434	921	0.5400	2200.0000
39433	39435	922	0.5900	1400.0000
39435	39436	923	0.5400	2200.0000
39435	39437	924	0.5900	1400.0000
39437	39438	925	0.5400	2200.0000
39437	39439	926	0.5900	1400.0000
39439	39440	927	0.5400	2200.0000
39439	39441	928	0.5900	1400.0000
39441	39442	929	0.5400	2200.0000
39441	39443	930	0.5900	1400.0000
39443	39444	931	0.5400	2200.0000
39443	39445	932	0.5900	1400.0000
39445	39446	933	0.5400	2200.0000
39445	39447	934	0.5900	1400.0000
39447	39448	935	0.5400	2200.0000
39447	39449	936	0.5900	1400.0000
39449	39450	937	0.5400	2200.0000
39449	39451	938	0.5900	1400.0000
39451	39452	939	0.5400	2200.0000
39451	39453	940	0.5900	1400.0000
39453	39454	941	0.5400	2200.0000
39453	39455	942	0.5900	1400.0000
39455	39456	943	0.5400	2200.0000
39455	39457	944	0.5900	1400.0000
39457	39458	945	0.5400	2200.0000
39457	39459	946	0.5900	1400.0000
39459	39460	947	0.5400	2200.0000
39461	39462	948	0.5400	2200.0000
39461	39463	949	0.5900	1400.0000
39463	39464	950	0.5400	2200.0000
39463	39465	951	0.5900	1400.0000
39465	39466	952	0.5400	2200.0000
39465	39467	953	0.5900	1400.0000
39467	39468	954	0.5400	2200.0000
39467	39469	955	0.5900	1400.0000
39469	39470	956	0.5400	2200.0000
39469	39471	957	0.5900	1400.0000
39471	39472	958	0.5400	2200.0000
39471	39473	959	0.5900	1400.0000
39473	39474	960	0.5400	2200.0000
39473	39475	961	0.5900	1400.0000
39475	39476	962	0.5400	2200.0000
39475	39477	963	0.5900	1400.0000
39477	39478	964	0.5400	2200.0000
39477	39479	965	0.5900	1400.0000
39479	39480	966	0.5400	2200.0000
39479	39481	967	0.5900	1400.0000
39481	39482	968	0.5400	2200.0000
39481	39483	969	0.5900	1400.0000
39483	39484	970	0.5400	2200.0000
39483	39485	971	0.5900	1400.0000
39485	39486	972	0.5400	2200.0000
39485	39487	973	0.5900	1400.0000
39487	39488	974	0.5400	2200.0000
39487	39489	975	0.5900	1400.0000
39489	39490	976	0.5400	2200.0000
39489	39491	977	0.5900	1400.0000
39491	39492	978	0.5400	2200.0000
39491	39493	979	0.5900	1400.0000
39493	39494	980	0.5400	2200.0000
39493	39495	981	0.5900	1400.0000
39495	39496	982	0.5400	2200.0000
39495	39497	983	0.5900	1400.0000
39497	39498	984	0.5400	2200.0000
39497	39499	985	0.5900	1400.0000
39499	39500	986	0.5400	2200.0000
39499	39501	987	0.5900	1400.0000
39501	39502	988	0.5400	2200.0000
39501	39503	989	0.5900	1400.0000
39503	39504	990	0.5400	2200.0000
39503	39505	991	0.5900	1400.0000
39505	39506	992	0.5400	2200.0000
39505	39507	993	0.5900	1400.0000
39507	39508	994	0.5400	2200.0000
39507	39509	995	0.5900	1400.0000
39509	39510	996	0.5400	2200.0000
39509	39511	997	0.5900	1400.0000
39511	39512	998	0.5400	2200.0000
39511	39513	999	0.5900	1400.0000
39513	39514	1000	0.5400	2200.0000
39513	39515	1001	0.5900	1400.0000
39515	39516	1002	0.5400	2200.0000
39515	39517	1003	0.5900	1400.0000
39517	39518	1004	0.5400	2200.0000
39517	39519	1005	0.5900	1400.0000
39519	39520	1006	0.5400	2200.0000
39519	39521	1007	0.5900	1400.0000
39521	39522	1008	0.5400	2200.0000
39521	39523	1009	0.5900	1400.0000
39523	39524	1010	0.5400	2200.0000
39523	39525	1011	0.5900	1400.0000
39525	39526	1012	0.5400	2200.0000
39525	39527	1013	0.5900	1400.0000
39527	39528	1014	0.5400	2200.0000
39527	39529	1015	0.5900	1400.0000
39529	39530	1016	0.5400	2200.0000
39529	39531	1017	0.5900	1400.0000
39531	39532	1018	0.5400	2200.0000
39531	39533	1019	0.5900	1400.0000
39533	39534	1020	0.5400	2200.0000
39533	39535	1021	0.5900	1400.0000
39535	39536	1022	0.5400	2200.0000
39535	39537	1023	0.5900	1400.0000
39537	39538	1024	0.5400	2200.0000
39537	39539	1025	0.5900	1400.0000
39539	39540	1026	0.5400	2200.0000
39541	39542	1027	0.5400	2200.0000
39541	39543	1028	0.5900	1400.0000
39543	39544	1029	0.5400	2200.0000
39543	39545	1030	0.5900	1400.0000
39545	39546	1031	0.5400	2200.0000
39545	39547	1032	0.5900	1400.0000
39547	39548	1033	0.5400	2200.0000
39547	39549	1034	0.5900	1400.0000
39549	39550	1035	0.5400	2200.0000
39549	39551	1036	0.5900	1400.0000
39551	39552	1037	0.5400	2200.0000
39551	39553	1038	0.5900	1400.0000
39553	39554	1039	0.5400	2200.0000
39553	39555	1040	0.5900	1400.0000
39555	39556	1041	0.5400	2200.0000
39555	39557	1042	0.5900	1400.0000
39557	39558	1043	0.5400	2200.0000
39557	39559	1044	0.5900	1400.0000
39559	39560	1045	0.5400	2200.0000
39559	39561	1046	0.5900	1400.0000
39561	39562	1047	0.5400	2200.0000
39561	39563	1048	0.5900	1400.0000
39563	39564	1049	0.5400	2200.0000
39563	39565	1050	0.5900	1400.0000
39565	39566	1051	0.5400	2200.0000
39565	39567	1052	0.5900	1400.0000
39567	39568	1053	0.5400	2200.0000
39567	39569	1054	0.5900	1400.0000
39569	39570	1055	0.5400	2200.0000
39569	39571	1056	0.5900	1400.0000
39571	39572	1057	0.5400	2200.0000
39571	39573	1058	0.5900	1400.0000
39573	39574	1059	0.5400	2200.0000
39573	39575	1060	0.5900	1400.0000
39575	39576	1061	0.5400	2200.0000
39575	39577	1062	0.5900	1400.0000
39577	39578	1063	0.5400	2200.0000
39577	39579	1064	0.5900	1400.0000
39579	39580	1065	0.5400	2200.0000
39579	39581	1066	0.5900	1400.0000
39581	39582	1067	0.5400	2200.0000
39581	39583	1068	0.5900	1400.0000
39583	39584	1069	0.5400	2200.0000
39583	39585	1070	0.5900	1400.0000
39585	39586	1071	0.5400	2200.0000
39585	39587	1072	0.5900	1400.0000
39587	39588	1073	0.5400	2200.0000
39587	39589	1074	0.5900	1400.0000
39589	39590	1075	0.5400	2200.0000
39589	39591	1076	0.5900	1400.0000
39591	39592	1077	0.5400	2200.0000
39591	39593	1078	0.5900	1400.0000
39593	39594	1079	0.5400	2200.0000
39593	39595	1080	0.5900	1400.0000
39595	39596	1081	0.5400	2200.0000
39595	39597	1082	0.5900	1400.0000
39597	39598	1083	0.5400	2200.0000
39597	39599	1084	0.5900	1400.0000
39599	39600	1085	0.5400	2200.0000
39599	39601	1086	0.5900	1400.0000
39601	39602	1087	0.5400	2200.0000
39601	39603	1088	0.5900	1400.0000
39603	39604	1089	0.5400	2200.0000
39603	39605	1090	0.5900	1400.0000
39605	39606	1091	0.5400	2200.0000
39605	39607	1092	0.5900	1400.0000
39607	39608	1093	0.5400	2200.0000
39607	39609	1094	0.5900	1400.0000
39609	39610	1095	0.5400	2200.0000
39609	39611	1096	0.5900	1400.0000
39611	39612	1097	0.5400	2200.0000
39611	39613	1098	0.5900	1400.0000
39613	39614	1099	0.5400	2200.0000
39613	39615	1100	0.5900	1400.0000
39615	39616	1101	0.5400	2200.0000
39615	39617	1102	0.5900	1400.0000
39617	39618	1103	0.5400	2200.0000
39617	39619	1104	0.5900	1400.0000
39619	39620	1105	0.5400	2200.0000
39621	39622	1106	0.5400	2200.0000
39621	39623	1107	0.5900	1400.0000
39623	39624	1108	0.5400	2200.0000
39623	39625	1109	0.5900	1400.0000
39625	39626	1110	0.5400	2200.0000
39625	39627	1111	0.5900	1400.0000
39627	39628	1112	0.5400	2200.0000
39627	39629	1113	0.5900	1400.0000
39629	39630	1114	0.5400	2200.0000
39629	39631	1115	0.5900	1400.0000
39631	39632	1116	0.5400	2200.0000
39631	39633	1117	0.5900	1400.0000
39633	39634	1118	0.5400	2200.0000
39633	39635	1119	0.5900	1400.0000
39635	39636	1120	0.5400	2200.0000
39635	39637	1121	0.5900	1400.0000
39637	39638	1122	0.5400	2200.0000
39637	39639	1123	0.5900	1400.0000
39639	39640	1124	0.5400	2200.0000
39639	39641	1125	0.5900	1400.0000
39641	39642	1126	0.5400	2200.0000
39641	39643	1127	0.5900	1400.0000
39643	39644	1128	0.5400	2200.0000
39643	39645	1129	0.5900	1400.0000
39645	39646	1130	0.5400	2200.0000
39645	39647	1131	0.5900	1400.0000
39647	39648	1132	0.5400	2200.0000
39647	39649	1133	0.5900	1400.0000
39649	39650	1134	0.5400	2200.0000
39649	39651	1135	0.5900	1400.0000
39651	39652	1136	0.5400	2200.0000
39651	39653	1137	0.5900	1400.0000
39653	39654	1138	0.5400	2200.0000
39653	39655	1139	0.5900	1400.0000
39655	39656	1140	0.5400	2200.0000
39655	39657	1141	0.5900	1400.0000
39657	39658	1142	0.5400	2200.0000
39657	39659	1143	0.5900	1400.0000
39659	39660	1144	0.5400	2200.0000
39659	39661	1145	0.5900	1400.0000
39661	39662	1146	0.5400	2200.0000
39661	39663	1147	0.5900	1400.0000
39663	39664	1148	0.5400	2200.0000
39663	39665	1149	0.5900	1400.0000
39665	39666	1150	0.5400	2200.0000
39665	39667	1151	0.5900	1400.0000
39667	39668	1152	0.5400	2200.0000
39667	39669	1153	0.5900	1400.0000
39669	39670	1154	0.5400	2200.0000
39669	39671	1155	0.5900	1400.0000
39671	39672	1156	0.5400	2200.0000
39671	39673	1157	0.5900	1400.0000
39673	39674	1158	0.5400	2200.0000
39673	39675	1159	0.5900	1400.0000
39675	39676	1160	0.5400	2200.0000
39675	39677	1161	0.5900	1400.0000
39677	39678	1162	0.5400	2200.0000
39677	39679	1163	0.5900	1400.0000
39679	39680	1164	0.5400	2200.0000
39679	39681	1165	0.5900	1400.0000
39681	39682	1166	0.5400	2200.0000
39681	39683	1167	0.5900	1400.0000
39683	39684	1168	0.5400	2200.0000
39683	39685	1169	0.5900	1400.0000
39685	39686	1170	0.5400	2200.0000
39685	39687	1171	0.5900	1400.0000
39687	39688	1172	0.5400	2200.0000
39687	39689	1173	0.5900	1400.0000
39689	39690	1174	0.5400	2200.0000
39689	39691	1175	0.5900	1400.0000
39691	39692	1176	0.5400	2200.0000
39691	39693	1177	0.5900	1400.0000
39693	39694	1178	0.5400	2200.0000
39693	39695	1179	0.5900	1400.0000
39695	39696	1180	0.5400	2200.0000
39695	39697	1181	0.5900	1400.0000
39697	39698	1182	0.5400	2200.0000
39697	39699	1183	0.5900	1400.0000
39699	39700	1184	0.5400	2200.0000
39701	39702	1185	0.5400	2200.0000
39701	39703	1186	0.5900	1400.0000
39703	39704	1187	0.5400	2200.0000
39703	39705	1188	0.5900	1400.0000
39705	39706	1189	0.5400	2200.0000
39705	39707	1190	0.5900	1400.0000
39707	39708	1191	0.5400	2200.0000
39707	39709	1192	0.5900	1400.0000
39709	39710	1193	0.5400	2200.0000
39709	39711	1194	0.5900	1400.0000
39711	39712	1195	0.5400	2200.0000
39711	39713	1196	0.5900	1400.0000
39713	39714	1197	0.5400	2200.0000
39713	39715	1198	0.5900	1400.0000
39715	39716	1199	0.5400	2200.0000
39715	39717	1200	0.5900	1400.0000
39717	39718	1201	0.5400	2200.0000
39717	39719	1202	0.5900	1400.0000
39719	39720	1203	0.5400	2200.0000
39719	39721	1204	0.5900	1400.0000
39721	39722	1205	0.5400	2200.0000
39721	39723	1206	0.5900	1400.0000
39723	39724	1207	0.5400	2200.0000
39723	39725	1208	0.5900	1400.0000
39725	39726	1209	0.5400	2200.0000
39725	39727	1210	0.5900	1400.0000
39727	39728	1211	0.5400	2200.0000
39727	39729	1212	0.5900	1400.0000
39729	39730	1213	0.5400	2200.0000
39729	39731	1214	0.5900	1400.0000
39731	39732	1215	0.5400	2200.0000
39731	39733	1216	0.5900	1400.0000
39733	39734	1217	0.5400	2200.0000
39733	39735	1218	0.5900	1400.0000
39735	39736	1219	0.5400	2200.0000
39735	39737	1220	0.5900	1400.0000
39737	39738	1221	0.5400	2200.0000
39737	39739	1222	0.5900	1400.0000
39739	39740	1223	0.5400	2200.0000
39739	39741	1224	0.5900	1400.0000
39741	39742	1225	0.5400	2200.0000
39741	39743	1226	0.5900	1400.0000
39743	39744	1227	0.5400	2200.0000
39743	39745	1228	0.5900	1400.0000
39745	39746	1229	0.5400	2200.0000
39745	39747	1230	0.5900	1400.0000
39747	39748	1231	0.5400	2200.0000
39747	39749	1232	0.5900	1400.0000
39749	39750	1233	0.5400	2200.0000
39749	39751	1234	0.5900	1400.0000
39751	39752	1235	0.5400	2200.0000
39751	39753	1236	0.5900	1400.0000
39753	39754	1237	0.5400	2200.0000
39753	39755	1238	0.5900	1400.0000
39755	39756	1239	0.5400	2200.0000
39755	39757	1240	0.5900	1400.0000
39757	39758	1241	0.5400	2200.0000
39757	39759	1242	0.5900	1400.0000
39759	39760	1243	0.5400	2200.0000
39759	39761	1244	0.5900	1400.0000
39761	39762	1245	0.5400	2200.0000
39761	39763	1246	0.5900	1400.0000
39763	39764	1247	0.5400	2200.0000
39763	39765	1248	0.5900	1400.0000
39765	39766	1249	0.5400	2200.0000
39765	39767	1250	0.5900	1400.0000
39767	39768	1251	0.5400	2200.0000
39767	39769	1252	0.5900	1400.0000
39769	39770	1253	0.5400	2200.0000
39769	39771	1254	0.5900	1400.0000
39771	39772	1255	0.5400	2200.0000
39771	39773	1256	0.5900	1400.0000
39773	39774	1257	0.5400	2200.0000
39773	39775	1258	0.5900	1400.0000
39775	39776	1259	0.5400	2200.0000
39775	39777	1260	0.5900	1400.0000
39777	39778	1261	0.5400	2200.0000
39777	39779	1262	0.5900	1400.0000
39779	39780	1263	0.5400	2200.0000
39781	39782	1264	0.5400	2200.0000
39781	39783	1265	0.5900	1400.0000
39783	39784	1266	0.5400	2200.0000
39783	39785	1267	0.5900	1400.0000
39785	39786	1268	0.5400	2200.0000
39785	39787	1269	0.5900	1400.0000
39787	39788	1270	0.5400	2200.0000
39787	39789	1271	0.5900	1400.0000
39789	39790	1272	0.5400	2200.0000
39789	39791	1273	0.5900	1400.0000
39791	39792	1274	0.5400	2200.0000
39791	39793	1275	0.5900	1400.0000
39793	39794	1276	0.5400	2200.0000
39793	39795	1277	0.5900	1400.0000
39795	39796	1278	0.5400	2200.0000
39795	39797	1279	0.5900	1400.0000
39797	39798	1280	0.5400	2200.0000
39797	39799	1281	0.5900	1400.0000
39799	39800	1282	0.5400	2200.0000
39799	39801	1283	0.5900	1400.0000
39801	39802	1284	0.5400	2200.0000
39801	39803	1285	0.5900	1400.0000
39803	39804	1286	0.5400	2200.0000
39803	39805	1287	0.5900	1400.0000
39805	39806	1288	0.5400	2200.0000
39805	39807	1289	0.5900	1400.0000
39807	39808	1290	0.5400	2200.0000
39807	39809	1291	0.5900	1400.0000
39809	39810	1292	0.5400	2200.0000
39809	39811	1293	0.5900	1400.0000
39811	39812	1294	0.5400	2200.0000
39811	39813	1295	0.5900	1400.0000
39813	39814	1296	0.5400	2200.0000
39813	39815	1297	0.5900	1400.0000
39815	39816	1298	0.5400	2200.0000
39815	39817	1299	0.5900	1400.0000
39817	39818	1300	0.5400	2200.0000
39817	39819	1301	0.5900	1400.0000
39819	39820	1302	0.5400	2200.0000
39819	39821	1303	0.5900	1400.0000
39821	39822	1304	0.5400	2200.0000
39821	39823	1305	0.5900	1400.0000
39823	39824	1306	0.5400	2200.0000
39823	39825	1307	0.5900	1400.0000
39825	39826	1308	0.5400	2200.0000
39825	39827	1309	0.5900	1400.0000
39827	39828	1310	0.5400	2200.0000
39827	39829	1311	0.5900	1400.0000
39829	39830	1312	0.5400	2200.0000
39829	39831	1313	0.5900	1400.0000
39831	39832	1314	0.5400	2200.0000
39831	39833	1315	0.5900	1400.0000
39833	39834	1316	0.5400	2200.0000
39833	39835	1317	0.5900	1400.0000
39835	39836	1318	0.5400	2200.0000
39835	39837	1319	0.5900	1400.0000
39837	39838	1320	0.5400	2200.0000
39837	39839	1321	0.5900	1400.0000
39839	39840	1322	0.5400	2200.0000
39839	39841	1323	0.5900	1400.0000
39841	39842	1324	0.5400	2200.0000
39841	39843	1325	0.5900	1400.0000
39843	39844	1326	0.5400	2200.0000
39843	39845	1327	0.5900	1400.0000
39845	39846	1328	0.5400	2200.0000
39845	39847	1329	0.5900	1400.0000
39847	39848	1330	0.5400	2200.0000
39847	39849	1331	0.5900	1400.0000
39849	39850	1332	0.5400	2200.0000
39849	39851	1333	0.5900	1400.0000
39851	39852	1334	0.5400	2200.0000
39851	39853	1335	0.5900	1400.0000
39853	39854	1336	0.5400	2200.0000
39853	39855	1337	0.5900	1400.0000
39855	39856	1338	0.5400	2200.0000
39855	39857	1339	0.5900	1400.0000
39857	39858	1340	0.5400	2200.0000
39857	39859	1341	0.5900	1400.0000
39859	39860	1342	0.5400	2200.0000
39861	39862	1343	0.5400	2200.0000
39861	39863	1344	0.5900	1400.0000
39863	39864	1345	0.5400	2200.0000
39863	39865	1346	0.5900	1400.0000
39865	39866	1347	0.5400	2200.0000
39865	39867	1348	0.5900	1400.0000
39867	39868	1349	0.5400	2200.0000
39867	39869	1350	0.5900	1400.0000
39869	39870	1351	0.5400	2200.0000
39869	39871	1352	0.5900	1400.0000
39871	39872	1353	0.5400	2200.0000
39871	39873	1354	0.5900	1400.0000
39873	39874	1355	0.5400	2200.0000
39873	39875	1356	0.5900	1400.0000
39875	39876	1357	0.5400	2200.0000
39875	39877	1358	0.5900	1400.0000
39877	39878	1359	0.5400	2200.0000
39877	39879	1360	0.5900	1400.0000
39879	39880	1361	0.5400	2200.0000
39879	39881	1362	0.5900	1400.0000
39881	39882	1363	0.5400	2200.0000
39881	39883	1364	0.5900	1400.0000
39883	39884	1365	0.5400	2200.0000
39883	39885	1366	0.5900	1400.0000
39885	39886	1367	0.5400	2200.0000
39885	39887	1368	0.5900	1400.0000
39887	39888	1369	0.5400	2200.0000
39887	39889	1370	0.5900	1400.0000
39889	39890	1371	0.5400	2200.0000
39889	39891	1372	0.5900	1400.0000
39891	39892	1373	0.5400	2200.0000
39891	39893	1374	0.5900	1400.0000
39893	39894	1375	0.5400	2200.0000
39893	39895	1376	0.5900	1400.0000
39895	39896	1377	0.5400	2200.0000
39895	39897	1378	0.5900	1400.0000
39897	39898	1379	0.5400	2200.0000
39897	39899	1380	0.5900	1400.0000
39899	39900	1381	0.5400	2200.0000
39899	39901	1382	0.5900	1400.0000
39901	39902	1383	0.5400	2200.0000
39901	39903	1384	0.5900	1400.0000
39903	39904	1385	0.5400	2200.0000
39903	39905	1386	0.5900	1400.0000
39905	39906	1387	0.5400	2200.0000
39905	39907	1388	0.5900	1400.0000
39907	39908	1389	0.5400	2200.0000
39907	39909	1390	0.5900	1400.0000
39909	39910	1391	0.5400	2200.0000
39909	39911	1392	0.5900	1400.0000
39911	39912	1393	0.5400	2200.0000
39911	39913	1394	0.5900	1400.0000
39913	39914	1395	0.5400	2200.0000
39913	39915	1396	0.5900	1400.0000
39915	39916	1397	0.5400	2200.0000
39915	39917	1398	0.5900	1400.0000
39917	39918	1399	0.5400	2200.0000
39917	39919	1400	0.5900	1400.0000
39919	39920	1401	0.5400	2200.0000
39919	39921	1402	0.5900	1400.0000
39921	39922	1403	0.5400	2200.0000
39921	39923	1404	0.5900	1400.0000
39923	39924	1405	0.5400	2200.0000
39923	39925	1406	0.5900	1400.0000
39925	39926	1407	0.5400	2200.0000
39925	39927	1408	0.5900	1400.0000
39927	39928	1409	0.5400	2200.0000
39927	39929	1410	0.5900	1400.0000
39929	39930	1411	0.5400	2200.0000
39929	39931	1412	0.5900	1400.0000
39931	39932	1413	0.5400	2200.0000
39931	39933	1414	0.5900	1400.0000
39933	39934	1415	0.5400	2200.0000
39933	39935	1416	0.5900	1400.0000
39935	39936	1417	0.5400	2200.0000
39935	39937	1418	0.5900	1400.0000
39937	39938	1419	0.5400	2200.0000
39937	39939	1420	0.5900	1400.0000
39939	39940	1421	0.5400	2200.0000
39941	39942	1422	0.5400	2200.0000
39941	39943	1423	0.5900	1400.0000
39943	39944	1424	0.5400	2200.0000
39943	39945	1425	0.5900	1400.0000
39945	39946	1426	0.5400	2200.0000
39945	39947	1427	0.5900	1400.0000
39947	39948	1428	0.5400	2200.0000
39947	39949	1429	0.5900	1400.0000
39949	39950	1430	0.5400	2200.0000
39949	39951	1431	0.5900	1400.0000
39951	39952	1432	0.5400	2200.0000
39951	39953	1433	0.5900	1400.0000
39953	39954	1434	0.5400	2200.0000
39953	39955	1435	0.5900	1400.0000
39955	39956	1436	0.5400	2200.0000
39955	39957	1437	0.5900	1400.0000
39957	39958	1438	0.5400	2200.0000
39957	39959	1439	0.5900	1400.0000
39959	39960	1440	0.5400	2200.0000
39959	39961	1441	0.5900	1400.0000
39961	39962	1442	0.5400	2200.0000
39961	39963	1443	0.5900	1400.0000
39963	39964	1444	0.5400	2200.0000
39963	39965	1445	0.5900	1400.0000
39965	39966	1446	0.5400	2200.0000
39965	39967	1447	0.5900	1400.0000
39967	39968	1448	0.5400	2200.0000
39967	39969	1449	0.5900	1400.0000
39969	39970	1450	0.5400	2200.0000
39969	39971	1451	0.5900	1400.0000
39971	39972	1452	0.5400	2200.0000
39971	39973	1453	0.5900	1400.0000
39973	39974	1454	0.5400	2200.0000
39973	39975	1455	0.5900	1400.0000
39975	39976	1456	0.5400	2200.0000
39975	39977	1457	0.5900	1400.0000
39977	39978	1458	0.5400	2200.0000
39977	39979	1459	0.5900	1400.0000
39979	39980	1460	0.5400	2200.0000
39979	39981	1461	0.5900	1400.0000
39981	39982	1462	0.5400	2200.0000
39981	39983	1463	0.5900	1400.0000
39983	39984	1464	0.5400	2200.0000
39983	39985	1465	0.5900	1400.0000
39985	39986	1466	0.5400	2200.0000
39985	39987	1467	0.5900	1400.0000
39987	39988	1468	0.5400	2200.0000
39987	39989	1469	0.5900	1400.0000
39989	39990	1470	0.5400	2200.0000
39989	39991	1471	0.5900	1400.0000
39991	39992	1472	0.5400	2200.0000
39991	39993	1473	0.5900	1400.0000
39993	39994	1474	0.5400	2200.0000
39993	39995	1475	0.5900	1400.0000
39995	39996	1476	0.5400	2200.0000
39995	39997	1477	0.5900	1400.0000
39997	39998	1478	0.5400	2200.0000
39997	39999	1479	0.5900	1400.0000
39999	40000	1480	0.5400	2200.0000
39999	40001	1481	0.5900	1400.0000
40001	40002	1482	0.5400	2200.0000
40001	40003	1483	0.5900	1400.0000
40003	40004	1484	0.5400	2200.0000
40003	40005	1485	0.5900	1400.0000
40005	40006	1486	0.5400	2200.0000
40005	40007	1487	0.5900	1400.0000
40007	40008	1488	0.5400	2200.0000
40007	40009	1489	0.5900	1400.0000
40009	40010	1490	0.5400	2200.0000
40009	40011	1491	0.5900	1400.0000
40011	40012	1492	0.5400	2200.0000
40011	40013	1493	0.5900	1400.0000
40013	40014	1494	0.5400	2200.0000
40013	40015	1495	0.5900	1400.0000
40015	40016	1496	0.5400	2200.0000
40015	40017	1497	0.5900	1400.0000
40017	40018	1498	0.5400	2200.0000
40017	40019	1499	0.5900	1400.0000
40019	40020	1500	0.5400	2200.0000
40021	40022	1501	0.5400	2200.0000
40021	40023	1502	0.5900	1400.0000
40023	40024	1503	0.5400	2200.0000
40023	40025	1504	0.5900	1400.0000
40025	40026	1505	0.5400	2200.0000
40025	40027	1506	0.5900	1400.0000
40027	40028	1507	0.5400	2200.0000
40027	40029	1508	0.5900	1400.0000
40029	40030	1509	0.5400	2200.0000
40029	40031	1510	0.5900	1400.0000
40031	40032	1511	0.5400	2200.0000
40031	40033	1512	0.5900	1400.0000
40033	40034	1513	0.5400	2200.0000
40033	40035	1514	0.5900	1400.0000
40035	40036	1515	0.5400	2200.0000
40035	40037	1516	0.5900	1400.0000
40037	40038	1517	0.5400	2200.0000
40037	40039	1518	0.5900	1400.0000
40039	40040	1519	0.5400	2200.0000
40039	40041	1520	0.5900	1400.0000
40041	40042	1521	0.5400	2200.0000
40041	40043	1522	0.5900	1400.0000
40043	40044	1523	0.5400	2200.0000
40043	40045	1524	0.5900	1400.0000
40045	40046	1525	0.5400	2200.0000
40045	40047	1526	0.5900	1400.0000
40047	40048	1527	0.5400	2200.0000
40047	40049	1528	0.5900	1400.0000
40049	40050	1529	0.5400	2200.0000
40049	40051	1530	0.5900	1400.0000
40051	40052	1531	0.5400	2200.0000
40051	40053	1532	0.5900	1400.0000
40053	40054	1533	0.5400	2200.0000
40053	40055	1534	0.5900	1400.0000
40055	40056	1535	0.5400	2200.0000
40055	40057	1536	0.5900	1400.0000
40057	40058	1537	0.5400	2200.0000
40057	40059	1538	0.5900	1400.0000
40059	40060	1539	0.5400	2200.0000
40059	40061	1540	0.5900	1400.0000
40061	40062	1541	0.5400	2200.0000
40061	40063	1542	0.5900	1400.0000
40063	40064	1543	0.5400	2200.0000
40063	40065	1544	0.5900	1400.0000
40065	40066	1545	0.5400	2200.0000
40065	40067	1546	0.5900	1400.0000
40067	40068	1547	0.5400	2200.0000
40067	40069	1548	0.5900	1400.0000
40069	40070	1549	0.5400	2200.0000
40069	40071	1550	0.5900	1400.0000
40071	40072	1551	0.5400	2200.0000
40071	40073	1552	0.5900	1400.0000
40073	40074	1553	0.5400	2200.0000
40073	40075	1554	0.5900	1400.0000
40075	40076	1555	0.5400	2200.0000
40075	40077	1556	0.5900	1400.0000
40077	40078	1557	0.5400	2200.0000
40077	40079	1558	0.5900	1400.0000
40079	40080	1559	0.5400	2200.0000
40079	40081	1560	0.5900	1400.0000
40081	40082	1561	0.5400	2200.0000
40081	40083	1562	0.5900	1400.0000
40083	40084	1563	0.5400	2200.0000
40083	40085	1564	0.5900	1400.0000
40085	40086	1565	0.5400	2200.0000
40085	40087	1566	0.5900	1400.0000
40087	40088	1567	0.5400	2200.0000
40087	40089	1568	0.5900	1400.0000
40089	40090	1569	0.5400	2200.0000
40089	40091	1570	0.5900	1400.0000
40091	40092	1571	0.5400	2200.0000
40091	40093	1572	0.5900	1400.0000
40093	40094	1573	0.5400	2200.0000
40093	40095	1574	0.5900	1400.0000
40095	40096	1575	0.5400	2200.0000
40095	40097	1576	0.5900	1400.0000
40097	40098	1577	0.5400	2200.0000
40097	40099	1578	0.5900	1400.0000
40099	40100	1579	0.5400	2200.0000
40101	40102	1580	0.5400	2200.0000
40101	40103	1581	0.5900	1400.0000
40103	40104	1582	0.5400	2200.0000
40103	40105	1583	0.5900	1400.0000
40105	40106	1584	0.5400	2200.0000
40105	40107	1585	0.5900	1400.0000
40107	40108	1586	0.5400	2200.0000
40107	40109	1587	0.5900	1400.0000
40109	40110	1588	0.5400	2200.0000
40109	40111	1589	0.5900	1400.0000
40111	40112	1590	0.5400	2200.0000
40111	40113	1591	0.5900	1400.0000
40113	40114	1592	0.5400	2200.0000
40113	40115	1593	0.5900	1400.0000
40115	40116	1594	0.5400	2200.0000
40115	40117	1595	0.5900	1400.0000
40117	40118	1596	0.5400	2200.0000
40117	40119	1597	0.5900	1400.0000
40119	40120	1598	0.5400	2200.0000
40119	40121	1599	0.5900	1400.0000
40121	40122	1600	0.5400	2200.0000
40121	40123	1601	0.5900	1400.0000
40123	40124	1602	0.5400	2200.0000
40123	40125	1603	0.5900	1400.0000
40125	40126	1604	0.5400	2200.0000
40125	40127	1605	0.5900	1400.0000
40127	40128	1606	0.5400	2200.0000
40127	40129	1607	0.5900	1400.0000
40129	40130	1608	0.5400	2200.0000
40129	40131	1609	0.5900	1400.0000
40131	40132	1610	0.5400	2200.0000
40131	40133	1611	0.5900	1400.0000
40133	40134	1612	0.5400	2200.0000
40133	40135	1613	0.5900	1400.0000
40135	40136	1614	0.5400	2200.0000
40135	40137	1615	0.5900	1400.0000
40137	40138	1616	0.5400	2200.0000
40137	40139	1617	0.5900	1400.0000
40139	40140	1618	0.5400	2200.0000
40139	40141	1619	0.5900	1400.0000
40141	40142	1620	0.5400	2200.0000
40141	40143	1621	0.5900	1400.0000
40143	40144	1622	0.5400	2200.0000
40143	40145	1623	0.5900	1400.0000
40145	40146	1624	0.5400	2200.0000
40145	40147	1625	0.5900	1400.0000
40147	40148	1626	0.5400	2200.0000
40147	40149	1627	0.5900	1400.0000
40149	40150	1628	0.5400	2200.0000
40149	40151	1629	0.5900	1400.0000
40151	40152	1630	0.5400	2200.0000
40151	40153	1631	0.5900	1400.0000
40153	40154	1632	0.5400	2200.0000
40153	40155	1633	0.5900	1400.0000
40155	40156	1634	0.5400	2200.0000
40155	40157	1635	0.5900	1400.0000
40157	40158	1636	0.5400	2200.0000
40157	40159	1637	0.5900	1400.0000
40159	40160	1638	0.5400	2200.0000
40159	40161	1639	0.5900	1400.0000
40161	40162	1640	0.5400	2200.0000
40161	40163	1641	0.5900	1400.0000
40163	40164	1642	0.5400	2200.0000
40163	40165	1643	0.5900	1400.0000
40165	40166	1644	0.5400	2200.0000
40165	40167	1645	0.5900	1400.0000
40167	40168	1646	0.5400	2200.0000
40167	40169	1647	0.5900	1400.0000
40169	40170	1648	0.5400	2200.0000
40169	40171	1649	0.5900	1400.0000
40171	40172	1650	0.5400	2200.0000
40171	40173	1651	0.5900	1400.0000
40173	40174	1652	0.5400	2200.0000
40173	40175	1653	0.5900	1400.0000
40175	40176	1654	0.5400	2200.0000
40175	40177	1655	0.5900	1400.0000
40177	40178	1656	0.5400	2200.0000
40177	40179	1657	0.5900	1400.0000
40179	40180	1658	0.5400	2200.0000
40181	40182	1659	0.5400	2200.0000
40181	40183	1660	0.5900	1400.0000
40183	40184	1661	0.5400	2200.0000
40183	40185	1662	0.5900	1400.0000
40185	40186	1663	0.5400	2200.0000
40185	40187	1664	0.5900	1400.0000
40187	40188	1665	0.5400	2200.0000
40187	40189	1666	0.5900	1400.0000
40189	40190	1667	0.5400	2200.0000
40189	40191	1668	0.5900	1400.0000
40191	40192	1669	0.5400	2200.0000
40191	40193	1670	0.5900	1400.0000
40193	40194	1671	0.5400	2200.0000
40193	40195	1672	0.5900	1400.0000
40195	40196	1673	0.5400	2200.0000
40195	40197	1674	0.5900	1400.0000
40197	40198	1675	0.5400	2200.0000
40197	40199	1676	0.5900	1400.0000
40199	40200	1677	0.5400	2200.0000
40199	40201	1678	0.5900	1400.0000
40201	40202	1679	0.5400	2200.0000
40201	40203	1680	0.5900	1400.0000
40203	40204	1681	0.5400	2200.0000
40203	40205	1682	0.5900	1400.0000
40205	40206	1683	0.5400	2200.0000
40205	40207	1684	0.5900	1400.0000
40207	40208	1685	0.5400	2200.0000
40207	40209	1686	0.5900	1400.0000
40209	40210	1687	0.5400	2200.0000
40209	40211	1688	0.5900	1400.0000
40211	40212	1689	0.5400	2200.0000
40211	40213	1690	0.5900	1400.0000
40213	40214	1691	0.5400	2200.0000
40213	40215	1692	0.5900	1400.0000
40215	40216	1693	0.5400	2200.0000
40215	40217	1694	0.5900	1400.0000
40217	40218	1695	0.5400	2200.0000
40217	40219	1696	0.5900	1400.0000
40219	40220	1697	0.5400	2200.0000
40219	40221	1698	0.5900	1400.0000
40221	40222	1699	0.5400	2200.0000
40221	40223	1700	0.5900	1400.0000
40223	40224	1701	0.5400	2200.0000
40223	40225	1702	0.5900	1400.0000
40225	40226	1703	0.5400	2200.0000
40225	40227	1704	0.5900	1400.0000
40227	40228	1705	0.5400	2200.0000
40227	40229	1706	0.5900	1400.0000
40229	40230	1707	0.5400	2200.0000
40229	40231	1708	0.5900	1400.0000
40231	40232	1709	0.5400	2200.0000
40231	40233	1710	0.5900	1400.0000
40233	40234	1711	0.5400	2200.0000
40233	40235	1712	0.5900	1400.0000
40235	40236	1713	0.5400	2200.0000
40235	40237	1714	0.5900	1400.0000
40237	40238	1715	0.5400	2200.0000
40237	40239	1716	0.5900	1400.0000
40239	40240	1717	0.5400	2200.0000
40239	40241	1718	0.5900	1400.0000
40241	40242	1719	0.5400	2200.0000
40241	40243	1720	0.5900	1400.0000
40243	40244	1721	0.5400	2200.0000
40243	40245	1722	0.5900	1400.0000
40245	40246	1723	0.5400	2200.0000
40245	40247	1724	0.5900	1400.0000
40247	40248	1725	0.5400	2200.0000
40247	40249	1726	0.5900	1400.0000
40249	40250	1727	0.5400	2200.0000
40249	40251	1728	0.5900	1400.0000
40251	40252	1729	0.5400	2200.0000
40251	40253	1730	0.5900	1400.0000
40253	40254	1731	0.5400	2200.0000
40253	40255	1732	0.5900	1400.0000
40255	40256	1733	0.5400	2200.0000
40255	40257	1734	0.5900	1400.0000
40257	40258	1735	0.5400	2200.0000
40257	40259	1736	0.5900	1400.0000
40259	40260	1737	0.5400	2200.0000
40261	40262	1738	0.5400	2200.0000
40261	40263	1739	0.5900	1400.0000
40263	40264	1740	0.5400	2200.0000
40263	40265	1741	0.5900	1400.0000
40265	40266	1742	0.5400	2200.0000
40265	40267	1743	0.5900	1400.0000
40267	40268	1744	0.5400	2200.0000
40267	40269	1745	0.5900	1400.0000
40269	40270	1746	0.5400	2200.0000
40269	40271	1747	0.5900	1400.0000
40271	40272	1748	0.5400	2200.0000
40271	40273	1749	0.5900	1400.0000
40273	40274	1750	0.5400	2200.0000
40273	40275	1751	0.5900	1400.0000
40275	40276	1752	0.5400	2200.0000
40275	40277	1753	0.5900	1400.0000
40277	40278	1754	0.5400	2200.0000
40277	40279	1755	0.5900	1400.0000
40279	40280	1756	0.5400	2200.0000
40279	40281	1757	0.5900	1400.0000
40281	40282	1758	0.5400	2200.0000
40281	40283	1759	0.5900	1400.0000
40283	40284	1760	0.5400	2200.0000
40283	40285	1761	0.5900	1400.0000
40285	40286	1762	0.5400	2200.0000
40285	40287	1763	0.5900	1400.0000
40287	40288	1764	0.5400	2200.0000
40287	40289	1765	0.5900	1400.0000
40289	40290	1766	0.5400	2200.0000
40289	40291	1767	0.5900	1400.0000
40291	40292	1768	0.5400	2200.0000
40291	40293	1769	0.5900	1400.0000
40293	40294	1770	0.5400	2200.0000
40293	40295	1771	0.5900	1400.0000
40295	40296	1772	0.5400	2200.0000
40295	40297	1773	0.5900	1400.0000
40297	40298	1774	0.5400	2200.0000
40297	40299	1775	0.5900	1400.0000
40299	40300	1776	0.5400	2200.0000
40299	40301	1777	0.5900	1400.0000
40301	40302	1778	0.5400	2200.0000
40301	40303	1779	0.5900	1400.0000
40303	40304	1780	0.5400	2200.0000
40303	40305	1781	0.5900	1400.0000
40305	40306	1782	0.5400	2200.0000
40305	40307	1783	0.5900	1400.0000
40307	40308	1784	0.5400	2200.0000
40307	40309	1785	0.5900	1400.0000
40309	40310	1786	0.5400	2200.0000
40309	40311	1787	0.5900	1400.0000
40311	40312	1788	0.5400	2200.0000
40311	40313	1789	0.5900	1400.0000
40313	40314	1790	0.5400	2200.0000
40313	40315	1791	0.5900	1400.0000
40315	40316	1792	0.5400	2200.0000
40315	40317	1793	0.5900	1400.0000
40317	40318	1794	0.5400	2200.0000
40317	40319	1795	0.5900	1400.0000
40319	40320	1796	0.5400	2200.0000
40319	40321	1797	0.5900	1400.0000
40321	40322	1798	0.5400	2200.0000
40321	40323	1799	0.5900	1400.0000
40323	40324	1800	0.5400	2200.0000
40323	40325	1801	0.5900	1400.0000
40325	40326	1802	0.5400	2200.0000
40325	40327	1803	0.5900	1400.0000
40327	40328	1804	0.5400	2200.0000
40327	40329	1805	0.5900	1400.0000
40329	40330	1806	0.5400	2200.0000
40329	40331	1807	0.5900	1400.0000
40331	40332	1808	0.5400	2200.0000
40331	40333	1809	0.5900	1400.0000
40333	40334	1810	0.5400	2200.0000
40333	40335	1811	0.5900	1400.0000
40335	40336	1812	0.5400	2200.0000
40335	40337	1813	0.5900	1400.0000
40337	40338	1814	0.5400	2200.0000
40337	40339	1815	0.5900	1400.0000
40339	40340	1816	0.5400	2200.0000
40341	40342	1817	0.5400	2200.0000
40341	40343	1818	0.5900	1400.0000
40343	40344	1819	0.5400	2200.0000
40343	40345	1820	0.5900	1400.0000
40345	40346	1821	0.5400	2200.0000
40345	40347	1822	0.5900	1400.0000
40347	40348	1823	0.5400	2200.0000
40347	40349	1824	0.5900	1400.0000
40349	40350	1825	0.5400	2200.0000
40349	40351	1826	0.5900	1400.0000
40351	40352	1827	0.5400	2200.0000
40351	40353	1828	0.5900	1400.0000
40353	40354	1829	0.5400	2200.0000
40353	40355	1830	0.5900	1400.0000
40355	40356	1831	0.5400	2200.0000
40355	40357	1832	0.5900	1400.0000
40357	40358	1833	0.5400	2200.0000
40357	40359	1834	0.5900	1400.0000
40359	40360	1835	0.5400	2200.0000
40359	40361	1836	0.5900	1400.0000
40361	40362	1837	0.5400	2200.0000
40361	40363	1838	0.5900	1400.0000
40363	40364	1839	0.5400	2200.0000
40363	40365	1840	0.5900	1400.0000
40365	40366	1841	0.5400	2200.0000
40365	40367	1842	0.5900	1400.0000
40367	40368	1843	0.5400	2200.0000
40367	40369	1844	0.5900	1400.0000
40369	40370	1845	0.5400	2200.0000
40369	40371	1846	0.5900	1400.0000
40371	40372	1847	0.5400	2200.0000
40371	40373	1848	0.5900	1400.0000
40373	40374	1849	0.5400	2200.0000
40373	40375	1850	0.5900	1400.0000
40375	40376	1851	0.5400	2200.0000
40375	40377	1852	0.5900	1400.0000
40377	40378	1853	0.5400	2200.0000
40377	40379	1854	0.5900	1400.0000
40379	40380	1855	0.5400	2200.0000
40379	40381	1856	0.5900	1400.0000
40381	40382	1857	0.5400	2200.0000
40381	40383	1858	0.5900	1400.0000
40383	40384	1859	0.5400	2200.0000
40383	40385	1860	0.5900	1400.0000
40385	40386	1861	0.5400	2200.0000
40385	40387	1862	0.5900	1400.0000
40387	40388	1863	0.5400	2200.0000
40387	40389	1864	0.5900	1400.0000
40389	40390	1865	0.5400	2200.0000
40389	40391	1866	0.5900	1400.0000
40391	40392	1867	0.5400	2200.0000
40391	40393	1868	0.5900	1400.0000
40393	40394	1869	0.5400	2200.0000
40393	40395	1870	0.5900	1400.0000
40395	40396	1871	0.5400	2200.0000
40395	40397	1872	0.5900	1400.0000
40397	40398	1873	0.5400	2200.0000
40397	40399	1874	0.5900	1400.0000
40399	40400	1875	0.5400	2200.0000
40399	40401	1876	0.5900	1400.0000
40401	40402	1877	0.5400	2200.0000
40401	40403	1878	0.5900	1400.0000
40403	40404	1879	0.5400	2200.0000
40403	40405	1880	0.5900	1400.0000
40405	40406	1881	0.5400	2200.0000
40405	40407	1882	0.5900	1400.0000
40407	40408	1883	0.5400	2200.0000
40407	40409	1884	0.5900	1400.0000
40409	40410	1885	0.5400	2200.0000
40409	40411	1886	0.5900	1400.0000
40411	40412	1887	0.5400	2200.0000
40411	40413	1888	0.5900	1400.0000
40413	40414	1889	0.5400	2200.0000
40413	40415	1890	0.5900	1400.0000
40415	40416	1891	0.5400	2200.0000
40415	40417	1892	0.5900	1400.0000
40417	40418	1893	0.5400	2200.0000
40417	40419	1894	0.5900	1400.0000
40419	40420	1895	0.5400	2200.0000
40421	40422	1896	0.5400	2200.0000
40421	40423	1897	0.5900	1400.0000
40423	40424	1898	0.5400	2200.0000
40423	40425	1899	0.5900	1400.0000
40425	40426	1900	0.5400	2200.0000
40425	40427	1901	0.5900	1400.0000
40427	40428	1902	0.5400	2200.0000
40427	40429	1903	0.5900	1400.0000
40429	40430	1904	0.5400	2200.0000
40429	40431	1905	0.5900	1400.0000
40431	40432	1906	0.5400	2200.0000
40431	40433	1907	0.5900	1400.0000
40433	40434	1908	0.5400	2200.0000
40433	40435	1909	0.5900	1400.0000
40435	40436	1910	0.5400	2200.0000
40435	40437	1911	0.5900	1400.0000
40437	40438	1912	0.5400	2200.0000
40437	40439	1913	0.5900	1400.0000
40439	40440	1914	0.5400	2200.0000
40439	40441	1915	0.5900	1400.0000
40441	40442	1916	0.5400	2200.0000
40441	40443	1917	0.5900	1400.0000
40443	40444	1918	0.5400	2200.0000
40443	40445	1919	0.5900	1400.0000
40445	40446	1920	0.5400	2200.0000
40445	40447	1921	0.5900	1400.0000
40447	40448	1922	0.5400	2200.0000
40447	40449	1923	0.5900	1400.0000
40449	40450	1924	0.5400	2200.0000
40449	40451	1925	0.5900	1400.0000
40451	40452	1926	0.5400	2200.0000
40451	40453	1927	0.5900	1400.0000
40453	40454	1928	0.5400	2200.0000
40453	40455	1929	0.5900	1400.0000
40455	40456	1930	0.5400	2200.0000
40455	40457	1931	0.5900	1400.0000
40457	40458	1932	0.5400	2200.0000
40457	40459	1933	0.5900	1400.0000
40459	40460	1934	0.5400	2200.0000
40459	40461	1935	0.5900	1400.0000
40461	40462	1936	0.5400	2200.0000
40461	40463	1937	0.5900	1400.0000
40463	40464	1938	0.5400	2200.0000
40463	40465	1939	0.5900	1400.0000
40465	40466	1940	0.5400	2200.0000
40465	40467	1941	0.5900	1400.0000
40467	40468	1942	0.5400	2200.0000
40467	40469	1943	0.5900	1400.0000
40469	40470	1944	0.5400	2200.0000
40469	40471	1945	0.5900	1400.0000
40471	40472	1946	0.5400	2200.0000
40471	40473	1947	0.5900	1400.0000
40473	40474	1948	0.5400	2200.0000
40473	40475	1949	0.5900	1400.0000
40475	40476	1950	0.5400	2200.0000
40475	40477	1951	0.5900	1400.0000
40477	40478	1952	0.5400	2200.0000
40477	40479	1953	0.5900	1400.0000
40479	40480	1954	0.5400	2200.0000
40479	40481	1955	0.5900	1400.0000
40481	40482	1956	0.5400	2200.0000
40481	40483	1957	0.5900	1400.0000
40483	40484	1958	0.5400	2200.0000
40483	40485	1959	0.5900	1400.0000
40485	40486	1960	0.5400	2200.0000
40485	40487	1961	0.5900	1400.0000
40487	40488	1962	0.5400	2200.0000
40487	40489	1963	0.5900	1400.0000
40489	40490	1964	0.5400	2200.0000
40489	40491	1965	0.5900	1400.0000
40491	40492	1966	0.5400	2200.0000
40491	40493	1967	0.5900	1400.0000
40493	40494	1968	0.5400	2200.0000
40493	40495	1969	0.5900	1400.0000
40495	40496	1970	0.5400	2200.0000
40495	40497	1971	0.5900	1400.0000
40497	40498	1972	0.5400	2200.0000
40497	40499	1973	0.5900	1400.0000
40499	40500	1974	0.5400	2200.0000
40501	40502	1975	0.5400	2200.0000
40501	40503	1976	0.5900	1400.0000
40503	40504	1977	0.5400	2200.0000
40503	40505	1978	0.5900	1400.0000
40505	40506	1979	0.5400	2200.0000
40505	40507	1980	0.5900	1400.0000
40507	40508	1981	0.5400	2200.0000
40507	40509	1982	0.5900	1400.0000
40509	40510	1983	0.5400	2200.0000
40509	40511	1984	0.5900	1400.0000
40511	40512	1985	0.5400	2200.0000
40511	40513	1986	0.5900	1400.0000
40513	40514	1987	0.5400	2200.0000
40513	40515	1988	0.5900	1400.0000
40515	40516	1989	0.5400	2200.0000
40515	40517	1990	0.5900	1400.0000
40517	40518	1991	0.5400	2200.0000
40517	40519	1992	0.5900	1400.0000
40519	40520	1993	0.5400	2200.0000
40519	40521	1994	0.5900	1400.0000
40521	40522	1995	0.5400	2200.0000
40521	40523	1996	0.5900	1400.0000
40523	40524	1997	0.5400	2200.0000
40523	40525	1998	0.5900	1400.0000
40525	40526	1999	0.5400	2200.0000
40525	40527	2000	0.5900	1400.0000
40527	40528	2001	0.5400	2200.0000
40527	40529	2002	0.5900	1400.0000
40529	40530	2003	0.5400	2200.0000
40529	40531	2004	0.5900	1400.0000
40531	40532	2005	0.5400	2200.0000
40531	40533	2006	0.5900	1400.0000
40533	40534	2007	0.5400	2200.0000
40533	40535	2008	0.5900	1400.0000
40535	40536	2009	0.5400	2200.0000
40535	40537	2010	0.5900	1400.0000
40537	40538	2011	0.5400	2200.0000
40537	40539	2012	0.5900	1400.0000
40539	40540	2013	0.5400	2200.0000
40539	40541	2014	0.5900	1400.0000
40541	40542	2015	0.5400	2200.0000
40541	40543	2016	0.5900	1400.0000
40543	40544	2017	0.5400	2200.0000
40543	40545	2018	0.5900	1400.0000
40545	40546	2019	0.5400	2200.0000
40545	40547	2020	0.5900	1400.0000
40547	40548	2021	0.5400	2200.0000
40547	40549	2022	0.5900	1400.0000
40549	40550	2023	0.5400	2200.0000
40549	40551	2024	0.5900	1400.0000
40551	40552	2025	0.5400	2200.0000
40551	40553	2026	0.5900	1400.0000
40553	40554	2027	0.5400	2200.0000
40553	40555	2028	0.5900	1400.0000
40555	40556	2029	0.5400	2200.0000
40555	40557	2030	0.5900	1400.0000
40557	40558	2031	0.5400	2200.0000
40557	40559	2032	0.5900	1400.0000
40559	40560	2033	0.5400	2200.0000
40559	40561	2034	0.5900	1400.0000
40561	40562	2035	0.5400	2200.0000
40561	40563	2036	0.5900	1400.0000
40563	40564	2037	0.5400	2200.0000
40563	40565	2038	0.5900	1400.0000
40565	40566	2039	0.5400	2200.0000
40565	40567	2040	0.5900	1400.0000
40567	40568	2041	0.5400	2200.0000
40567	40569	2042	0.5900	1400.0000
40569	40570	2043	0.5400	2200.0000
40569	40571	2044	0.5900	1400.0000
40571	40572	2045	0.5400	2200.0000
40571	40573	2046	0.5900	1400.0000
40573	40574	2047	0.5400	2200.0000
40573	40575	2048	0.5900	1400.0000
40575	40576	2049	0.5400	2200.0000
40575	40577	2050	0.5900	1400.0000
40577	40578	2051	0.5400	2200.0000
40577	40579	2052	0.5900	1400.0000
40579	40580	2053	0.5400	2200.0000
40581	40582	2054	0.5400	2200.0000
40581	40583	2055	0.5900	1400.0000
40583	40584	2056	0.5400	2200.0000
40583	40585	2057	0.5900	1400.0000
40585	40586	2058	0.5400	2200.0000
40585	40587	2059	0.5900	1400.0000
40587	40588	2060	0.5400	2200.0000
40587	40589	2061	0.5900	1400.0000
40589	40590	2062	0.5400	2200.0000
40589	40591	2063	0.5900	1400.0000
40591	40592	2064	0.5400	2200.0000
40591	40593	2065	0.5900	1400.0000
40593	40594	2066	0.5400	2200.0000
40593	40595	2067	0.5900	1400.0000
40595	40596	2068	0.5400	2200.0000
40595	40597	2069	0.5900	1400.0000
40597	40598	2070	0.5400	2200.0000
40597	40599	2071	0.5900	1400.0000
40599	40600	2072	0.5400	2200.0000
40599	40601	2073	0.5900	1400.0000
40601	40602	2074	0.5400	2200.0000
40601	40603	2075	0.5900	1400.0000
40603	40604	2076	0.5400	2200.0000
40603	40605	2077	0.5900	1400.0000
40605	40606	2078	0.5400	2200.0000
40605	40607	2079	0.5900	1400.0000
40607	40608	2080	0.5400	2200.0000
40607	40609	2081	0.5900	1400.0000
40609	40610	2082	0.5400	2200.0000
40609	40611	2083	0.5900	1400.0000
40611	40612	2084	0.5400	2200.0000
40611	40613	2085	0.5900	1400.0000
40613	40614	2086	0.5400	2200.0000
40613	40615	2087	0.5900	1400.0000
40615	40616	2088	0.5400	2200.0000
40615	40617	2089	0.5900	1400.0000
40617	40618	2090	0.5400	2200.0000
40617	40619	2091	0.5900	1400.0000
40619	40620	2092	0.5400	2200.0000
40619	40621	2093	0.5900	1400.0000
40621	40622	2094	0.5400	2200.0000
40621	40623	2095	0.5900	1400.0000
40623	40624	2096	0.5400	2200.0000
40623	40625	2097	0.5900	1400.0000
40625	40626	2098	0.5400	2200.0000
40625	40627	2099	0.5900	1400.0000
40627	40628	2100	0.5400	2200.0000
40627	40629	2101	0.5900	1400.0000
40629	40630	2102	0.5400	2200.0000
40629	40631	2103	0.5900	1400.0000
40631	40632	2104	0.5400	2200.0000
40631	40633	2105	0.5900	1400.0000
40633	40634	2106	0.5400	2200.0000
40633	40635	2107	0.5900	1400.0000
40635	40636	2108	0.5400	2200.0000
40635	40637	2109	0.5900	1400.0000
40637	40638	2110	0.5400	2200.0000
40637	40639	2111	0.5900	1400.0000
40639	40640	2112	0.5400	2200.0000
40639	40641	2113	0.5900	1400.0000
40641	40642	2114	0.5400	2200.0000
40641	40643	2115	0.5900	1400.0000
40643	40644	2116	0.5400	2200.0000
40643	40645	2117	0.5900	1400.0000
40645	40646	2118	0.5400	2200.0000
40645	40647	2119	0.5900	1400.0000
40647	40648	2120	0.5400	2200.0000
40647	40649	2121	0.5900	1400.0000
40649	40650	2122	0.5400	2200.0000
40649	40651	2123	0.5900	1400.0000
40651	40652	2124	0.5400	2200.0000
40651	40653	2125	0.5900	1400.0000
40653	40654	2126	0.5400	2200.0000
40653	40655	2127	0.5900	1400.0000
40655	40656	2128	0.5400	2200.0000
40655	40657	2129	0.5900	1400.0000
40657	40658	2130	0.5400	2200.0000
40657	40659	2131	0.5900	1400.0000
40659	40660	2132	0.5400	2200.0000
40661	40662	2133	0.5400	2200.0000
40661	40663	2134	0.5900	1400.0000
40663	40664	2135	0.5400	2200.0000
40663	40665	2136	0.5900	1400.0000
40665	40666	2137	0.5400	2200.0000
40665	40667	2138	0.5900	1400.0000
40667	40668	2139	0.5400	2200.0000
40667	40669	2140	0.5900	1400.0000
40669	40670	2141	0.5400	2200.0000
40669	40671	2142	0.5900	1400.0000
40671	40672	2143	0.5400	2200.0000
40671	40673	2144	0.5900	1400.0000
40673	40674	2145	0.5400	2200.0000
40673	40675	2146	0.5900	1400.0000
40675	40676	2147	0.5400	2200.0000
40675	40677	2148	0.5900	1400.0000
40677	40678	2149	0.5400	2200.0000
40677	40679	2150	0.5900	1400.0000
40679	40680	2151	0.5400	2200.0000
40679	40681	2152	0.5900	1400.0000
40681	40682	2153	0.5400	2200.0000
40681	40683	2154	0.5900	1400.0000
40683	40684	2155	0.5400	2200.0000
40683	40685	2156	0.5900	1400.0000
40685	40686	2157	0.5400	2200.0000
40685	40687	2158	0.5900	1400.0000
40687	40688	2159	0.5400	2200.0000
40687	40689	2160	0.5900	1400.0000
40689	40690	2161	0.5400	2200.0000
40689	40691	2162	0.5900	1400.0000
40691	40692	2163	0.5400	2200.0000
40691	40693	2164	0.5900	1400.0000
40693	40694	2165	0.5400	2200.0000
40693	40695	2166	0.5900	1400.0000
40695	40696	2167	0.5400	2200.0000
40695	40697	2168	0.5900	1400.0000
40697	40698	2169	0.5400	2200.0000
40697	40699	2170	0.5900	1400.0000
40699	40700	2171	0.5400	2200.0000
40699	40701	2172	0.5900	1400.0000
40701	40702	2173	0.5400	2200.0000
40701	40703	2174	0.5900	1400.0000
40703	40704	2175	0.5400	2200.0000
40703	40705	2176	0.5900	1400.0000
40705	40706	2177	0.5400	2200.0000
40705	40707	2178	0.5900	1400.0000
40707	40708	2179	0.5400	2200.0000
40707	40709	2180	0.5900	1400.0000
40709	40710	2181	0.5400	2200.0000
40709	40711	2182	0.5900	1400.0000
40711	40712	2183	0.5400	2200.0000
40711	40713	2184	0.5900	1400.0000
40713	40714	2185	0.5400	2200.0000
40713	40715	2186	0.5900	1400.0000
40715	40716	2187	0.5400	2200.0000
40715	40717	2188	0.5900	1400.0000
40717	40718	2189	0.5400	2200.0000
40717	40719	2190	0.5900	1400.0000
40719	40720	2191	0.5400	2200.0000
40719	40721	2192	0.5900	1400.0000
40721	40722	2193	0.5400	2200.0000
40721	40723	2194	0.5900	1400.0000
40723	40724	2195	0.5400	2200.0000
40723	40725	2196	0.5900	1400.0000
40725	40726	2197	0.5400	2200.0000
40725	40727	2198	0.5900	1400.0000
40727	40728	2199	0.5400	2200.0000
40727	40729	2200	0.5900	1400.0000
40729	40730	2201	0.5400	2200.0000
40729	40731	2202	0.5900	1400.0000
40731	40732	2203	0.5400	2200.0000
40731	40733	2204	0.5900	1400.0000
40733	40734	2205	0.5400	2200.0000
40733	40735	2206	0.5900	1400.0000
40735	40736	2207	0.5400	2200.0000
40735	40737	2208	0.5900	1400.0000
40737	40738	2209	0.5400	2200.0000
40737	40739	2210	0.5900	1400.0000
40739	40740	2211	0.5400	2200.0000
40741	40742	2212	0.5400	2200.0000
40741	40743	2213	0.5900	1400.0000
40743	40744	2214	0.5400	2200.0000
40743	40745	2215	0.5900	1400.0000
40745	40746	2216	0.5400	2200.0000
40745	40747	2217	0.5900	1400.0000
40747	40748	2218	0.5400	2200.0000
40747	40749	2219	0.5900	1400.0000
40749	40750	2220	0.5400	2200.0000
40749	40751	2221	0.5900	1400.0000
40751	40752	2222	0.5400	2200.0000
40751	40753	2223	0.5900	1400.0000
40753	40754	2224	0.5400	2200.0000
40753	40755	2225	0.5900	1400.0000
40755	40756	2226	0.5400	2200.0000
40755	40757	2227	0.5900	1400.0000
40757	40758	2228	0.5400	2200.0000
40757	40759	2229	0.5900	1400.0000
40759	40760	2230	0.5400	2200.0000
40759	40761	2231	0.5900	1400.0000
40761	40762	2232	0.5400	2200.0000
40761	40763	2233	0.5900	1400.0000
40763	40764	2234	0.5400	2200.0000
40763	40765	2235	0.5900	1400.0000
40765	40766	2236	0.5400	2200.0000
40765	40767	2237	0.5900	1400.0000
40767	40768	2238	0.5400	2200.0000
40767	40769	2239	0.5900	1400.0000
40769	40770	2240	0.5400	2200.0000
40769	40771	2241	0.5900	1400.0000
40771	40772	2242	0.5400	2200.0000
40771	40773	2243	0.5900	1400.0000
40773	40774	2244	0.5400	2200.0000
40773	40775	2245	0.5900	1400.0000
40775	40776	2246	0.5400	2200.0000
40775	40777	2247	0.5900	1400.0000
40777	40778	2248	0.5400	2200.0000
40777	40779	2249	0.5900	1400.0000
40779	40780	2250	0.5400	2200.0000
40779	40781	2251	0.5900	1400.0000
40781	40782	2252	0.5400	2200.0000
40781	40783	2253	0.5900	1400.0000
40783	40784	2254	0.5400	2200.0000
40783	40785	2255	0.5900	1400.0000
40785	40786	2256	0.5400	2200.0000
40785	40787	2257	0.5900	1400.0000
40787	40788	2258	0.5400	2200.0000
40787	40789	2259	0.5900	1400.0000
40789	40790	2260	0.5400	2200.0000
40789	40791	2261	0.5900	1400.0000
40791	40792	2262	0.5400	2200.0000
40791	40793	2263	0.5900	1400.0000
40793	40794	2264	0.5400	2200.0000
40793	40795	2265	0.5900	1400.0000
40795	40796	2266	0.5400	2200.0000
40795	40797	2267	0.5900	1400.0000
40797	40798	2268	0.5400	2200.0000
40797	40799	2269	0.5900	1400.0000
40799	40800	2270	0.5400	2200.0000
40799	40801	2271	0.5900	1400.0000
40801	40802	2272	0.5400	2200.0000
40801	40803	2273	0.5900	1400.0000
40803	40804	2274	0.5400	2200.0000
40803	40805	2275	0.5900	1400.0000
40805	40806	2276	0.5400	2200.0000
40805	40807	2277	0.5900	1400.0000
40807	40808	2278	0.5400	2200.0000
40807	40809	2279	0.5900	1400.0000
40809	40810	2280	0.5400	2200.0000
40809	40811	2281	0.5900	1400.0000
40811	40812	2282	0.5400	2200.0000
40811	40813	2283	0.5900	1400.0000
40813	40814	2284	0.5400	2200.0000
40813	40815	2285	0.5900	1400.0000
40815	40816	2286	0.5400	2200.0000
40815	40817	2287	0.5900	1400.0000
40817	40818	2288	0.5400	2200.0000
40817	40819	2289	0.5900	1400.0000
40819	40820	2290	0.5400	2200.0000
40821	40822	2291	0.5400	2200.0000
40821	40823	2292	0.5900	1400.0000
40823	40824	2293	0.5400	2200.0000
40823	40825	2294	0.5900	1400.0000
40825	40826	2295	0.5400	2200.0000
40825	40827	2296	0.5900	1400.0000
40827	40828	2297	0.5400	2200.0000
40827	40829	2298	0.5900	1400.0000
40829	40830	2299	0.5400	2200.0000
40829	40831	2300	0.5900	1400.0000
40831	40832	2301	0.5400	2200.0000
40831	40833	2302	0.5900	1400.0000
40833	40834	2303	0.5400	2200.0000
40833	40835	2304	0.5900	1400.0000
40835	40836	2305	0.5400	2200.0000
40835	40837	2306	0.5900	1400.0000
40837	40838	2307	0.5400	2200.0000
40837	40839	2308	0.5900	1400.0000
40839	40840	2309	0.5400	2200.0000
40839	40841	2310	0.5900	1400.0000
40841	40842	2311	0.5400	2200.0000
40841	40843	2312	0.5900	1400.0000
40843	40844	2313	0.5400	2200.0000
40843	40845	2314	0.5900	1400.0000
40845	40846	2315	0.5400	2200.0000
40845	40847	2316	0.5900	1400.0000
40847	40848	2317	0.5400	2200.0000
40847	40849	2318	0.5900	1400.0000
40849	40850	2319	0.5400	2200.0000
40849	40851	2320	0.5900	1400.0000
40851	40852	2321	0.5400	2200.0000
40851	40853	2322	0.5900	1400.0000
40853	40854	2323	0.5400	2200.0000
40853	40855	2324	0.5900	1400.0000
40855	40856	2325	0.5400	2200.0000
40855	40857	2326	0.5900	1400.0000
40857	40858	2327	0.5400	2200.0000
40857	40859	2328	0.5900	1400.0000
40859	40860	2329	0.5400	2200.0000
40859	40861	2330	0.5900	1400.0000
40861	40862	2331	0.5400	2200.0000
40861	40863	2332	0.5900	1400.0000
40863	40864	2333	0.5400	2200.0000
40863	40865	2334	0.5900	1400.0000
40865	40866	2335	0.5400	2200.0000
40865	40867	2336	0.5900	1400.0000
40867	40868	2337	0.5400	2200.0000
40867	40869	2338	0.5900	1400.0000
40869	40870	2339	0.5400	2200.0000
40869	40871	2340	0.5900	1400.0000
40871	40872	2341	0.5400	2200.0000
40871	40873	2342	0.5900	1400.0000
40873	40874	2343	0.5400	2200.0000
40873	40875	2344	0.5900	1400.0000
40875	40876	2345	0.5400	2200.0000
40875	40877	2346	0.5900	1400.0000
40877	40878	2347	0.5400	2200.0000
40877	40879	2348	0.5900	1400.0000
40879	40880	2349	0.5400	2200.0000
40879	40881	2350	0.5900	1400.0000
40881	40882	2351	0.5400	2200.0000
40881	40883	2352	0.5900	1400.0000
40883	40884	2353	0.5400	2200.0000
40883	40885	2354	0.5900	1400.0000
40885	40886	2355	0.5400	2200.0000
40885	40887	2356	0.5900	1400.0000
40887	40888	2357	0.5400	2200.0000
40887	40889	2358	0.5900	1400.0000
40889	40890	2359	0.5400	2200.0000
40889	40891	2360	0.5900	1400.0000
40891	40892	2361	0.5400	2200.0000
40891	40893	2362	0.5900	1400.0000
40893	40894	2363	0.5400	2200.0000
40893	40895	2364	0.5900	1400.0000
40895	40896	2365	0.5400	2200.0000
40895	40897	2366	0.5900	1400.0000
40897	40898	2367	0.5400	2200.0000
40897	40899	2368	0.5900	1400.0000
40899	40900	2369	0.5400	2200.0000
