i j d[nm] fc
10 12 0.6208 700.0000
10 13 0.4628 700.0000
10 14 0.8310 700.0000
11 13 0.5724 700.0000
11 14 0.7860 700.0000
11 27 0.8134 700.0000
12 14 0.5139 700.0000
12 25 0.7368 700.0000
12 26 0.5653 700.0000
12 27 0.5133 700.0000
12 28 0.8999 700.0000
12 164 0.8989 700.0000
12 170 0.7050 700.0000
13 15 0.7121 700.0000
13 24 0.6540 700.0000
13 25 0.6154 700.0000
13 26 0.5563 700.0000
13 27 0.7089 700.0000
13 161 0.8959 700.0000
13 170 0.8749 700.0000
14 24 0.7984 700.0000
14 25 0.5369 700.0000
14 26 0.6994 700.0000
14 27 0.8750 700.0000
14 170 0.6484 700.0000
14 171 0.8547 700.0000
14 173 0.8884 700.0000
14 174 0.5363 700.0000
14 177 0.7226 700.0000
15 17 0.7878 700.0000
15 22 0.6153 700.0000
15 23 0.6894 700.0000
15 24 0.5084 700.0000
15 25 0.7761 700.0000
15 159 0.8998 700.0000
15 177 0.8586 700.0000
16 18 0.5686 700.0000
16 19 0.8689 700.0000
16 21 0.8283 700.0000
16 22 0.7116 700.0000
16 23 0.4862 700.0000
16 24 0.7942 700.0000
16 25 0.8685 700.0000
16 142 0.8369 700.0000
16 177 0.5286 700.0000
16 178 0.8650 700.0000
16 180 0.8662 700.0000
16 181 0.7880 700.0000
17 19 0.4174 700.0000
17 20 0.6065 700.0000
17 21 0.6031 700.0000
17 22 0.5875 700.0000
17 23 0.8568 700.0000
18 20 0.6329 700.0000
18 21 0.4662 700.0000
18 22 0.7180 700.0000
18 23 0.6552 700.0000
18 142 0.7497 700.0000
18 145 0.5834 700.0000
18 146 0.6871 700.0000
18 149 0.6913 700.0000
18 160 0.8771 700.0000
18 180 0.8920 700.0000
19 21 0.5507 700.0000
19 22 0.8189 700.0000
19 149 0.6673 700.0000
19 154 0.8749 700.0000
20 22 0.7200 700.0000
20 149 0.6450 700.0000
20 154 0.5831 700.0000
20 157 0.7611 700.0000
20 158 0.5980 700.0000
21 23 0.7227 700.0000
21 145 0.6543 700.0000
21 148 0.8281 700.0000
21 149 0.7011 700.0000
21 154 0.7012 700.0000
21 157 0.6356 700.0000
21 158 0.5733 700.0000
21 159 0.7303 700.0000
21 160 0.6495 700.0000
22 24 0.6214 700.0000
22 157 0.8934 700.0000
22 158 0.6723 700.0000
22 159 0.4853 700.0000
22 160 0.6254 700.0000
23 25 0.6153 700.0000
23 141 0.7880 700.0000
23 142 0.6833 700.0000
23 145 0.7296 700.0000
23 159 0.7942 700.0000
23 160 0.5141 700.0000
23 161 0.7664 700.0000
23 162 0.6823 700.0000
23 173 0.8425 700.0000
23 177 0.6631 700.0000
24 26 0.6684 700.0000
24 159 0.5983 700.0000
24 160 0.6306 700.0000
24 161 0.4594 700.0000
24 162 0.6699 700.0000
25 27 0.7666 700.0000
25 160 0.8767 700.0000
25 161 0.6341 700.0000
25 162 0.4656 700.0000
25 163 0.7161 700.0000
25 164 0.6877 700.0000
25 170 0.6245 700.0000
25 173 0.6176 700.0000
25 174 0.8430 700.0000
25 177 0.7252 700.0000
26 28 0.5763 700.0000
26 161 0.6044 700.0000
26 162 0.5661 700.0000
26 163 0.5112 700.0000
26 164 0.5003 700.0000
26 170 0.6487 700.0000
26 173 0.8880 700.0000
27 29 0.8551 700.0000
27 163 0.6833 700.0000
27 164 0.5268 700.0000
27 165 0.7465 700.0000
27 166 0.8573 700.0000
27 167 0.7467 700.0000
27 170 0.6846 700.0000
28 30 0.6890 700.0000
28 31 0.8837 700.0000
28 32 0.7817 700.0000
28 33 0.7820 700.0000
28 162 0.8921 700.0000
28 163 0.5126 700.0000
28 164 0.5198 700.0000
28 165 0.5188 700.0000
28 166 0.8309 700.0000
29 31 0.4441 700.0000
29 32 0.4282 700.0000
29 33 0.6666 700.0000
29 55 0.8194 700.0000
29 163 0.7284 700.0000
29 165 0.6671 700.0000
30 32 0.6774 700.0000
30 33 0.5334 700.0000
30 38 0.6499 700.0000
30 39 0.7869 700.0000
30 52 0.7221 700.0000
30 55 0.7868 700.0000
30 56 0.6740 700.0000
30 87 0.8601 700.0000
30 121 0.6371 700.0000
30 122 0.7750 700.0000
30 123 0.6953 700.0000
30 161 0.8480 700.0000
30 163 0.5431 700.0000
30 164 0.8983 700.0000
31 33 0.6618 700.0000
31 38 0.8596 700.0000
31 52 0.8812 700.0000
31 55 0.6203 700.0000
31 56 0.6260 700.0000
31 59 0.5474 700.0000
31 60 0.8778 700.0000
31 87 0.6430 700.0000
31 88 0.8346 700.0000
32 59 0.8651 700.0000
32 87 0.8903 700.0000
32 88 0.7628 700.0000
33 35 0.7009 700.0000
33 38 0.8048 700.0000
33 87 0.8994 700.0000
33 88 0.7101 700.0000
33 121 0.6066 700.0000
33 161 0.6781 700.0000
33 163 0.7193 700.0000
34 36 0.8213 700.0000
34 88 0.4458 700.0000
34 89 0.7700 700.0000
34 119 0.8502 700.0000
34 121 0.8698 700.0000
35 37 0.5201 700.0000
35 38 0.6335 700.0000
35 87 0.8830 700.0000
35 88 0.7435 700.0000
35 89 0.5435 700.0000
35 90 0.6863 700.0000
35 91 0.8795 700.0000
35 117 0.8756 700.0000
35 118 0.7854 700.0000
35 119 0.4725 700.0000
35 120 0.6767 700.0000
35 121 0.5825 700.0000
35 159 0.8567 700.0000
35 161 0.8843 700.0000
36 38 0.8268 700.0000
36 89 0.6610 700.0000
36 90 0.4733 700.0000
36 91 0.7287 700.0000
36 112 0.7613 700.0000
36 117 0.4797 700.0000
36 118 0.5498 700.0000
36 119 0.3997 700.0000
36 120 0.6971 700.0000
36 121 0.8500 700.0000
37 39 0.6510 700.0000
37 89 0.6076 700.0000
37 90 0.6887 700.0000
37 91 0.5825 700.0000
37 92 0.6647 700.0000
37 93 0.6341 700.0000
37 108 0.7940 700.0000
37 112 0.6614 700.0000
37 117 0.6565 700.0000
37 118 0.8441 700.0000
37 119 0.5757 700.0000
37 120 0.4947 700.0000
37 121 0.5896 700.0000
37 122 0.8679 700.0000
38 40 0.7300 700.0000
38 56 0.7359 700.0000
38 84 0.7714 700.0000
38 87 0.7043 700.0000
38 89 0.5557 700.0000
38 91 0.7337 700.0000
38 92 0.5125 700.0000
38 93 0.6723 700.0000
38 94 0.8592 700.0000
38 119 0.8921 700.0000
38 120 0.7376 700.0000
38 121 0.5146 700.0000
38 122 0.7620 700.0000
38 123 0.8754 700.0000
39 41 0.6910 700.0000
39 52 0.8958 700.0000
39 56 0.8396 700.0000
39 92 0.6735 700.0000
39 93 0.5185 700.0000
39 94 0.6972 700.0000
39 95 0.6494 700.0000
39 105 0.8934 700.0000
39 108 0.7550 700.0000
39 120 0.7522 700.0000
39 121 0.6360 700.0000
39 122 0.5202 700.0000
39 123 0.5828 700.0000
39 125 0.8025 700.0000
40 42 0.5259 700.0000
40 43 0.8740 700.0000
40 46 0.8369 700.0000
40 48 0.8274 700.0000
40 52 0.6507 700.0000
40 53 0.5171 700.0000
40 55 0.8900 700.0000
40 56 0.5822 700.0000
40 57 0.7719 700.0000
40 80 0.8796 700.0000
40 92 0.6624 700.0000
40 93 0.6803 700.0000
40 94 0.4417 700.0000
40 95 0.5607 700.0000
40 96 0.8942 700.0000
40 123 0.7866 700.0000
40 125 0.8992 700.0000
41 43 0.7545 700.0000
41 48 0.7487 700.0000
41 50 0.8343 700.0000
41 51 0.8104 700.0000
41 52 0.5854 700.0000
41 53 0.5793 700.0000
41 56 0.8692 700.0000
41 94 0.7731 700.0000
41 95 0.5364 700.0000
41 96 0.7106 700.0000
41 97 0.5281 700.0000
41 98 0.8783 700.0000
41 123 0.6621 700.0000
41 124 0.7843 700.0000
41 125 0.5828 700.0000
41 126 0.6867 700.0000
41 128 0.8901 700.0000
42 44 0.7347 700.0000
42 45 0.7137 700.0000
42 46 0.5587 700.0000
42 47 0.7398 700.0000
42 48 0.4990 700.0000
42 50 0.8040 700.0000
42 52 0.8414 700.0000
42 53 0.5905 700.0000
42 94 0.6477 700.0000
42 95 0.5585 700.0000
42 96 0.5621 700.0000
42 97 0.6236 700.0000
42 98 0.8897 700.0000
43 45 0.4251 700.0000
43 46 0.4990 700.0000
43 47 0.5893 700.0000
43 48 0.5150 700.0000
43 53 0.8504 700.0000
43 94 0.8867 700.0000
43 95 0.7980 700.0000
43 96 0.5809 700.0000
43 97 0.7374 700.0000
43 98 0.8776 700.0000
44 46 0.6036 700.0000
44 47 0.7991 700.0000
44 48 0.8972 700.0000
44 72 0.8924 700.0000
44 75 0.8134 700.0000
44 78 0.8974 700.0000
44 96 0.6348 700.0000
45 47 0.4313 700.0000
45 48 0.7291 700.0000
45 68 0.8474 700.0000
45 69 0.8350 700.0000
45 72 0.7070 700.0000
45 75 0.8812 700.0000
45 96 0.8812 700.0000
46 48 0.8157 700.0000
46 68 0.5770 700.0000
46 69 0.7725 700.0000
46 71 0.7852 700.0000
46 72 0.5855 700.0000
46 75 0.7486 700.0000
46 78 0.8882 700.0000
46 80 0.5731 700.0000
46 94 0.6013 700.0000
46 95 0.7554 700.0000
46 96 0.7089 700.0000
47 49 0.6257 700.0000
47 53 0.8738 700.0000
47 65 0.7863 700.0000
47 68 0.7692 700.0000
47 69 0.7768 700.0000
48 50 0.4374 700.0000
48 51 0.7144 700.0000
48 52 0.8325 700.0000
48 53 0.5019 700.0000
48 54 0.7621 700.0000
48 57 0.8379 700.0000
48 129 0.8697 700.0000
49 51 0.8123 700.0000
49 53 0.6686 700.0000
49 54 0.5085 700.0000
49 55 0.8710 700.0000
49 57 0.6590 700.0000
49 58 0.7466 700.0000
49 65 0.7627 700.0000
50 52 0.6331 700.0000
50 53 0.4886 700.0000
50 54 0.5036 700.0000
50 55 0.7927 700.0000
50 57 0.8958 700.0000
50 129 0.7172 700.0000
51 53 0.5023 700.0000
51 54 0.5001 700.0000
51 55 0.6225 700.0000
51 56 0.8265 700.0000
51 128 0.8628 700.0000
51 129 0.7827 700.0000
52 54 0.7011 700.0000
52 55 0.5476 700.0000
52 56 0.5801 700.0000
52 57 0.8632 700.0000
52 123 0.7111 700.0000
52 124 0.8674 700.0000
53 55 0.5661 700.0000
53 56 0.5107 700.0000
53 57 0.5583 700.0000
53 58 0.8394 700.0000
53 94 0.8438 700.0000
54 56 0.7365 700.0000
54 57 0.6369 700.0000
54 58 0.4813 700.0000
54 59 0.8715 700.0000
55 57 0.5801 700.0000
55 58 0.4877 700.0000
55 59 0.5424 700.0000
55 60 0.8229 700.0000
56 58 0.7161 700.0000
56 59 0.5932 700.0000
56 60 0.6514 700.0000
56 61 0.8498 700.0000
56 64 0.8764 700.0000
56 87 0.7205 700.0000
56 92 0.7658 700.0000
56 94 0.8631 700.0000
57 59 0.6807 700.0000
57 60 0.5659 700.0000
57 61 0.5642 700.0000
57 62 0.8487 700.0000
57 64 0.6179 700.0000
57 65 0.5461 700.0000
57 68 0.8479 700.0000
57 94 0.8884 700.0000
58 60 0.7281 700.0000
58 61 0.7101 700.0000
58 65 0.8862 700.0000
59 61 0.6753 700.0000
59 85 0.8634 700.0000
59 86 0.6814 700.0000
59 87 0.6041 700.0000
60 62 0.8046 700.0000
60 63 0.7405 700.0000
60 64 0.5758 700.0000
60 65 0.8019 700.0000
60 83 0.7958 700.0000
60 84 0.5753 700.0000
60 85 0.4881 700.0000
60 86 0.4760 700.0000
60 87 0.5239 700.0000
60 92 0.8479 700.0000
61 63 0.5341 700.0000
61 64 0.5018 700.0000
61 65 0.5754 700.0000
61 66 0.8383 700.0000
61 84 0.7945 700.0000
61 85 0.6611 700.0000
61 86 0.6071 700.0000
61 87 0.8444 700.0000
62 64 0.7346 700.0000
62 65 0.5279 700.0000
62 66 0.6059 700.0000
63 65 0.6953 700.0000
63 66 0.4667 700.0000
63 67 0.6185 700.0000
63 83 0.8177 700.0000
63 84 0.8719 700.0000
63 85 0.7283 700.0000
63 86 0.8328 700.0000
64 66 0.6802 700.0000
64 67 0.4649 700.0000
64 68 0.5612 700.0000
64 69 0.8641 700.0000
64 82 0.5573 700.0000
64 83 0.5864 700.0000
64 84 0.6747 700.0000
64 85 0.7041 700.0000
64 92 0.7192 700.0000
64 94 0.8234 700.0000
65 67 0.7761 700.0000
65 68 0.6138 700.0000
65 69 0.7152 700.0000
66 68 0.8031 700.0000
66 69 0.7116 700.0000
66 70 0.7086 700.0000
67 69 0.7116 700.0000
67 70 0.6080 700.0000
67 71 0.6264 700.0000
67 80 0.8512 700.0000
67 81 0.8221 700.0000
67 82 0.5031 700.0000
67 83 0.6218 700.0000
67 84 0.8986 700.0000
67 92 0.8829 700.0000
68 70 0.6937 700.0000
68 71 0.5671 700.0000
68 72 0.6713 700.0000
68 80 0.6230 700.0000
68 81 0.8791 700.0000
68 82 0.6699 700.0000
68 92 0.8867 700.0000
68 94 0.6386 700.0000
69 71 0.6795 700.0000
69 72 0.5642 700.0000
69 73 0.6207 700.0000
70 72 0.7109 700.0000
70 73 0.6033 700.0000
70 74 0.6821 700.0000
71 73 0.7449 700.0000
71 74 0.5349 700.0000
71 75 0.8258 700.0000
71 80 0.5013 700.0000
71 81 0.6798 700.0000
71 82 0.7458 700.0000
71 94 0.8546 700.0000
72 74 0.6016 700.0000
72 75 0.5159 700.0000
72 80 0.7272 700.0000
73 75 0.8055 700.0000
74 76 0.7187 700.0000
75 77 0.6496 700.0000
75 78 0.6926 700.0000
75 79 0.8926 700.0000
75 80 0.8173 700.0000
77 79 0.4429 700.0000
77 80 0.7517 700.0000
78 80 0.8455 700.0000
78 95 0.7572 700.0000
78 96 0.5990 700.0000
78 99 0.6925 700.0000
78 103 0.8492 700.0000
78 104 0.7731 700.0000
78 107 0.8639 700.0000
79 81 0.6718 700.0000
79 93 0.6722 700.0000
79 94 0.7915 700.0000
79 95 0.7215 700.0000
79 96 0.8952 700.0000
79 104 0.8138 700.0000
79 107 0.6321 700.0000
79 108 0.7620 700.0000
79 111 0.7334 700.0000
80 82 0.6629 700.0000
80 92 0.7946 700.0000
80 93 0.6416 700.0000
80 94 0.4495 700.0000
80 95 0.7477 700.0000
81 83 0.7041 700.0000
81 91 0.6131 700.0000
81 92 0.6383 700.0000
81 93 0.5416 700.0000
81 94 0.6607 700.0000
81 111 0.8009 700.0000
82 84 0.6209 700.0000
82 85 0.8288 700.0000
82 89 0.8863 700.0000
82 91 0.5494 700.0000
82 92 0.4247 700.0000
82 93 0.7081 700.0000
82 94 0.6246 700.0000
83 85 0.5553 700.0000
83 87 0.8217 700.0000
83 89 0.6810 700.0000
83 90 0.7965 700.0000
83 91 0.4681 700.0000
83 92 0.4946 700.0000
83 93 0.8929 700.0000
83 94 0.8793 700.0000
84 86 0.6809 700.0000
84 87 0.4737 700.0000
84 89 0.4506 700.0000
84 90 0.7541 700.0000
84 91 0.5966 700.0000
84 92 0.5532 700.0000
85 87 0.5157 700.0000
85 89 0.6650 700.0000
85 91 0.8698 700.0000
85 92 0.8297 700.0000
87 89 0.4949 700.0000
87 92 0.7816 700.0000
89 91 0.5526 700.0000
89 92 0.6446 700.0000
89 121 0.8934 700.0000
90 92 0.8997 700.0000
90 115 0.8943 700.0000
90 117 0.6365 700.0000
90 119 0.8698 700.0000
91 93 0.6850 700.0000
91 112 0.8941 700.0000
91 115 0.8205 700.0000
91 117 0.7291 700.0000
92 94 0.5229 700.0000
93 95 0.6386 700.0000
93 107 0.8737 700.0000
93 108 0.6089 700.0000
93 111 0.8335 700.0000
93 112 0.8261 700.0000
94 96 0.8740 700.0000
95 97 0.6260 700.0000
95 98 0.8613 700.0000
95 99 0.7669 700.0000
95 104 0.6239 700.0000
95 105 0.8846 700.0000
95 108 0.8399 700.0000
95 125 0.7439 700.0000
96 98 0.5361 700.0000
96 99 0.4549 700.0000
96 104 0.7569 700.0000
96 125 0.8957 700.0000
97 99 0.5382 700.0000
97 100 0.8739 700.0000
97 101 0.7693 700.0000
97 104 0.8399 700.0000
97 125 0.5690 700.0000
97 126 0.5079 700.0000
97 127 0.8727 700.0000
97 128 0.8351 700.0000
97 129 0.8680 700.0000
97 130 0.6043 700.0000
97 132 0.7481 700.0000
98 100 0.7295 700.0000
98 101 0.7859 700.0000
98 125 0.8162 700.0000
98 126 0.6876 700.0000
98 130 0.6116 700.0000
98 132 0.7036 700.0000
99 101 0.7016 700.0000
99 103 0.7549 700.0000
99 104 0.6657 700.0000
100 102 0.5742 700.0000
100 103 0.4638 700.0000
100 104 0.5747 700.0000
100 105 0.8240 700.0000
100 106 0.8934 700.0000
100 140 0.7645 700.0000
101 103 0.6135 700.0000
101 104 0.5105 700.0000
101 105 0.5990 700.0000
101 106 0.8480 700.0000
101 124 0.8999 700.0000
101 125 0.5735 700.0000
101 126 0.8319 700.0000
101 132 0.7824 700.0000
101 137 0.6066 700.0000
101 138 0.8598 700.0000
101 140 0.5251 700.0000
101 141 0.6412 700.0000
101 144 0.8372 700.0000
102 104 0.7113 700.0000
102 105 0.6340 700.0000
102 106 0.6033 700.0000
102 139 0.8725 700.0000
102 140 0.4843 700.0000
102 141 0.7138 700.0000
102 142 0.8659 700.0000
102 143 0.5395 700.0000
102 144 0.4690 700.0000
102 145 0.8563 700.0000
102 147 0.6900 700.0000
103 105 0.5939 700.0000
103 106 0.4915 700.0000
103 107 0.5743 700.0000
103 108 0.8687 700.0000
103 140 0.8920 700.0000
103 144 0.7986 700.0000
104 106 0.5752 700.0000
104 107 0.5309 700.0000
104 108 0.6569 700.0000
104 109 0.8929 700.0000
104 125 0.7793 700.0000
104 144 0.8825 700.0000
105 107 0.5815 700.0000
105 108 0.5137 700.0000
105 109 0.5770 700.0000
105 110 0.8733 700.0000
105 122 0.8149 700.0000
105 125 0.8250 700.0000
105 140 0.7535 700.0000
105 141 0.6085 700.0000
105 144 0.5590 700.0000
105 145 0.7521 700.0000
106 108 0.5905 700.0000
106 109 0.5096 700.0000
106 110 0.5591 700.0000
106 144 0.5341 700.0000
106 145 0.7947 700.0000
106 147 0.7481 700.0000
106 148 0.6771 700.0000
107 109 0.6101 700.0000
107 110 0.4907 700.0000
107 111 0.6634 700.0000
107 112 0.8561 700.0000
108 110 0.6570 700.0000
108 111 0.6408 700.0000
108 112 0.5639 700.0000
108 120 0.7405 700.0000
109 111 0.7786 700.0000
109 112 0.5644 700.0000
109 113 0.7039 700.0000
109 120 0.7427 700.0000
109 144 0.7260 700.0000
109 145 0.7127 700.0000
109 148 0.5209 700.0000
109 153 0.8101 700.0000
109 154 0.8579 700.0000
109 157 0.6631 700.0000
109 160 0.8479 700.0000
110 112 0.7359 700.0000
110 113 0.6954 700.0000
110 114 0.7155 700.0000
110 148 0.6617 700.0000
110 151 0.8916 700.0000
110 153 0.7366 700.0000
111 113 0.7545 700.0000
111 114 0.4312 700.0000
111 115 0.5640 700.0000
111 117 0.8108 700.0000
112 114 0.7042 700.0000
112 115 0.5754 700.0000
112 116 0.7346 700.0000
112 117 0.4547 700.0000
112 118 0.7623 700.0000
112 119 0.7709 700.0000
112 120 0.6911 700.0000
112 156 0.7552 700.0000
112 157 0.6681 700.0000
113 115 0.7497 700.0000
113 116 0.5596 700.0000
113 117 0.7429 700.0000
113 118 0.8553 700.0000
113 148 0.7643 700.0000
113 153 0.6189 700.0000
113 154 0.6453 700.0000
113 155 0.5913 700.0000
113 156 0.4363 700.0000
113 157 0.5610 700.0000
114 116 0.7303 700.0000
114 117 0.8405 700.0000
115 117 0.4569 700.0000
116 118 0.7920 700.0000
116 155 0.8443 700.0000
116 156 0.5320 700.0000
116 157 0.8519 700.0000
117 119 0.6845 700.0000
117 120 0.8487 700.0000
117 156 0.7616 700.0000
117 157 0.8326 700.0000
118 120 0.6992 700.0000
118 156 0.5800 700.0000
118 157 0.5239 700.0000
118 158 0.5370 700.0000
118 159 0.6552 700.0000
118 160 0.8926 700.0000
119 121 0.6755 700.0000
119 156 0.8927 700.0000
119 157 0.7109 700.0000
119 158 0.7855 700.0000
119 159 0.5435 700.0000
119 160 0.7370 700.0000
119 161 0.8610 700.0000
120 122 0.6411 700.0000
120 157 0.7384 700.0000
120 159 0.6252 700.0000
120 160 0.4890 700.0000
120 161 0.7061 700.0000
120 162 0.8874 700.0000
121 123 0.7527 700.0000
121 159 0.7826 700.0000
121 160 0.7030 700.0000
121 161 0.4790 700.0000
121 162 0.6961 700.0000
121 163 0.6613 700.0000
122 124 0.6779 700.0000
122 125 0.7099 700.0000
122 141 0.7907 700.0000
122 160 0.7031 700.0000
122 161 0.6421 700.0000
122 162 0.4701 700.0000
122 163 0.5878 700.0000
123 125 0.5112 700.0000
123 126 0.8278 700.0000
123 127 0.8430 700.0000
123 161 0.8934 700.0000
123 162 0.6193 700.0000
123 163 0.5512 700.0000
123 164 0.7569 700.0000
124 126 0.5746 700.0000
124 127 0.4917 700.0000
124 128 0.7944 700.0000
124 132 0.8636 700.0000
124 134 0.7771 700.0000
124 137 0.6249 700.0000
124 138 0.8469 700.0000
124 141 0.8609 700.0000
124 162 0.7167 700.0000
124 163 0.7340 700.0000
124 164 0.6947 700.0000
124 169 0.7615 700.0000
124 173 0.8040 700.0000
125 127 0.6611 700.0000
125 128 0.8663 700.0000
125 130 0.8872 700.0000
125 132 0.7471 700.0000
125 137 0.6219 700.0000
125 141 0.7917 700.0000
126 128 0.4448 700.0000
126 129 0.7042 700.0000
126 130 0.4507 700.0000
126 131 0.7242 700.0000
126 132 0.4609 700.0000
126 134 0.8331 700.0000
126 137 0.7272 700.0000
127 129 0.7905 700.0000
127 130 0.6711 700.0000
127 131 0.7493 700.0000
127 132 0.5911 700.0000
127 133 0.7853 700.0000
127 134 0.5965 700.0000
127 137 0.7106 700.0000
127 166 0.8685 700.0000
127 169 0.7653 700.0000
128 130 0.4777 700.0000
128 131 0.5591 700.0000
128 132 0.7234 700.0000
129 131 0.6375 700.0000
130 132 0.5326 700.0000
131 133 0.8906 700.0000
132 134 0.6961 700.0000
132 136 0.7549 700.0000
132 137 0.6242 700.0000
133 135 0.5393 700.0000
133 136 0.5592 700.0000
133 137 0.7145 700.0000
133 172 0.8619 700.0000
134 136 0.6649 700.0000
134 137 0.5349 700.0000
134 138 0.6812 700.0000
134 168 0.8523 700.0000
134 169 0.6022 700.0000
134 172 0.5955 700.0000
134 173 0.7297 700.0000
135 137 0.6662 700.0000
135 138 0.5713 700.0000
135 139 0.5858 700.0000
135 172 0.5723 700.0000
135 173 0.7669 700.0000
135 175 0.7967 700.0000
135 176 0.5959 700.0000
135 179 0.8545 700.0000
136 138 0.6359 700.0000
136 139 0.4630 700.0000
136 140 0.6818 700.0000
136 176 0.8853 700.0000
137 139 0.6803 700.0000
137 140 0.5479 700.0000
137 141 0.5945 700.0000
137 142 0.8853 700.0000
137 172 0.8823 700.0000
137 173 0.7094 700.0000
138 140 0.5230 700.0000
138 141 0.4968 700.0000
138 142 0.5727 700.0000
138 143 0.8137 700.0000
138 172 0.7092 700.0000
138 173 0.4725 700.0000
138 175 0.8744 700.0000
138 176 0.5627 700.0000
138 177 0.8443 700.0000
139 141 0.7475 700.0000
139 142 0.6376 700.0000
139 143 0.5850 700.0000
139 176 0.6478 700.0000
139 179 0.8401 700.0000
139 180 0.7785 700.0000
140 142 0.5677 700.0000
140 143 0.4681 700.0000
140 144 0.6090 700.0000
140 145 0.8436 700.0000
141 143 0.6693 700.0000
141 144 0.5871 700.0000
141 145 0.6526 700.0000
141 160 0.8697 700.0000
141 162 0.8047 700.0000
141 173 0.7794 700.0000
142 144 0.6245 700.0000
142 145 0.5552 700.0000
142 146 0.6739 700.0000
142 173 0.8332 700.0000
142 176 0.7370 700.0000
142 177 0.7663 700.0000
142 180 0.6161 700.0000
143 145 0.6833 700.0000
143 146 0.5392 700.0000
143 147 0.6301 700.0000
143 180 0.7817 700.0000
144 146 0.6236 700.0000
144 147 0.5004 700.0000
144 148 0.6667 700.0000
144 149 0.8432 700.0000
145 147 0.6939 700.0000
145 148 0.6045 700.0000
145 149 0.6512 700.0000
145 160 0.7326 700.0000
146 148 0.8397 700.0000
146 149 0.6252 700.0000
146 150 0.5226 700.0000
146 151 0.8778 700.0000
146 180 0.7869 700.0000
147 149 0.6893 700.0000
147 150 0.5270 700.0000
147 151 0.5326 700.0000
148 150 0.7858 700.0000
148 151 0.5755 700.0000
148 152 0.6448 700.0000
148 153 0.4366 700.0000
148 154 0.5537 700.0000
148 157 0.7315 700.0000
149 151 0.6414 700.0000
149 152 0.5686 700.0000
149 153 0.6231 700.0000
149 154 0.5577 700.0000
150 152 0.7509 700.0000
151 153 0.5833 700.0000
151 154 0.8972 700.0000
152 154 0.5288 700.0000
152 155 0.6542 700.0000
153 155 0.5715 700.0000
153 156 0.8225 700.0000
153 157 0.8008 700.0000
154 156 0.5961 700.0000
154 157 0.5318 700.0000
154 158 0.6805 700.0000
155 157 0.7430 700.0000
155 158 0.8472 700.0000
156 158 0.5655 700.0000
157 159 0.7754 700.0000
157 160 0.7726 700.0000
158 160 0.8643 700.0000
159 161 0.6237 700.0000
160 162 0.6860 700.0000
161 163 0.5579 700.0000
161 164 0.8921 700.0000
162 164 0.6149 700.0000
162 170 0.8718 700.0000
162 173 0.6906 700.0000
163 165 0.8136 700.0000
164 166 0.5903 700.0000
164 167 0.6968 700.0000
164 169 0.5884 700.0000
164 170 0.5652 700.0000
164 173 0.7708 700.0000
165 167 0.7742 700.0000
166 168 0.5208 700.0000
166 169 0.5520 700.0000
166 170 0.7850 700.0000
167 169 0.5873 700.0000
167 170 0.5623 700.0000
167 171 0.6571 700.0000
168 170 0.7749 700.0000
168 171 0.6829 700.0000
168 172 0.7971 700.0000
169 171 0.6061 700.0000
169 172 0.5266 700.0000
169 173 0.5987 700.0000
170 172 0.6447 700.0000
170 173 0.5953 700.0000
170 174 0.7170 700.0000
170 175 0.8951 700.0000
171 173 0.7679 700.0000
171 174 0.6375 700.0000
171 175 0.7114 700.0000
172 174 0.7647 700.0000
172 175 0.5355 700.0000
172 176 0.5969 700.0000
172 177 0.8773 700.0000
173 175 0.7057 700.0000
173 176 0.6050 700.0000
173 177 0.6605 700.0000
174 176 0.7687 700.0000
174 177 0.5413 700.0000
174 178 0.5256 700.0000
175 177 0.5821 700.0000
175 178 0.5639 700.0000
175 179 0.5142 700.0000
176 178 0.7565 700.0000
176 179 0.4257 700.0000
176 180 0.6533 700.0000
177 179 0.7540 700.0000
177 180 0.7382 700.0000
177 181 0.7452 700.0000
178 180 0.8627 700.0000
178 181 0.4399 700.0000
179 181 0.8270 700.0000
317 319 0.8093 700.0000
317 320 0.6297 700.0000
317 321 0.7101 700.0000
318 320 0.6759 700.0000
318 321 0.4875 700.0000
318 322 0.6938 700.0000
318 345 0.6301 700.0000
318 348 0.6680 700.0000
319 321 0.8351 700.0000
319 322 0.6061 700.0000
319 323 0.6117 700.0000
319 344 0.7269 700.0000
319 345 0.6968 700.0000
320 322 0.5679 700.0000
320 323 0.5242 700.0000
320 324 0.6226 700.0000
320 325 0.8903 700.0000
321 323 0.8148 700.0000
321 324 0.6900 700.0000
321 325 0.6483 700.0000
321 345 0.8532 700.0000
321 348 0.5933 700.0000
321 352 0.7706 700.0000
322 324 0.5745 700.0000
322 325 0.4947 700.0000
322 326 0.5803 700.0000
322 327 0.8895 700.0000
322 343 0.8994 700.0000
322 344 0.4638 700.0000
322 345 0.6121 700.0000
322 347 0.6807 700.0000
322 348 0.5433 700.0000
323 325 0.6879 700.0000
323 326 0.5624 700.0000
323 327 0.7137 700.0000
323 344 0.5363 700.0000
324 326 0.6263 700.0000
324 327 0.6251 700.0000
324 328 0.6997 700.0000
325 327 0.7100 700.0000
325 328 0.6067 700.0000
325 329 0.5008 700.0000
325 344 0.7839 700.0000
325 347 0.6552 700.0000
325 348 0.6289 700.0000
325 351 0.7371 700.0000
325 352 0.8892 700.0000
326 328 0.6618 700.0000
326 329 0.5805 700.0000
326 330 0.6692 700.0000
326 344 0.5598 700.0000
326 347 0.6695 700.0000
326 348 0.8929 700.0000
326 394 0.7443 700.0000
327 329 0.7761 700.0000
327 394 0.6300 700.0000
327 395 0.8864 700.0000
328 393 0.7184 700.0000
328 394 0.5292 700.0000
328 395 0.6590 700.0000
329 331 0.6970 700.0000
329 347 0.6361 700.0000
329 348 0.8867 700.0000
329 351 0.6487 700.0000
329 391 0.5940 700.0000
329 392 0.6704 700.0000
329 393 0.5859 700.0000
329 394 0.6081 700.0000
330 332 0.5485 700.0000
330 341 0.6098 700.0000
330 342 0.7930 700.0000
330 347 0.6690 700.0000
330 390 0.7880 700.0000
330 391 0.7231 700.0000
330 392 0.4831 700.0000
330 393 0.7619 700.0000
330 394 0.6640 700.0000
331 341 0.8916 700.0000
331 342 0.6340 700.0000
331 346 0.7959 700.0000
331 347 0.5244 700.0000
331 350 0.4914 700.0000
331 351 0.6373 700.0000
331 354 0.8066 700.0000
331 374 0.8743 700.0000
331 377 0.8431 700.0000
331 389 0.6872 700.0000
331 390 0.6667 700.0000
331 391 0.4999 700.0000
331 392 0.7058 700.0000
332 334 0.7062 700.0000
332 339 0.5455 700.0000
332 340 0.6807 700.0000
332 341 0.4957 700.0000
332 342 0.6389 700.0000
332 388 0.8445 700.0000
332 389 0.6853 700.0000
332 390 0.4177 700.0000
332 391 0.8564 700.0000
332 392 0.6470 700.0000
333 335 0.6205 700.0000
333 338 0.7671 700.0000
333 339 0.6093 700.0000
333 340 0.4091 700.0000
333 341 0.6460 700.0000
333 342 0.5644 700.0000
333 365 0.6461 700.0000
333 366 0.8439 700.0000
333 379 0.8650 700.0000
333 387 0.6645 700.0000
333 388 0.7193 700.0000
333 389 0.7183 700.0000
333 390 0.8422 700.0000
334 336 0.7758 700.0000
334 337 0.6495 700.0000
334 338 0.5892 700.0000
334 339 0.5233 700.0000
334 340 0.6602 700.0000
334 387 0.6217 700.0000
334 388 0.4405 700.0000
334 389 0.6881 700.0000
334 390 0.7072 700.0000
335 337 0.7059 700.0000
335 338 0.5170 700.0000
335 339 0.7635 700.0000
335 340 0.6256 700.0000
335 365 0.8850 700.0000
335 366 0.8471 700.0000
335 387 0.6653 700.0000
335 388 0.8675 700.0000
336 338 0.5877 700.0000
337 339 0.8017 700.0000
338 340 0.5258 700.0000
339 341 0.6405 700.0000
339 390 0.7823 700.0000
340 342 0.7766 700.0000
341 343 0.7647 700.0000
341 347 0.8653 700.0000
342 346 0.5198 700.0000
342 347 0.6136 700.0000
342 350 0.7511 700.0000
342 363 0.7917 700.0000
342 365 0.7867 700.0000
342 389 0.8289 700.0000
343 345 0.6045 700.0000
343 346 0.4285 700.0000
343 347 0.6527 700.0000
343 348 0.8898 700.0000
344 346 0.7600 700.0000
344 347 0.6213 700.0000
344 348 0.7713 700.0000
345 347 0.7083 700.0000
345 348 0.5209 700.0000
345 349 0.6761 700.0000
346 348 0.6420 700.0000
346 349 0.5221 700.0000
346 350 0.5916 700.0000
346 361 0.8891 700.0000
346 363 0.6863 700.0000
346 364 0.8767 700.0000
347 349 0.7668 700.0000
347 350 0.5692 700.0000
347 351 0.6672 700.0000
347 352 0.8856 700.0000
347 391 0.8731 700.0000
348 350 0.6665 700.0000
348 351 0.6489 700.0000
348 352 0.5324 700.0000
348 353 0.8629 700.0000
348 355 0.8729 700.0000
349 351 0.8547 700.0000
349 352 0.6805 700.0000
349 353 0.6632 700.0000
349 358 0.8881 700.0000
349 361 0.6009 700.0000
349 362 0.7829 700.0000
349 363 0.7731 700.0000
350 352 0.7145 700.0000
350 353 0.5863 700.0000
350 354 0.7526 700.0000
350 361 0.6406 700.0000
350 363 0.8549 700.0000
350 372 0.7467 700.0000
350 374 0.7254 700.0000
350 391 0.8744 700.0000
351 353 0.6199 700.0000
351 354 0.4610 700.0000
351 355 0.4746 700.0000
351 356 0.8926 700.0000
351 391 0.6766 700.0000
352 354 0.7745 700.0000
352 355 0.4394 700.0000
352 356 0.5835 700.0000
352 358 0.8515 700.0000
353 355 0.6234 700.0000
353 356 0.4337 700.0000
353 357 0.7233 700.0000
353 358 0.4176 700.0000
353 360 0.8349 700.0000
353 361 0.7235 700.0000
353 374 0.7173 700.0000
354 356 0.8375 700.0000
354 357 0.7374 700.0000
354 358 0.8930 700.0000
354 374 0.7060 700.0000
354 391 0.6935 700.0000
355 357 0.8393 700.0000
356 358 0.4748 700.0000
357 359 0.8236 700.0000
358 360 0.6037 700.0000
358 361 0.7072 700.0000
358 374 0.7565 700.0000
359 373 0.6769 700.0000
359 374 0.6898 700.0000
359 375 0.6122 700.0000
360 362 0.6802 700.0000
360 371 0.6429 700.0000
360 372 0.5756 700.0000
360 373 0.5858 700.0000
360 374 0.6451 700.0000
360 375 0.8484 700.0000
361 363 0.6146 700.0000
361 371 0.6025 700.0000
361 372 0.4404 700.0000
361 373 0.7900 700.0000
361 374 0.7134 700.0000
362 364 0.8285 700.0000
362 369 0.7118 700.0000
362 370 0.8350 700.0000
362 371 0.5044 700.0000
362 372 0.6464 700.0000
363 365 0.6194 700.0000
363 369 0.6386 700.0000
363 370 0.5854 700.0000
363 371 0.6509 700.0000
363 372 0.6452 700.0000
363 379 0.8143 700.0000
364 366 0.7779 700.0000
364 367 0.6064 700.0000
364 368 0.7905 700.0000
364 369 0.5018 700.0000
364 370 0.7342 700.0000
365 367 0.7135 700.0000
365 368 0.6101 700.0000
365 369 0.7719 700.0000
365 370 0.4820 700.0000
365 379 0.8354 700.0000
365 387 0.8007 700.0000
366 368 0.5610 700.0000
366 370 0.8189 700.0000
367 369 0.8503 700.0000
368 370 0.6085 700.0000
368 381 0.6503 700.0000
368 382 0.8193 700.0000
368 383 0.8208 700.0000
368 385 0.8303 700.0000
369 371 0.8088 700.0000
369 381 0.7870 700.0000
369 382 0.7567 700.0000
370 372 0.7794 700.0000
370 379 0.5269 700.0000
370 380 0.5325 700.0000
370 381 0.4933 700.0000
370 382 0.7848 700.0000
370 384 0.8580 700.0000
370 385 0.7355 700.0000
370 386 0.7709 700.0000
370 387 0.6687 700.0000
371 373 0.7177 700.0000
371 378 0.7916 700.0000
371 379 0.5880 700.0000
371 380 0.4943 700.0000
371 381 0.7833 700.0000
371 382 0.8940 700.0000
372 374 0.5912 700.0000
372 376 0.8340 700.0000
372 377 0.8269 700.0000
372 378 0.6017 700.0000
372 379 0.5356 700.0000
372 380 0.7239 700.0000
372 389 0.7356 700.0000
373 375 0.4938 700.0000
373 376 0.4295 700.0000
373 377 0.6595 700.0000
373 378 0.4966 700.0000
373 379 0.7388 700.0000
373 380 0.8480 700.0000
373 389 0.8599 700.0000
374 376 0.6884 700.0000
374 377 0.5438 700.0000
374 378 0.7901 700.0000
374 389 0.8229 700.0000
375 377 0.6364 700.0000
375 378 0.8515 700.0000
376 378 0.4517 700.0000
376 379 0.8552 700.0000
376 388 0.8928 700.0000
376 389 0.8188 700.0000
377 388 0.7710 700.0000
377 389 0.5226 700.0000
377 390 0.7503 700.0000
377 391 0.8662 700.0000
378 380 0.6502 700.0000
378 386 0.6653 700.0000
378 387 0.6555 700.0000
378 388 0.5884 700.0000
378 389 0.5797 700.0000
379 381 0.7506 700.0000
379 384 0.8540 700.0000
379 385 0.7777 700.0000
379 386 0.5168 700.0000
379 387 0.4265 700.0000
379 388 0.6523 700.0000
379 389 0.6678 700.0000
380 382 0.7459 700.0000
380 384 0.5403 700.0000
380 385 0.6733 700.0000
380 386 0.5094 700.0000
380 387 0.6853 700.0000
381 383 0.5019 700.0000
381 384 0.4509 700.0000
381 385 0.5182 700.0000
381 386 0.6891 700.0000
381 387 0.8498 700.0000
382 384 0.6615 700.0000
382 385 0.8914 700.0000
383 385 0.6995 700.0000
384 386 0.5505 700.0000
385 387 0.6169 700.0000
386 388 0.7509 700.0000
387 389 0.7042 700.0000
388 390 0.6700 700.0000
390 392 0.6005 700.0000
391 393 0.5958 700.0000
392 394 0.6730 700.0000
393 395 0.7025 700.0000
