i j d[nm] fc
477 479 0.4948 700.0000
477 492 0.8644 700.0000
477 493 0.6677 700.0000
477 494 0.4616 700.0000
477 495 0.8731 700.0000
477 650 0.6983 700.0000
477 653 0.7924 700.0000
478 480 0.5529 700.0000
478 481 0.6937 700.0000
478 491 0.6891 700.0000
478 492 0.5736 700.0000
478 493 0.4998 700.0000
478 494 0.7736 700.0000
478 653 0.8821 700.0000
479 492 0.5468 700.0000
479 493 0.7074 700.0000
479 494 0.7074 700.0000
479 650 0.7329 700.0000
479 653 0.5629 700.0000
479 654 0.6590 700.0000
479 657 0.6776 700.0000
480 482 0.6298 700.0000
480 490 0.6997 700.0000
480 491 0.5946 700.0000
480 492 0.3996 700.0000
480 493 0.7956 700.0000
480 645 0.8419 700.0000
480 653 0.8683 700.0000
480 657 0.6128 700.0000
480 660 0.7319 700.0000
480 661 0.8273 700.0000
481 483 0.7994 700.0000
481 489 0.5926 700.0000
481 490 0.7015 700.0000
481 491 0.5128 700.0000
481 492 0.7702 700.0000
481 642 0.8780 700.0000
481 644 0.8703 700.0000
482 484 0.6093 700.0000
482 485 0.8990 700.0000
482 488 0.8352 700.0000
482 489 0.5882 700.0000
482 490 0.4489 700.0000
482 491 0.7162 700.0000
482 492 0.8360 700.0000
482 660 0.6766 700.0000
482 664 0.7072 700.0000
483 485 0.5284 700.0000
483 486 0.7517 700.0000
483 487 0.7419 700.0000
483 488 0.5874 700.0000
483 489 0.5704 700.0000
483 490 0.7122 700.0000
483 664 0.8604 700.0000
484 486 0.7716 700.0000
484 487 0.7941 700.0000
484 488 0.4830 700.0000
484 489 0.6335 700.0000
484 490 0.6275 700.0000
484 627 0.7769 700.0000
484 628 0.6978 700.0000
484 631 0.5780 700.0000
484 643 0.8317 700.0000
484 664 0.7301 700.0000
485 487 0.5155 700.0000
485 488 0.3905 700.0000
485 489 0.7542 700.0000
485 631 0.6806 700.0000
485 635 0.8080 700.0000
485 638 0.8990 700.0000
485 641 0.8064 700.0000
486 488 0.5695 700.0000
486 635 0.8675 700.0000
486 641 0.8352 700.0000
487 489 0.6488 700.0000
487 640 0.8673 700.0000
487 641 0.4702 700.0000
487 642 0.8227 700.0000
488 490 0.7612 700.0000
488 631 0.6914 700.0000
488 638 0.8286 700.0000
488 640 0.7123 700.0000
488 641 0.4761 700.0000
488 642 0.7406 700.0000
488 643 0.7573 700.0000
489 491 0.5720 700.0000
489 640 0.8942 700.0000
489 641 0.6802 700.0000
489 642 0.5304 700.0000
489 643 0.5751 700.0000
489 644 0.7709 700.0000
490 492 0.6629 700.0000
490 624 0.8125 700.0000
490 627 0.7564 700.0000
490 642 0.8226 700.0000
490 643 0.4781 700.0000
490 644 0.7341 700.0000
490 645 0.6474 700.0000
490 660 0.7206 700.0000
490 664 0.8680 700.0000
491 493 0.5921 700.0000
491 642 0.6858 700.0000
491 643 0.5849 700.0000
491 644 0.4202 700.0000
491 645 0.6076 700.0000
491 646 0.8692 700.0000
492 494 0.8551 700.0000
492 644 0.7455 700.0000
492 645 0.4885 700.0000
492 646 0.7288 700.0000
492 653 0.5923 700.0000
492 655 0.8934 700.0000
492 656 0.6308 700.0000
492 657 0.6100 700.0000
492 660 0.7867 700.0000
493 495 0.6144 700.0000
493 500 0.8125 700.0000
493 644 0.5958 700.0000
493 645 0.7026 700.0000
493 646 0.5839 700.0000
493 647 0.8666 700.0000
493 653 0.7570 700.0000
494 646 0.7284 700.0000
494 647 0.6463 700.0000
494 648 0.5710 700.0000
494 649 0.6633 700.0000
494 650 0.6180 700.0000
494 652 0.8727 700.0000
494 653 0.6246 700.0000
495 497 0.6415 700.0000
495 498 0.8609 700.0000
495 500 0.7284 700.0000
495 646 0.5251 700.0000
495 647 0.5405 700.0000
495 648 0.4673 700.0000
495 649 0.7961 700.0000
495 653 0.8645 700.0000
496 498 0.4367 700.0000
496 499 0.5388 700.0000
496 500 0.6455 700.0000
496 519 0.8465 700.0000
496 522 0.8104 700.0000
496 523 0.8210 700.0000
496 646 0.8118 700.0000
496 647 0.8331 700.0000
496 648 0.6930 700.0000
497 499 0.8280 700.0000
497 500 0.5610 700.0000
497 502 0.8594 700.0000
497 505 0.5917 700.0000
497 506 0.7400 700.0000
497 507 0.8401 700.0000
497 519 0.6951 700.0000
497 522 0.8567 700.0000
497 523 0.6757 700.0000
497 560 0.8178 700.0000
497 603 0.6267 700.0000
497 604 0.8329 700.0000
497 605 0.7428 700.0000
497 646 0.6200 700.0000
497 647 0.8161 700.0000
497 648 0.8922 700.0000
498 500 0.6191 700.0000
498 505 0.8162 700.0000
498 522 0.7389 700.0000
498 523 0.5948 700.0000
498 526 0.6607 700.0000
498 527 0.8768 700.0000
498 558 0.5934 700.0000
498 559 0.6578 700.0000
498 560 0.6758 700.0000
499 526 0.8551 700.0000
499 558 0.8436 700.0000
499 559 0.7492 700.0000
500 502 0.5131 700.0000
500 505 0.7933 700.0000
500 559 0.7581 700.0000
500 560 0.7256 700.0000
500 603 0.7209 700.0000
500 644 0.7176 700.0000
500 646 0.8153 700.0000
501 503 0.7978 700.0000
501 559 0.8536 700.0000
501 560 0.8597 700.0000
501 601 0.7678 700.0000
501 642 0.8385 700.0000
501 644 0.6911 700.0000
502 504 0.5454 700.0000
502 505 0.6860 700.0000
502 559 0.7561 700.0000
502 560 0.6099 700.0000
502 599 0.8658 700.0000
502 601 0.4686 700.0000
502 602 0.6466 700.0000
502 603 0.6435 700.0000
502 642 0.7871 700.0000
502 644 0.6848 700.0000
503 505 0.8203 700.0000
503 559 0.8880 700.0000
503 560 0.7023 700.0000
503 561 0.7616 700.0000
503 562 0.8800 700.0000
503 594 0.8655 700.0000
503 599 0.4730 700.0000
503 600 0.7156 700.0000
503 601 0.3977 700.0000
503 602 0.7187 700.0000
503 603 0.8928 700.0000
503 642 0.8865 700.0000
504 506 0.7008 700.0000
504 560 0.6116 700.0000
504 561 0.8392 700.0000
504 562 0.6961 700.0000
504 563 0.6741 700.0000
504 564 0.6461 700.0000
504 594 0.7041 700.0000
504 599 0.5598 700.0000
504 601 0.5772 700.0000
504 602 0.5127 700.0000
504 603 0.5937 700.0000
505 507 0.7015 700.0000
505 523 0.8129 700.0000
505 555 0.8683 700.0000
505 558 0.8472 700.0000
505 559 0.8841 700.0000
505 560 0.5822 700.0000
505 562 0.8365 700.0000
505 563 0.5254 700.0000
505 564 0.5759 700.0000
505 565 0.8447 700.0000
505 601 0.8843 700.0000
505 602 0.6657 700.0000
505 603 0.4856 700.0000
505 604 0.7642 700.0000
505 605 0.8649 700.0000
506 508 0.6796 700.0000
506 509 0.8866 700.0000
506 563 0.6834 700.0000
506 564 0.4745 700.0000
506 565 0.6949 700.0000
506 566 0.6288 700.0000
506 587 0.8575 700.0000
506 590 0.6751 700.0000
506 602 0.7164 700.0000
506 603 0.5240 700.0000
506 604 0.5182 700.0000
506 605 0.5627 700.0000
506 607 0.7716 700.0000
507 509 0.4983 700.0000
507 510 0.8599 700.0000
507 513 0.8518 700.0000
507 515 0.7268 700.0000
507 519 0.6244 700.0000
507 520 0.5735 700.0000
507 523 0.6747 700.0000
507 563 0.6579 700.0000
507 564 0.6580 700.0000
507 565 0.4679 700.0000
507 566 0.5480 700.0000
507 567 0.8652 700.0000
507 605 0.7610 700.0000
507 607 0.8204 700.0000
508 510 0.7427 700.0000
508 515 0.8184 700.0000
508 517 0.8218 700.0000
508 518 0.7812 700.0000
508 519 0.5768 700.0000
508 520 0.6103 700.0000
508 523 0.8930 700.0000
508 565 0.7205 700.0000
508 566 0.5173 700.0000
508 567 0.7371 700.0000
508 568 0.7455 700.0000
508 605 0.6793 700.0000
508 606 0.7759 700.0000
508 607 0.5794 700.0000
508 608 0.7293 700.0000
508 611 0.8935 700.0000
508 612 0.8231 700.0000
509 511 0.7152 700.0000
509 512 0.8490 700.0000
509 513 0.5964 700.0000
509 514 0.8485 700.0000
509 515 0.6891 700.0000
509 517 0.8761 700.0000
509 519 0.8829 700.0000
509 520 0.7185 700.0000
509 545 0.8500 700.0000
509 565 0.5708 700.0000
509 566 0.4660 700.0000
509 567 0.5045 700.0000
509 568 0.6577 700.0000
509 607 0.8333 700.0000
509 608 0.9000 700.0000
509 612 0.8276 700.0000
510 512 0.5020 700.0000
510 513 0.5073 700.0000
510 514 0.6077 700.0000
510 515 0.7089 700.0000
510 516 0.7185 700.0000
510 517 0.8838 700.0000
510 520 0.8921 700.0000
510 544 0.8565 700.0000
510 545 0.7388 700.0000
510 565 0.8338 700.0000
510 566 0.7974 700.0000
510 567 0.6258 700.0000
510 568 0.7744 700.0000
510 570 0.8649 700.0000
510 612 0.8274 700.0000
511 513 0.7337 700.0000
511 514 0.8719 700.0000
511 544 0.5529 700.0000
511 545 0.5414 700.0000
511 546 0.6256 700.0000
511 547 0.6680 700.0000
511 549 0.8682 700.0000
511 567 0.6171 700.0000
511 568 0.7601 700.0000
511 570 0.7409 700.0000
512 514 0.5025 700.0000
512 516 0.8933 700.0000
512 535 0.8800 700.0000
512 536 0.8313 700.0000
512 539 0.6672 700.0000
512 543 0.8149 700.0000
512 544 0.5032 700.0000
512 545 0.6940 700.0000
513 515 0.6172 700.0000
513 531 0.8538 700.0000
513 532 0.6712 700.0000
513 535 0.4558 700.0000
513 536 0.6935 700.0000
513 538 0.7238 700.0000
513 539 0.6582 700.0000
513 543 0.8957 700.0000
513 544 0.8757 700.0000
513 545 0.6938 700.0000
513 551 0.7986 700.0000
513 565 0.6031 700.0000
513 566 0.8884 700.0000
513 567 0.8394 700.0000
514 516 0.6017 700.0000
514 532 0.5685 700.0000
514 535 0.7326 700.0000
514 536 0.6825 700.0000
514 539 0.8914 700.0000
515 517 0.6463 700.0000
515 518 0.8234 700.0000
515 519 0.8529 700.0000
515 520 0.4392 700.0000
515 521 0.5773 700.0000
515 522 0.8217 700.0000
515 523 0.7383 700.0000
515 524 0.5625 700.0000
515 531 0.6742 700.0000
515 532 0.5399 700.0000
515 535 0.7453 700.0000
515 565 0.8056 700.0000
516 518 0.7596 700.0000
516 520 0.7692 700.0000
516 521 0.7778 700.0000
516 611 0.8720 700.0000
517 519 0.6746 700.0000
517 520 0.4854 700.0000
517 521 0.4813 700.0000
517 522 0.7728 700.0000
517 611 0.7380 700.0000
518 520 0.4818 700.0000
518 521 0.4829 700.0000
518 522 0.6350 700.0000
518 523 0.8476 700.0000
518 610 0.8535 700.0000
518 611 0.7639 700.0000
519 521 0.6031 700.0000
519 522 0.5478 700.0000
519 523 0.5768 700.0000
519 605 0.7803 700.0000
519 606 0.8975 700.0000
519 647 0.8655 700.0000
520 522 0.5070 700.0000
520 523 0.4926 700.0000
520 524 0.6044 700.0000
520 531 0.8909 700.0000
520 565 0.8965 700.0000
521 523 0.5754 700.0000
521 524 0.5006 700.0000
521 525 0.6167 700.0000
521 526 0.8369 700.0000
522 524 0.5531 700.0000
522 525 0.5218 700.0000
522 526 0.6185 700.0000
522 527 0.8401 700.0000
523 525 0.7583 700.0000
523 526 0.5827 700.0000
523 527 0.6717 700.0000
523 528 0.8359 700.0000
523 531 0.7563 700.0000
523 555 0.8310 700.0000
523 558 0.6976 700.0000
523 563 0.8171 700.0000
524 526 0.5569 700.0000
524 527 0.5093 700.0000
524 528 0.4672 700.0000
524 529 0.6962 700.0000
524 531 0.5644 700.0000
524 532 0.6831 700.0000
524 555 0.8867 700.0000
524 558 0.8795 700.0000
525 527 0.7191 700.0000
525 528 0.6953 700.0000
526 528 0.5463 700.0000
526 531 0.8794 700.0000
526 555 0.8529 700.0000
526 556 0.7863 700.0000
526 557 0.6034 700.0000
526 558 0.5740 700.0000
527 529 0.6278 700.0000
527 530 0.6310 700.0000
527 531 0.5964 700.0000
527 555 0.5900 700.0000
527 556 0.4855 700.0000
527 557 0.4340 700.0000
527 558 0.5143 700.0000
528 530 0.5486 700.0000
528 531 0.5934 700.0000
528 532 0.7875 700.0000
528 533 0.8960 700.0000
528 555 0.7886 700.0000
528 556 0.6615 700.0000
528 557 0.5797 700.0000
528 558 0.8117 700.0000
529 531 0.6578 700.0000
529 532 0.6796 700.0000
529 533 0.6617 700.0000
529 556 0.8215 700.0000
529 557 0.8039 700.0000
530 532 0.8436 700.0000
530 533 0.6431 700.0000
530 534 0.7393 700.0000
530 554 0.6584 700.0000
530 555 0.6782 700.0000
530 556 0.5094 700.0000
530 557 0.6783 700.0000
531 533 0.6255 700.0000
531 534 0.6210 700.0000
531 535 0.5728 700.0000
531 536 0.8833 700.0000
531 553 0.6223 700.0000
531 554 0.6632 700.0000
531 555 0.5495 700.0000
531 556 0.6612 700.0000
531 558 0.8412 700.0000
531 563 0.7004 700.0000
531 565 0.8117 700.0000
532 534 0.7250 700.0000
532 535 0.4803 700.0000
532 536 0.5170 700.0000
533 535 0.5428 700.0000
533 536 0.4733 700.0000
533 537 0.6272 700.0000
533 538 0.8363 700.0000
533 554 0.7904 700.0000
534 536 0.6788 700.0000
534 537 0.5144 700.0000
534 538 0.5831 700.0000
534 552 0.8592 700.0000
534 553 0.5448 700.0000
534 554 0.4570 700.0000
534 555 0.8585 700.0000
535 537 0.7060 700.0000
535 538 0.5141 700.0000
535 539 0.6770 700.0000
535 551 0.8356 700.0000
535 552 0.8928 700.0000
535 553 0.6310 700.0000
535 554 0.8048 700.0000
535 563 0.8888 700.0000
535 565 0.6976 700.0000
536 538 0.6719 700.0000
536 539 0.5876 700.0000
536 540 0.7131 700.0000
537 539 0.7371 700.0000
537 540 0.6015 700.0000
537 541 0.5707 700.0000
537 542 0.8807 700.0000
538 540 0.7492 700.0000
538 541 0.4744 700.0000
538 542 0.5229 700.0000
538 543 0.6775 700.0000
538 545 0.8845 700.0000
538 551 0.7312 700.0000
538 552 0.8326 700.0000
538 553 0.7829 700.0000
539 541 0.6762 700.0000
539 542 0.6118 700.0000
539 543 0.3868 700.0000
539 544 0.6788 700.0000
539 545 0.7240 700.0000
540 542 0.8496 700.0000
540 543 0.7580 700.0000
541 543 0.7116 700.0000
542 545 0.7991 700.0000
542 551 0.8371 700.0000
543 545 0.5972 700.0000
544 546 0.7065 700.0000
545 547 0.7187 700.0000
545 548 0.8104 700.0000
545 549 0.5493 700.0000
545 550 0.7320 700.0000
545 551 0.7611 700.0000
545 566 0.8937 700.0000
545 567 0.6131 700.0000
546 548 0.6200 700.0000
546 549 0.5253 700.0000
546 567 0.6851 700.0000
546 568 0.8518 700.0000
546 582 0.8928 700.0000
547 549 0.5578 700.0000
547 567 0.5465 700.0000
547 568 0.5469 700.0000
547 569 0.5966 700.0000
547 570 0.7565 700.0000
547 578 0.8446 700.0000
547 579 0.8922 700.0000
547 582 0.5709 700.0000
547 585 0.7563 700.0000
547 586 0.8813 700.0000
548 550 0.6729 700.0000
548 566 0.7584 700.0000
548 567 0.5266 700.0000
548 568 0.5933 700.0000
548 569 0.7139 700.0000
548 578 0.8922 700.0000
548 581 0.7314 700.0000
548 582 0.4564 700.0000
548 583 0.7280 700.0000
548 585 0.3747 700.0000
548 586 0.4958 700.0000
548 587 0.8705 700.0000
548 589 0.7289 700.0000
549 551 0.7578 700.0000
549 566 0.7100 700.0000
549 567 0.4890 700.0000
549 568 0.7384 700.0000
549 582 0.7857 700.0000
549 585 0.5951 700.0000
549 586 0.6213 700.0000
549 589 0.6786 700.0000
550 552 0.7644 700.0000
550 564 0.6991 700.0000
550 565 0.6936 700.0000
550 566 0.5831 700.0000
550 567 0.6405 700.0000
550 585 0.8282 700.0000
550 586 0.6073 700.0000
550 587 0.8751 700.0000
550 589 0.4935 700.0000
550 590 0.6059 700.0000
550 592 0.8904 700.0000
550 593 0.6942 700.0000
551 553 0.6861 700.0000
551 563 0.7968 700.0000
551 564 0.6070 700.0000
551 565 0.5058 700.0000
551 566 0.7452 700.0000
551 567 0.8498 700.0000
551 589 0.8379 700.0000
551 590 0.8150 700.0000
551 593 0.7109 700.0000
552 554 0.7864 700.0000
552 562 0.5883 700.0000
552 563 0.5950 700.0000
552 564 0.5428 700.0000
552 565 0.6418 700.0000
552 593 0.6284 700.0000
552 597 0.6988 700.0000
553 555 0.6149 700.0000
553 556 0.8686 700.0000
553 562 0.5240 700.0000
553 563 0.4284 700.0000
553 564 0.6920 700.0000
553 565 0.6047 700.0000
554 556 0.6497 700.0000
554 561 0.8447 700.0000
554 562 0.6091 700.0000
554 563 0.7631 700.0000
555 557 0.7270 700.0000
555 558 0.4656 700.0000
555 559 0.7733 700.0000
555 560 0.6404 700.0000
555 561 0.7069 700.0000
555 562 0.6191 700.0000
555 563 0.5679 700.0000
556 558 0.4869 700.0000
556 559 0.7997 700.0000
556 560 0.7932 700.0000
556 561 0.7992 700.0000
556 562 0.8582 700.0000
556 563 0.8788 700.0000
557 559 0.8680 700.0000
558 560 0.4556 700.0000
558 561 0.8605 700.0000
558 563 0.8259 700.0000
559 561 0.7767 700.0000
560 562 0.7762 700.0000
560 563 0.7462 700.0000
561 599 0.8283 700.0000
562 564 0.7540 700.0000
562 597 0.6960 700.0000
562 599 0.7561 700.0000
563 565 0.5136 700.0000
564 566 0.6716 700.0000
564 590 0.5573 700.0000
564 591 0.8988 700.0000
564 593 0.6414 700.0000
564 594 0.7818 700.0000
564 602 0.8619 700.0000
564 603 0.8514 700.0000
565 567 0.7826 700.0000
565 590 0.8955 700.0000
566 568 0.5856 700.0000
566 583 0.8748 700.0000
566 586 0.5734 700.0000
566 587 0.7864 700.0000
566 589 0.8599 700.0000
566 590 0.7111 700.0000
566 605 0.8534 700.0000
566 607 0.6306 700.0000
566 608 0.8801 700.0000
567 569 0.6903 700.0000
567 570 0.8775 700.0000
567 582 0.8344 700.0000
567 583 0.8716 700.0000
567 585 0.8785 700.0000
567 586 0.6566 700.0000
567 607 0.8245 700.0000
567 608 0.8787 700.0000
567 612 0.8538 700.0000
568 570 0.6543 700.0000
568 579 0.8524 700.0000
568 582 0.6752 700.0000
568 583 0.6403 700.0000
568 586 0.6970 700.0000
568 607 0.6491 700.0000
568 608 0.5679 700.0000
568 612 0.5870 700.0000
568 614 0.8897 700.0000
569 571 0.7319 700.0000
569 572 0.8716 700.0000
569 578 0.8749 700.0000
569 579 0.5226 700.0000
569 580 0.8208 700.0000
569 582 0.5508 700.0000
569 583 0.5843 700.0000
569 586 0.8718 700.0000
569 607 0.7870 700.0000
569 608 0.5537 700.0000
569 612 0.5773 700.0000
569 613 0.8394 700.0000
569 614 0.6658 700.0000
570 572 0.8853 700.0000
570 608 0.8023 700.0000
570 611 0.7815 700.0000
570 612 0.4208 700.0000
570 613 0.8243 700.0000
571 573 0.5463 700.0000
571 574 0.8912 700.0000
571 575 0.7848 700.0000
571 576 0.5987 700.0000
571 579 0.5579 700.0000
571 580 0.8693 700.0000
571 608 0.8299 700.0000
571 612 0.8604 700.0000
571 613 0.5462 700.0000
571 614 0.4755 700.0000
571 615 0.5889 700.0000
572 574 0.5492 700.0000
572 575 0.4634 700.0000
572 576 0.5649 700.0000
572 577 0.8493 700.0000
572 579 0.6071 700.0000
572 613 0.8746 700.0000
572 614 0.8690 700.0000
573 575 0.6008 700.0000
573 576 0.4948 700.0000
573 577 0.7907 700.0000
573 579 0.7761 700.0000
574 576 0.8241 700.0000
575 577 0.6451 700.0000
575 578 0.6214 700.0000
575 579 0.5880 700.0000
576 578 0.7612 700.0000
576 579 0.4530 700.0000
576 580 0.6015 700.0000
576 614 0.8528 700.0000
576 618 0.8502 700.0000
577 579 0.5736 700.0000
577 580 0.5522 700.0000
577 581 0.8037 700.0000
577 582 0.8929 700.0000
578 580 0.7420 700.0000
578 581 0.4986 700.0000
578 582 0.5133 700.0000
578 585 0.8404 700.0000
579 581 0.7620 700.0000
579 582 0.5511 700.0000
579 583 0.6967 700.0000
579 614 0.6792 700.0000
580 582 0.6427 700.0000
580 583 0.5709 700.0000
580 584 0.5934 700.0000
580 614 0.7797 700.0000
580 618 0.6967 700.0000
580 619 0.8381 700.0000
580 622 0.5738 700.0000
581 583 0.7690 700.0000
581 584 0.6083 700.0000
581 585 0.4957 700.0000
581 586 0.8891 700.0000
581 588 0.8885 700.0000
582 584 0.7708 700.0000
582 585 0.4822 700.0000
582 586 0.7079 700.0000
583 585 0.7538 700.0000
583 586 0.5617 700.0000
583 587 0.6370 700.0000
583 588 0.8737 700.0000
583 607 0.6039 700.0000
583 608 0.6875 700.0000
583 614 0.7206 700.0000
583 619 0.6540 700.0000
583 622 0.5517 700.0000
583 623 0.6423 700.0000
583 626 0.8629 700.0000
584 586 0.7855 700.0000
584 587 0.7014 700.0000
584 588 0.6014 700.0000
584 622 0.5330 700.0000
584 623 0.7580 700.0000
584 625 0.6225 700.0000
584 626 0.5161 700.0000
584 629 0.6769 700.0000
585 587 0.8013 700.0000
585 588 0.6501 700.0000
585 589 0.6364 700.0000
586 588 0.5934 700.0000
586 589 0.5006 700.0000
586 590 0.5748 700.0000
586 591 0.8424 700.0000
586 607 0.7493 700.0000
586 623 0.8697 700.0000
586 626 0.8891 700.0000
587 589 0.6257 700.0000
587 590 0.5080 700.0000
587 591 0.5903 700.0000
587 592 0.8642 700.0000
587 604 0.7578 700.0000
587 607 0.7593 700.0000
587 622 0.8221 700.0000
587 623 0.6035 700.0000
587 626 0.5796 700.0000
587 627 0.7091 700.0000
587 630 0.8970 700.0000
588 590 0.7108 700.0000
588 591 0.6424 700.0000
588 592 0.6878 700.0000
588 626 0.5615 700.0000
588 627 0.8115 700.0000
588 629 0.7354 700.0000
588 630 0.6834 700.0000
589 591 0.6719 700.0000
589 592 0.5183 700.0000
589 593 0.6343 700.0000
590 592 0.5901 700.0000
590 593 0.5220 700.0000
590 594 0.6774 700.0000
590 602 0.8292 700.0000
590 604 0.8270 700.0000
591 593 0.6769 700.0000
591 594 0.5881 700.0000
591 595 0.6488 700.0000
591 602 0.7344 700.0000
591 604 0.8786 700.0000
591 626 0.8132 700.0000
591 627 0.7260 700.0000
591 630 0.6242 700.0000
591 631 0.8592 700.0000
591 640 0.7381 700.0000
591 643 0.8722 700.0000
592 594 0.6207 700.0000
592 595 0.5947 700.0000
592 596 0.7000 700.0000
592 630 0.7889 700.0000
593 595 0.7366 700.0000
593 596 0.5414 700.0000
593 597 0.5993 700.0000
593 599 0.8554 700.0000
594 596 0.6295 700.0000
594 597 0.5862 700.0000
594 598 0.6398 700.0000
594 599 0.4876 700.0000
594 601 0.8248 700.0000
594 602 0.7304 700.0000
594 639 0.7425 700.0000
594 640 0.6822 700.0000
595 597 0.8282 700.0000
595 598 0.5353 700.0000
595 599 0.7460 700.0000
595 630 0.8714 700.0000
595 637 0.7003 700.0000
595 638 0.5894 700.0000
595 639 0.4513 700.0000
595 640 0.5492 700.0000
596 598 0.6509 700.0000
596 599 0.8698 700.0000
597 599 0.5994 700.0000
598 600 0.8503 700.0000
598 639 0.5024 700.0000
598 640 0.8325 700.0000
599 601 0.6195 700.0000
599 602 0.7886 700.0000
599 639 0.7896 700.0000
599 640 0.7975 700.0000
600 639 0.6230 700.0000
600 640 0.6095 700.0000
600 641 0.4965 700.0000
600 642 0.6560 700.0000
601 603 0.7330 700.0000
601 640 0.6446 700.0000
601 641 0.7582 700.0000
601 642 0.5238 700.0000
601 643 0.7323 700.0000
601 644 0.7168 700.0000
602 604 0.5960 700.0000
602 640 0.6889 700.0000
602 642 0.7326 700.0000
602 643 0.5176 700.0000
602 644 0.6386 700.0000
602 645 0.8781 700.0000
603 605 0.6643 700.0000
603 643 0.6948 700.0000
603 644 0.5880 700.0000
603 645 0.7138 700.0000
603 646 0.6496 700.0000
604 606 0.7469 700.0000
604 607 0.7435 700.0000
604 623 0.7183 700.0000
604 627 0.8706 700.0000
604 643 0.7035 700.0000
604 644 0.7821 700.0000
604 645 0.5318 700.0000
604 646 0.6241 700.0000
604 656 0.8559 700.0000
605 607 0.4953 700.0000
605 608 0.8673 700.0000
605 609 0.8721 700.0000
605 619 0.8988 700.0000
605 623 0.7833 700.0000
605 645 0.6986 700.0000
605 646 0.5694 700.0000
605 647 0.7168 700.0000
605 656 0.8291 700.0000
606 608 0.5986 700.0000
606 609 0.4932 700.0000
606 610 0.7610 700.0000
606 614 0.8397 700.0000
606 616 0.7379 700.0000
606 619 0.5719 700.0000
606 620 0.6902 700.0000
606 623 0.7316 700.0000
606 645 0.8544 700.0000
606 646 0.7804 700.0000
606 647 0.7045 700.0000
606 652 0.6940 700.0000
606 656 0.7257 700.0000
607 609 0.6703 700.0000
607 610 0.8604 700.0000
607 612 0.8404 700.0000
607 614 0.8033 700.0000
607 619 0.6447 700.0000
607 620 0.8804 700.0000
607 623 0.6847 700.0000
608 610 0.5455 700.0000
608 611 0.7096 700.0000
608 612 0.4683 700.0000
608 613 0.6000 700.0000
608 614 0.4949 700.0000
608 615 0.8221 700.0000
608 619 0.6336 700.0000
609 611 0.7199 700.0000
609 612 0.7371 700.0000
609 613 0.5562 700.0000
609 614 0.5795 700.0000
609 615 0.6902 700.0000
609 616 0.5896 700.0000
609 617 0.8961 700.0000
609 619 0.6153 700.0000
609 620 0.8864 700.0000
609 652 0.8195 700.0000
610 612 0.5847 700.0000
610 613 0.5029 700.0000
610 614 0.7754 700.0000
610 615 0.8937 700.0000
610 616 0.8891 700.0000
611 613 0.6567 700.0000
612 614 0.7754 700.0000
613 615 0.5803 700.0000
613 616 0.8744 700.0000
613 619 0.8901 700.0000
614 616 0.7088 700.0000
614 617 0.7599 700.0000
614 618 0.7168 700.0000
614 619 0.4810 700.0000
614 620 0.8680 700.0000
614 622 0.8387 700.0000
615 617 0.5751 700.0000
615 618 0.6232 700.0000
615 619 0.6149 700.0000
615 620 0.8784 700.0000
616 618 0.8159 700.0000
616 619 0.5404 700.0000
616 620 0.5870 700.0000
616 621 0.8483 700.0000
616 651 0.8683 700.0000
616 652 0.6342 700.0000
616 655 0.6369 700.0000
616 656 0.8086 700.0000
617 619 0.5180 700.0000
617 620 0.4573 700.0000
617 621 0.4820 700.0000
617 622 0.7922 700.0000
617 655 0.6411 700.0000
617 656 0.8223 700.0000
617 658 0.8072 700.0000
617 659 0.7656 700.0000
618 620 0.7374 700.0000
618 621 0.4539 700.0000
618 622 0.6340 700.0000
619 621 0.6568 700.0000
619 622 0.5481 700.0000
619 623 0.5807 700.0000
619 624 0.8916 700.0000
619 655 0.8886 700.0000
619 656 0.7905 700.0000
620 622 0.6016 700.0000
620 623 0.5204 700.0000
620 624 0.6219 700.0000
620 625 0.8590 700.0000
620 645 0.8528 700.0000
620 652 0.7926 700.0000
620 655 0.5783 700.0000
620 656 0.4637 700.0000
620 657 0.8565 700.0000
620 658 0.8431 700.0000
620 659 0.5855 700.0000
620 660 0.8698 700.0000
621 623 0.7489 700.0000
621 624 0.6724 700.0000
621 625 0.6961 700.0000
621 655 0.8496 700.0000
621 656 0.8772 700.0000
621 658 0.8344 700.0000
621 659 0.5665 700.0000
621 662 0.7244 700.0000
621 663 0.7395 700.0000
622 624 0.6286 700.0000
622 625 0.5289 700.0000
622 626 0.6532 700.0000
622 627 0.8974 700.0000
623 625 0.6266 700.0000
623 626 0.5921 700.0000
623 627 0.6490 700.0000
623 645 0.7920 700.0000
623 656 0.7146 700.0000
623 659 0.8755 700.0000
624 626 0.5818 700.0000
624 627 0.5057 700.0000
624 628 0.6775 700.0000
624 629 0.8432 700.0000
624 645 0.8062 700.0000
624 656 0.7134 700.0000
624 659 0.5803 700.0000
624 660 0.6134 700.0000
624 662 0.8597 700.0000
624 663 0.5996 700.0000
624 664 0.7489 700.0000
625 627 0.5877 700.0000
625 628 0.5441 700.0000
625 629 0.5230 700.0000
625 659 0.8428 700.0000
625 663 0.6094 700.0000
625 664 0.8419 700.0000
626 628 0.6601 700.0000
626 629 0.4354 700.0000
626 630 0.6482 700.0000
626 631 0.8677 700.0000
627 629 0.6566 700.0000
627 630 0.5974 700.0000
627 631 0.6524 700.0000
627 643 0.7175 700.0000
628 630 0.7838 700.0000
628 631 0.7094 700.0000
628 632 0.5270 700.0000
628 663 0.6209 700.0000
628 664 0.5663 700.0000
629 631 0.7961 700.0000
629 632 0.5982 700.0000
629 633 0.7335 700.0000
630 632 0.7785 700.0000
630 633 0.7456 700.0000
630 634 0.7065 700.0000
630 638 0.6771 700.0000
630 640 0.8836 700.0000
631 634 0.7611 700.0000
631 635 0.6972 700.0000
631 638 0.5673 700.0000
631 640 0.7785 700.0000
632 634 0.8709 700.0000
632 635 0.6875 700.0000
633 635 0.7849 700.0000
634 636 0.5124 700.0000
634 637 0.6874 700.0000
634 638 0.6667 700.0000
635 637 0.8816 700.0000
635 638 0.7880 700.0000
636 638 0.6408 700.0000
637 639 0.5876 700.0000
637 640 0.8621 700.0000
638 640 0.5862 700.0000
638 641 0.7643 700.0000
639 641 0.6448 700.0000
640 642 0.7227 700.0000
640 643 0.6947 700.0000
641 643 0.8040 700.0000
642 644 0.5628 700.0000
643 645 0.6573 700.0000
644 646 0.7174 700.0000
645 647 0.8477 700.0000
645 653 0.7379 700.0000
645 656 0.4922 700.0000
645 657 0.8571 700.0000
645 660 0.8838 700.0000
646 648 0.7463 700.0000
646 649 0.8885 700.0000
646 652 0.7952 700.0000
646 653 0.7031 700.0000
646 656 0.7448 700.0000
647 649 0.4571 700.0000
647 650 0.8515 700.0000
647 652 0.5003 700.0000
647 653 0.6115 700.0000
647 656 0.8220 700.0000
648 650 0.8093 700.0000
648 652 0.7713 700.0000
648 653 0.8358 700.0000
649 651 0.5431 700.0000
649 652 0.4684 700.0000
649 653 0.6246 700.0000
649 654 0.8012 700.0000
650 652 0.7275 700.0000
650 653 0.5908 700.0000
650 654 0.5320 700.0000
651 653 0.7443 700.0000
651 654 0.5531 700.0000
651 655 0.7795 700.0000
652 654 0.6472 700.0000
652 655 0.5503 700.0000
652 656 0.5971 700.0000
653 655 0.5688 700.0000
653 656 0.5402 700.0000
653 657 0.6500 700.0000
654 656 0.8224 700.0000
654 657 0.6445 700.0000
654 658 0.7465 700.0000
655 657 0.5105 700.0000
655 658 0.5022 700.0000
655 659 0.6071 700.0000
655 660 0.8444 700.0000
655 661 0.8906 700.0000
656 658 0.8235 700.0000
656 659 0.6224 700.0000
656 660 0.7291 700.0000
657 659 0.5249 700.0000
657 660 0.4992 700.0000
657 661 0.5062 700.0000
657 662 0.8360 700.0000
658 660 0.7120 700.0000
658 661 0.5318 700.0000
658 662 0.6120 700.0000
659 661 0.5802 700.0000
659 662 0.4608 700.0000
659 663 0.5651 700.0000
659 664 0.7799 700.0000
660 662 0.5962 700.0000
660 663 0.5691 700.0000
660 664 0.5417 700.0000
661 663 0.7982 700.0000
661 664 0.7934 700.0000
662 664 0.6919 700.0000
689 692 0.7862 700.0000
690 692 0.7262 700.0000
690 693 0.6925 700.0000
691 693 0.7789 700.0000
691 869 0.8373 700.0000
691 872 0.8671 700.0000
691 873 0.8408 700.0000
692 694 0.6710 700.0000
692 702 0.8225 700.0000
692 703 0.5543 700.0000
692 704 0.4599 700.0000
692 705 0.7951 700.0000
692 869 0.8067 700.0000
692 872 0.5964 700.0000
693 695 0.6902 700.0000
693 701 0.6446 700.0000
693 702 0.6313 700.0000
693 703 0.5602 700.0000
693 704 0.7343 700.0000
693 872 0.6252 700.0000
693 876 0.8192 700.0000
694 696 0.7238 700.0000
694 700 0.8615 700.0000
694 701 0.6481 700.0000
694 702 0.4166 700.0000
694 703 0.7162 700.0000
694 704 0.8970 700.0000
694 835 0.8284 700.0000
694 839 0.7896 700.0000
694 872 0.5266 700.0000
694 873 0.8923 700.0000
694 875 0.7217 700.0000
694 876 0.6797 700.0000
695 697 0.6787 700.0000
695 698 0.7674 700.0000
695 699 0.5597 700.0000
695 700 0.6437 700.0000
695 701 0.5601 700.0000
695 702 0.6105 700.0000
695 839 0.7794 700.0000
696 698 0.4586 700.0000
696 699 0.4314 700.0000
696 700 0.4785 700.0000
696 701 0.7507 700.0000
696 702 0.6931 700.0000
696 838 0.7941 700.0000
696 839 0.5430 700.0000
696 842 0.5737 700.0000
696 843 0.7567 700.0000
697 699 0.6091 700.0000
697 700 0.7820 700.0000
697 839 0.6854 700.0000
697 842 0.6168 700.0000
697 843 0.6024 700.0000
698 700 0.5674 700.0000
698 839 0.8800 700.0000
698 842 0.4801 700.0000
698 843 0.6741 700.0000
698 845 0.8620 700.0000
698 846 0.7790 700.0000
698 847 0.6855 700.0000
699 701 0.6589 700.0000
699 702 0.8738 700.0000
699 842 0.6873 700.0000
699 847 0.7951 700.0000
699 850 0.8794 700.0000
699 851 0.7053 700.0000
700 702 0.6058 700.0000
700 838 0.6952 700.0000
700 839 0.7743 700.0000
700 841 0.8418 700.0000
700 842 0.5662 700.0000
700 847 0.7333 700.0000
700 850 0.6272 700.0000
700 851 0.6420 700.0000
700 852 0.7108 700.0000
700 853 0.6582 700.0000
701 703 0.5752 700.0000
701 851 0.7170 700.0000
701 852 0.5217 700.0000
701 853 0.6533 700.0000
701 854 0.8048 700.0000
702 704 0.8614 700.0000
702 835 0.6828 700.0000
702 838 0.6696 700.0000
702 839 0.7065 700.0000
702 852 0.8130 700.0000
702 853 0.5008 700.0000
702 854 0.7916 700.0000
702 855 0.6752 700.0000
702 872 0.6963 700.0000
703 705 0.6335 700.0000
703 852 0.6888 700.0000
703 853 0.5933 700.0000
703 854 0.4641 700.0000
703 855 0.6150 700.0000
703 856 0.8967 700.0000
703 872 0.8288 700.0000
704 706 0.7608 700.0000
704 854 0.7952 700.0000
704 855 0.5795 700.0000
704 856 0.7699 700.0000
704 857 0.6531 700.0000
704 865 0.7575 700.0000
704 868 0.6691 700.0000
704 869 0.7046 700.0000
704 872 0.6495 700.0000
705 707 0.5051 700.0000
705 708 0.7887 700.0000
705 712 0.8922 700.0000
705 854 0.6352 700.0000
705 855 0.6761 700.0000
705 856 0.4879 700.0000
705 857 0.5665 700.0000
706 708 0.8092 700.0000
706 856 0.8359 700.0000
706 857 0.5851 700.0000
706 858 0.6977 700.0000
706 859 0.4472 700.0000
706 860 0.8270 700.0000
706 862 0.8894 700.0000
706 865 0.6744 700.0000
707 709 0.6510 700.0000
707 710 0.7325 700.0000
707 711 0.5334 700.0000
707 712 0.6732 700.0000
707 713 0.8849 700.0000
707 856 0.5549 700.0000
707 857 0.6995 700.0000
707 858 0.7398 700.0000
707 859 0.7328 700.0000
708 710 0.4296 700.0000
708 711 0.4564 700.0000
708 712 0.6769 700.0000
708 732 0.8919 700.0000
708 735 0.8004 700.0000
708 736 0.8903 700.0000
708 856 0.5918 700.0000
708 857 0.7613 700.0000
708 858 0.5905 700.0000
708 859 0.7461 700.0000
709 711 0.6053 700.0000
709 712 0.5656 700.0000
709 717 0.6876 700.0000
709 718 0.7937 700.0000
709 719 0.8586 700.0000
709 732 0.6622 700.0000
709 735 0.7144 700.0000
709 736 0.6143 700.0000
709 770 0.8686 700.0000
709 814 0.7220 700.0000
709 816 0.6650 700.0000
709 856 0.5367 700.0000
709 857 0.8710 700.0000
709 858 0.8362 700.0000
710 712 0.6643 700.0000
710 732 0.8245 700.0000
710 735 0.5251 700.0000
710 736 0.5533 700.0000
710 738 0.8156 700.0000
710 739 0.5789 700.0000
710 770 0.7371 700.0000
710 771 0.8759 700.0000
710 856 0.8913 700.0000
710 858 0.8990 700.0000
711 713 0.6837 700.0000
711 739 0.7444 700.0000
711 770 0.8108 700.0000
711 771 0.6816 700.0000
711 856 0.8815 700.0000
712 714 0.5106 700.0000
712 716 0.8618 700.0000
712 717 0.6932 700.0000
712 770 0.7165 700.0000
712 771 0.5534 700.0000
712 772 0.6529 700.0000
712 814 0.7013 700.0000
712 854 0.8029 700.0000
712 856 0.7360 700.0000
713 715 0.8836 700.0000
713 771 0.4853 700.0000
713 772 0.7568 700.0000
714 716 0.5067 700.0000
714 717 0.6327 700.0000
714 771 0.7672 700.0000
714 772 0.5923 700.0000
714 773 0.7760 700.0000
714 812 0.4497 700.0000
714 813 0.6053 700.0000
714 814 0.5678 700.0000
714 852 0.7867 700.0000
714 854 0.6347 700.0000
715 717 0.8324 700.0000
715 772 0.6360 700.0000
715 773 0.4172 700.0000
715 774 0.7213 700.0000
715 805 0.7717 700.0000
715 808 0.8904 700.0000
715 810 0.5135 700.0000
715 811 0.6590 700.0000
715 812 0.4190 700.0000
715 813 0.7339 700.0000
715 814 0.8889 700.0000
715 852 0.8833 700.0000
716 718 0.6961 700.0000
716 772 0.6309 700.0000
716 773 0.6985 700.0000
716 774 0.6359 700.0000
716 775 0.6698 700.0000
716 776 0.6526 700.0000
716 801 0.8154 700.0000
716 804 0.8908 700.0000
716 805 0.6350 700.0000
716 810 0.7148 700.0000
716 812 0.5543 700.0000
716 813 0.4675 700.0000
716 814 0.5580 700.0000
716 815 0.8435 700.0000
717 719 0.7034 700.0000
717 736 0.8054 700.0000
717 767 0.8375 700.0000
717 770 0.7916 700.0000
717 772 0.6143 700.0000
717 774 0.8258 700.0000
717 775 0.4902 700.0000
717 776 0.5922 700.0000
717 777 0.8312 700.0000
717 812 0.8846 700.0000
717 813 0.6691 700.0000
717 814 0.4641 700.0000
717 815 0.7585 700.0000
717 816 0.8068 700.0000
717 856 0.8968 700.0000
718 720 0.7355 700.0000
718 732 0.8607 700.0000
718 775 0.6653 700.0000
718 776 0.5048 700.0000
718 777 0.7170 700.0000
718 778 0.6639 700.0000
718 801 0.7072 700.0000
718 813 0.7201 700.0000
718 814 0.5181 700.0000
718 815 0.5139 700.0000
718 816 0.5504 700.0000
718 818 0.7454 700.0000
718 856 0.8857 700.0000
719 721 0.5432 700.0000
719 722 0.8889 700.0000
719 727 0.7334 700.0000
719 730 0.8850 700.0000
719 732 0.5975 700.0000
719 733 0.5400 700.0000
719 736 0.6740 700.0000
719 775 0.6632 700.0000
719 776 0.6734 700.0000
719 777 0.4608 700.0000
719 778 0.5626 700.0000
719 816 0.7747 700.0000
719 818 0.8280 700.0000
720 722 0.6822 700.0000
720 727 0.8591 700.0000
720 730 0.7521 700.0000
720 731 0.8709 700.0000
720 732 0.6064 700.0000
720 733 0.6384 700.0000
720 777 0.7544 700.0000
720 778 0.5106 700.0000
720 779 0.6935 700.0000
720 780 0.6045 700.0000
720 816 0.7881 700.0000
720 817 0.8323 700.0000
720 818 0.5863 700.0000
720 819 0.7217 700.0000
720 823 0.8369 700.0000
721 723 0.7387 700.0000
721 724 0.7781 700.0000
721 725 0.5830 700.0000
721 726 0.7336 700.0000
721 727 0.6788 700.0000
721 729 0.8475 700.0000
721 730 0.8253 700.0000
721 732 0.8788 700.0000
721 733 0.6993 700.0000
721 748 0.8771 700.0000
721 761 0.8447 700.0000
721 763 0.8638 700.0000
721 777 0.5984 700.0000
721 778 0.5070 700.0000
721 779 0.5280 700.0000
721 780 0.6710 700.0000
722 724 0.4663 700.0000
722 725 0.5174 700.0000
722 726 0.5551 700.0000
722 727 0.7402 700.0000
722 729 0.6037 700.0000
722 730 0.8311 700.0000
722 733 0.8669 700.0000
722 757 0.8820 700.0000
722 778 0.8265 700.0000
722 779 0.6366 700.0000
722 780 0.7832 700.0000
723 725 0.6644 700.0000
723 726 0.8886 700.0000
723 756 0.8974 700.0000
723 757 0.5264 700.0000
723 758 0.6392 700.0000
723 759 0.6933 700.0000
723 761 0.8321 700.0000
723 779 0.6262 700.0000
723 780 0.8708 700.0000
724 726 0.4596 700.0000
724 727 0.8661 700.0000
724 729 0.6715 700.0000
724 757 0.8473 700.0000
725 727 0.6729 700.0000
725 745 0.6831 700.0000
725 748 0.5379 700.0000
725 749 0.5974 700.0000
725 752 0.7396 700.0000
725 757 0.7549 700.0000
725 763 0.8102 700.0000
725 777 0.7473 700.0000
725 779 0.8464 700.0000
726 728 0.5223 700.0000
726 729 0.5118 700.0000
726 730 0.7951 700.0000
726 733 0.8101 700.0000
726 745 0.6519 700.0000
726 748 0.8773 700.0000
726 749 0.8423 700.0000
727 729 0.7597 700.0000
727 730 0.6605 700.0000
727 732 0.8512 700.0000
727 733 0.4434 700.0000
727 734 0.7010 700.0000
727 735 0.8993 700.0000
727 736 0.7533 700.0000
727 737 0.5661 700.0000
727 744 0.6994 700.0000
727 745 0.5324 700.0000
727 748 0.7737 700.0000
727 777 0.7919 700.0000
728 730 0.5509 700.0000
728 731 0.8178 700.0000
728 733 0.6609 700.0000
728 734 0.5186 700.0000
728 737 0.7178 700.0000
728 738 0.8959 700.0000
728 745 0.8351 700.0000
729 731 0.8943 700.0000
729 733 0.8581 700.0000
729 822 0.8574 700.0000
730 732 0.5690 700.0000
730 733 0.4416 700.0000
730 734 0.5452 700.0000
730 735 0.7838 700.0000
730 822 0.7719 700.0000
731 733 0.5727 700.0000
731 734 0.5701 700.0000
731 735 0.6534 700.0000
731 821 0.8779 700.0000
731 822 0.8130 700.0000
732 734 0.7501 700.0000
732 735 0.5876 700.0000
732 736 0.6178 700.0000
732 816 0.7112 700.0000
732 817 0.8042 700.0000
732 818 0.8586 700.0000
733 735 0.5902 700.0000
733 736 0.5198 700.0000
733 737 0.6499 700.0000
733 738 0.8503 700.0000
733 777 0.8499 700.0000
734 736 0.7343 700.0000
734 737 0.5799 700.0000
734 738 0.4843 700.0000
735 737 0.6474 700.0000
735 738 0.4642 700.0000
735 739 0.7380 700.0000
735 740 0.8986 700.0000
736 738 0.6900 700.0000
736 739 0.6572 700.0000
736 740 0.6619 700.0000
736 741 0.8099 700.0000
736 744 0.7553 700.0000
736 770 0.6854 700.0000
736 775 0.8248 700.0000
737 739 0.7757 700.0000
737 740 0.5646 700.0000
737 741 0.4593 700.0000
737 742 0.6031 700.0000
737 743 0.8177 700.0000
737 744 0.5963 700.0000
737 745 0.7119 700.0000
738 740 0.7533 700.0000
738 741 0.7332 700.0000
739 741 0.7064 700.0000
739 767 0.8865 700.0000
739 769 0.5236 700.0000
739 770 0.5163 700.0000
739 771 0.7822 700.0000
740 742 0.6653 700.0000
740 743 0.6412 700.0000
740 744 0.6032 700.0000
740 766 0.8851 700.0000
740 767 0.6683 700.0000
740 768 0.5902 700.0000
740 769 0.4199 700.0000
740 770 0.5357 700.0000
741 743 0.4441 700.0000
741 744 0.5549 700.0000
741 745 0.8207 700.0000
741 746 0.8638 700.0000
741 767 0.8974 700.0000
741 768 0.6541 700.0000
741 769 0.6505 700.0000
741 770 0.8467 700.0000
742 744 0.6343 700.0000
742 745 0.6687 700.0000
742 746 0.6063 700.0000
742 768 0.7984 700.0000
743 745 0.7866 700.0000
743 746 0.5482 700.0000
743 747 0.7702 700.0000
743 766 0.8896 700.0000
743 768 0.4992 700.0000
743 769 0.8245 700.0000
744 746 0.7081 700.0000
744 747 0.5778 700.0000
744 748 0.6368 700.0000
744 749 0.8726 700.0000
744 765 0.6353 700.0000
744 766 0.6567 700.0000
744 767 0.7384 700.0000
744 768 0.5994 700.0000
744 770 0.8713 700.0000
744 775 0.7318 700.0000
744 777 0.7769 700.0000
745 747 0.7656 700.0000
745 748 0.5308 700.0000
745 749 0.5066 700.0000
745 750 0.8912 700.0000
746 748 0.7895 700.0000
746 749 0.6390 700.0000
746 750 0.7265 700.0000
746 768 0.8984 700.0000
747 749 0.7373 700.0000
747 750 0.5871 700.0000
747 751 0.6143 700.0000
747 764 0.7699 700.0000
747 765 0.4871 700.0000
747 766 0.5624 700.0000
747 768 0.6970 700.0000
747 775 0.8710 700.0000
748 750 0.6340 700.0000
748 751 0.5281 700.0000
748 752 0.6364 700.0000
748 753 0.8784 700.0000
748 763 0.6306 700.0000
748 764 0.8702 700.0000
748 765 0.6521 700.0000
748 775 0.8792 700.0000
748 777 0.5942 700.0000
749 751 0.6784 700.0000
749 752 0.6031 700.0000
749 753 0.6588 700.0000
750 752 0.5818 700.0000
750 753 0.4673 700.0000
751 753 0.6242 700.0000
751 754 0.8387 700.0000
751 755 0.7565 700.0000
751 763 0.5885 700.0000
751 764 0.7171 700.0000
751 765 0.7392 700.0000
751 777 0.8893 700.0000
752 754 0.5331 700.0000
752 755 0.4474 700.0000
752 756 0.7989 700.0000
752 757 0.7392 700.0000
752 763 0.7137 700.0000
753 755 0.7188 700.0000
754 756 0.6308 700.0000
754 757 0.8389 700.0000
755 757 0.5414 700.0000
755 758 0.8383 700.0000
755 761 0.8098 700.0000
755 763 0.8212 700.0000
756 758 0.5805 700.0000
756 761 0.7681 700.0000
757 759 0.7923 700.0000
757 760 0.8318 700.0000
757 761 0.5817 700.0000
757 763 0.8789 700.0000
757 779 0.7255 700.0000
758 760 0.5251 700.0000
758 761 0.4630 700.0000
758 779 0.5862 700.0000
758 780 0.8801 700.0000
759 761 0.6896 700.0000
759 779 0.5060 700.0000
759 780 0.5783 700.0000
759 781 0.5646 700.0000
759 782 0.7464 700.0000
759 789 0.8971 700.0000
759 790 0.8531 700.0000
759 793 0.6655 700.0000
760 762 0.6103 700.0000
760 778 0.6644 700.0000
760 779 0.4754 700.0000
760 780 0.6572 700.0000
760 781 0.7645 700.0000
760 793 0.5729 700.0000
760 794 0.8333 700.0000
760 796 0.7573 700.0000
760 797 0.5564 700.0000
760 800 0.7843 700.0000
761 763 0.6201 700.0000
761 777 0.8862 700.0000
761 778 0.6301 700.0000
761 779 0.4650 700.0000
761 780 0.8110 700.0000
761 797 0.7804 700.0000
761 800 0.8594 700.0000
762 764 0.8075 700.0000
762 776 0.6286 700.0000
762 777 0.7070 700.0000
762 778 0.5754 700.0000
762 779 0.7350 700.0000
762 797 0.6934 700.0000
762 800 0.5827 700.0000
762 801 0.6947 700.0000
762 804 0.8170 700.0000
763 765 0.7062 700.0000
763 775 0.8209 700.0000
763 776 0.6606 700.0000
763 777 0.5002 700.0000
763 778 0.7184 700.0000
763 779 0.8592 700.0000
764 766 0.6898 700.0000
764 774 0.5896 700.0000
764 775 0.6363 700.0000
764 776 0.6298 700.0000
764 777 0.7493 700.0000
764 804 0.8183 700.0000
765 767 0.6903 700.0000
765 768 0.7881 700.0000
765 774 0.6218 700.0000
765 775 0.4259 700.0000
765 776 0.6911 700.0000
765 777 0.6066 700.0000
766 768 0.4881 700.0000
766 770 0.8141 700.0000
766 772 0.7721 700.0000
766 773 0.8972 700.0000
766 774 0.5615 700.0000
766 775 0.5932 700.0000
767 769 0.6535 700.0000
767 770 0.4358 700.0000
767 771 0.7785 700.0000
767 772 0.4636 700.0000
767 773 0.7850 700.0000
767 774 0.6680 700.0000
767 775 0.6453 700.0000
768 770 0.7580 700.0000
769 771 0.7877 700.0000
769 772 0.8979 700.0000
770 772 0.4680 700.0000
770 775 0.8154 700.0000
772 774 0.6708 700.0000
772 775 0.7170 700.0000
773 808 0.8678 700.0000
773 810 0.6782 700.0000
773 812 0.8350 700.0000
774 776 0.7831 700.0000
774 805 0.8738 700.0000
774 808 0.7331 700.0000
774 810 0.8159 700.0000
775 777 0.5074 700.0000
776 778 0.6527 700.0000
776 800 0.8801 700.0000
776 801 0.5682 700.0000
776 804 0.7505 700.0000
776 805 0.8685 700.0000
776 813 0.8706 700.0000
776 814 0.8613 700.0000
776 815 0.8940 700.0000
777 779 0.8612 700.0000
778 780 0.5716 700.0000
778 781 0.8905 700.0000
778 794 0.8805 700.0000
778 797 0.6221 700.0000
778 801 0.8062 700.0000
778 818 0.7523 700.0000
779 781 0.6729 700.0000
779 793 0.8565 700.0000
779 797 0.7747 700.0000
780 782 0.7322 700.0000
780 790 0.8570 700.0000
780 793 0.7417 700.0000
780 794 0.6494 700.0000
780 797 0.7395 700.0000
780 818 0.6954 700.0000
780 819 0.6628 700.0000
780 823 0.6282 700.0000
780 825 0.8793 700.0000
781 783 0.8147 700.0000
781 784 0.7617 700.0000
781 787 0.8927 700.0000
781 789 0.8084 700.0000
781 790 0.5162 700.0000
781 791 0.8237 700.0000
781 793 0.5789 700.0000
781 794 0.5625 700.0000
781 797 0.8385 700.0000
781 818 0.8372 700.0000
781 819 0.6810 700.0000
781 823 0.5916 700.0000
781 824 0.8817 700.0000
781 825 0.6980 700.0000
782 784 0.4145 700.0000
782 787 0.8829 700.0000
782 790 0.7057 700.0000
782 819 0.8693 700.0000
782 823 0.5130 700.0000
782 824 0.7588 700.0000
782 825 0.8301 700.0000
783 785 0.5202 700.0000
783 786 0.4454 700.0000
783 787 0.6432 700.0000
783 790 0.6381 700.0000
783 791 0.7349 700.0000
783 819 0.8400 700.0000
783 823 0.7914 700.0000
783 824 0.5318 700.0000
783 825 0.4401 700.0000
783 826 0.6003 700.0000
783 829 0.7887 700.0000
784 786 0.7448 700.0000
784 787 0.6022 700.0000
784 789 0.7728 700.0000
784 790 0.6302 700.0000
784 823 0.8724 700.0000
785 787 0.6540 700.0000
785 790 0.8994 700.0000
785 824 0.8936 700.0000
786 788 0.6499 700.0000
786 789 0.7865 700.0000
786 790 0.5918 700.0000
786 791 0.5862 700.0000
786 825 0.8120 700.0000
787 789 0.4681 700.0000
787 790 0.4108 700.0000
787 791 0.5567 700.0000
788 790 0.6066 700.0000
788 791 0.5677 700.0000
788 792 0.6716 700.0000
788 793 0.8804 700.0000
789 791 0.6179 700.0000
789 792 0.5659 700.0000
789 793 0.5737 700.0000
790 792 0.7088 700.0000
790 793 0.5498 700.0000
790 794 0.6737 700.0000
790 795 0.8898 700.0000
790 825 0.7546 700.0000
791 793 0.6942 700.0000
791 794 0.6487 700.0000
791 795 0.6104 700.0000
791 825 0.7979 700.0000
791 829 0.8693 700.0000
791 833 0.7215 700.0000
792 794 0.7909 700.0000
792 795 0.5516 700.0000
792 796 0.5096 700.0000
793 795 0.7068 700.0000
793 796 0.5446 700.0000
793 797 0.6271 700.0000
794 796 0.7115 700.0000
794 797 0.5214 700.0000
794 798 0.6018 700.0000
794 818 0.6588 700.0000
794 819 0.7673 700.0000
794 825 0.7319 700.0000
794 830 0.6958 700.0000
794 833 0.6804 700.0000
794 834 0.8062 700.0000
795 797 0.7632 700.0000
795 798 0.6408 700.0000
795 799 0.7314 700.0000
795 833 0.5758 700.0000
795 834 0.8152 700.0000
795 836 0.7899 700.0000
795 837 0.5275 700.0000
795 840 0.8036 700.0000
796 798 0.6738 700.0000
796 799 0.4706 700.0000
796 800 0.6633 700.0000
796 837 0.8300 700.0000
797 799 0.6864 700.0000
797 800 0.5644 700.0000
797 801 0.6136 700.0000
797 818 0.8423 700.0000
798 800 0.7449 700.0000
798 801 0.5912 700.0000
798 802 0.6299 700.0000
798 815 0.6688 700.0000
798 818 0.8349 700.0000
798 830 0.8938 700.0000
798 833 0.7714 700.0000
798 834 0.5989 700.0000
798 837 0.6202 700.0000
798 838 0.7549 700.0000
798 841 0.8858 700.0000
799 801 0.7332 700.0000
799 802 0.6518 700.0000
799 803 0.5168 700.0000
799 837 0.6949 700.0000
799 840 0.8270 700.0000
799 841 0.6588 700.0000
800 802 0.7650 700.0000
800 803 0.5319 700.0000
800 804 0.6065 700.0000
801 803 0.6714 700.0000
801 804 0.5404 700.0000
801 805 0.6666 700.0000
801 813 0.7381 700.0000
801 815 0.7350 700.0000
802 804 0.7344 700.0000
802 805 0.6261 700.0000
802 806 0.7825 700.0000
802 813 0.6912 700.0000
802 815 0.8131 700.0000
802 837 0.8322 700.0000
802 838 0.6799 700.0000
802 841 0.5364 700.0000
802 842 0.8870 700.0000
802 850 0.6781 700.0000
802 853 0.8070 700.0000
803 805 0.7447 700.0000
803 806 0.7263 700.0000
803 807 0.7408 700.0000
803 841 0.6796 700.0000
803 845 0.8433 700.0000
804 806 0.7584 700.0000
804 807 0.5273 700.0000
804 808 0.6091 700.0000
804 810 0.8664 700.0000
805 807 0.5843 700.0000
805 808 0.5332 700.0000
805 809 0.6989 700.0000
805 810 0.4784 700.0000
805 811 0.8602 700.0000
805 812 0.7224 700.0000
805 813 0.6623 700.0000
805 849 0.7563 700.0000
805 850 0.6206 700.0000
806 808 0.6998 700.0000
806 809 0.5686 700.0000
806 810 0.6713 700.0000
806 811 0.8827 700.0000
806 845 0.8918 700.0000
806 847 0.5906 700.0000
806 848 0.5558 700.0000
806 849 0.4803 700.0000
806 850 0.5350 700.0000
807 809 0.5822 700.0000
807 810 0.7370 700.0000
807 849 0.8581 700.0000
808 810 0.4990 700.0000
808 849 0.8751 700.0000
809 811 0.7503 700.0000
809 848 0.7510 700.0000
809 849 0.5076 700.0000
809 850 0.8414 700.0000
810 812 0.6164 700.0000
810 813 0.8575 700.0000
810 849 0.5802 700.0000
810 850 0.6992 700.0000
811 849 0.4998 700.0000
811 850 0.6044 700.0000
811 851 0.4637 700.0000
811 852 0.6272 700.0000
812 814 0.7149 700.0000
812 849 0.8627 700.0000
812 850 0.6767 700.0000
812 851 0.7463 700.0000
812 852 0.4928 700.0000
812 853 0.7166 700.0000
812 854 0.6684 700.0000
813 815 0.5414 700.0000
813 850 0.7563 700.0000
813 852 0.7185 700.0000
813 853 0.5224 700.0000
813 854 0.6018 700.0000
813 855 0.8542 700.0000
814 816 0.6174 700.0000
814 853 0.6877 700.0000
814 854 0.5459 700.0000
814 855 0.7241 700.0000
814 856 0.6049 700.0000
815 817 0.7899 700.0000
815 818 0.7184 700.0000
815 834 0.6944 700.0000
815 853 0.6641 700.0000
815 854 0.7586 700.0000
815 855 0.5940 700.0000
815 856 0.7367 700.0000
816 818 0.5173 700.0000
816 819 0.8999 700.0000
816 820 0.8929 700.0000
816 830 0.8708 700.0000
816 855 0.7146 700.0000
816 856 0.5275 700.0000
816 857 0.7375 700.0000
817 819 0.5950 700.0000
817 820 0.4868 700.0000
817 821 0.7734 700.0000
817 825 0.8732 700.0000
817 827 0.7338 700.0000
817 830 0.6007 700.0000
817 831 0.8551 700.0000
817 834 0.8965 700.0000
817 855 0.8537 700.0000
817 856 0.7854 700.0000
817 857 0.7248 700.0000
817 861 0.8550 700.0000
817 864 0.6390 700.0000
817 868 0.8293 700.0000
818 820 0.6317 700.0000
818 821 0.8295 700.0000
818 823 0.8391 700.0000
818 825 0.7700 700.0000
818 830 0.6059 700.0000
818 834 0.8450 700.0000
819 821 0.4581 700.0000
819 822 0.7060 700.0000
819 823 0.4384 700.0000
819 824 0.5573 700.0000
819 825 0.4503 700.0000
819 826 0.8045 700.0000
819 827 0.8263 700.0000
819 830 0.6846 700.0000
820 822 0.7812 700.0000
820 823 0.7058 700.0000
820 824 0.5852 700.0000
820 825 0.5646 700.0000
820 826 0.6660 700.0000
820 827 0.4921 700.0000
820 830 0.6605 700.0000
820 861 0.8560 700.0000
820 863 0.8857 700.0000
820 864 0.6816 700.0000
821 823 0.5172 700.0000
821 824 0.5139 700.0000
821 825 0.7243 700.0000
821 826 0.8867 700.0000
821 827 0.8000 700.0000
822 824 0.7131 700.0000
823 825 0.6148 700.0000
824 826 0.5804 700.0000
824 827 0.8250 700.0000
825 827 0.7765 700.0000
825 829 0.6837 700.0000
825 830 0.6089 700.0000
825 833 0.8905 700.0000
826 828 0.5271 700.0000
826 829 0.4623 700.0000
826 830 0.7174 700.0000
826 831 0.8816 700.0000
827 829 0.7683 700.0000
827 830 0.7060 700.0000
827 831 0.7784 700.0000
827 861 0.7219 700.0000
827 863 0.5107 700.0000
827 864 0.4248 700.0000
827 865 0.8966 700.0000
827 867 0.6544 700.0000
827 868 0.8148 700.0000
828 830 0.7566 700.0000
828 831 0.6173 700.0000
828 832 0.5868 700.0000
828 863 0.8786 700.0000
828 864 0.8258 700.0000
828 867 0.5740 700.0000
828 868 0.8454 700.0000
828 870 0.8706 700.0000
828 871 0.8825 700.0000
829 831 0.6288 700.0000
829 832 0.5277 700.0000
829 833 0.6624 700.0000
829 867 0.8959 700.0000
830 832 0.7484 700.0000
830 833 0.5207 700.0000
830 834 0.5427 700.0000
830 835 0.8382 700.0000
830 864 0.8162 700.0000
830 867 0.8860 700.0000
830 868 0.7497 700.0000
831 833 0.5800 700.0000
831 834 0.5364 700.0000
831 835 0.5561 700.0000
831 836 0.8289 700.0000
831 855 0.8278 700.0000
831 864 0.7867 700.0000
831 867 0.5918 700.0000
831 868 0.4645 700.0000
831 871 0.6348 700.0000
831 872 0.8780 700.0000
832 834 0.7951 700.0000
832 835 0.6610 700.0000
832 836 0.7130 700.0000
832 867 0.7789 700.0000
832 868 0.8241 700.0000
832 871 0.5314 700.0000
832 874 0.7344 700.0000
832 875 0.8396 700.0000
833 835 0.6640 700.0000
833 836 0.5597 700.0000
833 837 0.6481 700.0000
833 838 0.8995 700.0000
834 836 0.6357 700.0000
834 837 0.6471 700.0000
834 838 0.6160 700.0000
834 853 0.8940 700.0000
834 855 0.7075 700.0000
834 868 0.7901 700.0000
835 837 0.7524 700.0000
835 838 0.5746 700.0000
835 839 0.6086 700.0000
835 855 0.7645 700.0000
835 868 0.7365 700.0000
835 871 0.6175 700.0000
835 872 0.7209 700.0000
835 875 0.6510 700.0000
836 838 0.6151 700.0000
836 839 0.5776 700.0000
836 840 0.6132 700.0000
836 871 0.8826 700.0000
836 875 0.7941 700.0000
837 839 0.7622 700.0000
837 840 0.4053 700.0000
837 841 0.6624 700.0000
838 840 0.6737 700.0000
838 841 0.6004 700.0000
838 842 0.6463 700.0000
838 843 0.8642 700.0000
838 853 0.7107 700.0000
839 841 0.8830 700.0000
839 842 0.6521 700.0000
839 843 0.7022 700.0000
839 875 0.6710 700.0000
840 842 0.7385 700.0000
840 843 0.6203 700.0000
840 844 0.5610 700.0000
840 845 0.8444 700.0000
841 843 0.6874 700.0000
841 844 0.6639 700.0000
841 845 0.4671 700.0000
841 847 0.7335 700.0000
841 850 0.8495 700.0000
842 844 0.6807 700.0000
842 845 0.5523 700.0000
842 846 0.8394 700.0000
842 847 0.6359 700.0000
842 850 0.8671 700.0000
843 845 0.6303 700.0000
845 847 0.5781 700.0000
846 848 0.6797 700.0000
847 849 0.6386 700.0000
847 850 0.5476 700.0000
847 851 0.7761 700.0000
848 850 0.8045 700.0000
849 851 0.5847 700.0000
850 852 0.6910 700.0000
850 853 0.7852 700.0000
852 854 0.5727 700.0000
853 855 0.5753 700.0000
854 856 0.6597 700.0000
855 857 0.7039 700.0000
855 868 0.6074 700.0000
855 872 0.8098 700.0000
856 858 0.8272 700.0000
857 859 0.6912 700.0000
857 860 0.8764 700.0000
857 861 0.6595 700.0000
857 864 0.6006 700.0000
857 865 0.5544 700.0000
857 868 0.6945 700.0000
858 860 0.4698 700.0000
858 861 0.5933 700.0000
858 862 0.8605 700.0000
858 865 0.8914 700.0000
859 861 0.6916 700.0000
859 862 0.7221 700.0000
859 865 0.7877 700.0000
860 862 0.5084 700.0000
860 863 0.8973 700.0000
860 865 0.8371 700.0000
861 863 0.5303 700.0000
861 864 0.4603 700.0000
861 865 0.5894 700.0000
862 864 0.7795 700.0000
862 865 0.5759 700.0000
862 866 0.7789 700.0000
863 865 0.7367 700.0000
863 866 0.7131 700.0000
863 867 0.7539 700.0000
864 866 0.7431 700.0000
864 867 0.5480 700.0000
864 868 0.5785 700.0000
864 869 0.8952 700.0000
865 867 0.6350 700.0000
865 868 0.6607 700.0000
865 869 0.6272 700.0000
866 868 0.7875 700.0000
866 869 0.5140 700.0000
866 870 0.5085 700.0000
867 869 0.5322 700.0000
867 870 0.5071 700.0000
867 871 0.7004 700.0000
867 872 0.8523 700.0000
867 874 0.8723 700.0000
868 870 0.7746 700.0000
868 871 0.6990 700.0000
868 872 0.6446 700.0000
869 871 0.7160 700.0000
869 872 0.5508 700.0000
869 873 0.6429 700.0000
869 874 0.8284 700.0000
870 872 0.7710 700.0000
870 873 0.5893 700.0000
870 874 0.5545 700.0000
871 873 0.6043 700.0000
871 874 0.3642 700.0000
871 875 0.4828 700.0000
871 876 0.8748 700.0000
872 874 0.7816 700.0000
872 875 0.6669 700.0000
872 876 0.7104 700.0000
873 875 0.6939 700.0000
873 876 0.5004 700.0000
874 876 0.8232 700.0000
902 904 0.6208 700.0000
902 905 0.4628 700.0000
902 906 0.8310 700.0000
903 905 0.5724 700.0000
903 906 0.7860 700.0000
903 919 0.8134 700.0000
904 906 0.5139 700.0000
904 917 0.7368 700.0000
904 918 0.5653 700.0000
904 919 0.5133 700.0000
904 920 0.8999 700.0000
904 1056 0.8989 700.0000
904 1062 0.7050 700.0000
905 907 0.7121 700.0000
905 916 0.6540 700.0000
905 917 0.6154 700.0000
905 918 0.5563 700.0000
905 919 0.7089 700.0000
905 1053 0.8959 700.0000
905 1062 0.8749 700.0000
906 916 0.7984 700.0000
906 917 0.5369 700.0000
906 918 0.6994 700.0000
906 919 0.8750 700.0000
906 1062 0.6484 700.0000
906 1063 0.8547 700.0000
906 1065 0.8884 700.0000
906 1066 0.5363 700.0000
906 1069 0.7226 700.0000
907 909 0.7878 700.0000
907 914 0.6153 700.0000
907 915 0.6894 700.0000
907 916 0.5084 700.0000
907 917 0.7761 700.0000
907 1051 0.8998 700.0000
907 1069 0.8586 700.0000
908 910 0.5686 700.0000
908 911 0.8689 700.0000
908 913 0.8283 700.0000
908 914 0.7116 700.0000
908 915 0.4862 700.0000
908 916 0.7942 700.0000
908 917 0.8685 700.0000
908 1034 0.8369 700.0000
908 1069 0.5286 700.0000
908 1070 0.8650 700.0000
908 1072 0.8662 700.0000
908 1073 0.7880 700.0000
909 911 0.4174 700.0000
909 912 0.6065 700.0000
909 913 0.6031 700.0000
909 914 0.5875 700.0000
909 915 0.8568 700.0000
910 912 0.6329 700.0000
910 913 0.4662 700.0000
910 914 0.7180 700.0000
910 915 0.6552 700.0000
910 1034 0.7497 700.0000
910 1037 0.5834 700.0000
910 1038 0.6871 700.0000
910 1041 0.6913 700.0000
910 1052 0.8771 700.0000
910 1072 0.8920 700.0000
911 913 0.5507 700.0000
911 914 0.8189 700.0000
911 1041 0.6673 700.0000
911 1046 0.8749 700.0000
912 914 0.7200 700.0000
912 1041 0.6450 700.0000
912 1046 0.5831 700.0000
912 1049 0.7611 700.0000
912 1050 0.5980 700.0000
913 915 0.7227 700.0000
913 1037 0.6543 700.0000
913 1040 0.8281 700.0000
913 1041 0.7011 700.0000
913 1046 0.7012 700.0000
913 1049 0.6356 700.0000
913 1050 0.5733 700.0000
913 1051 0.7303 700.0000
913 1052 0.6495 700.0000
914 916 0.6214 700.0000
914 1049 0.8934 700.0000
914 1050 0.6723 700.0000
914 1051 0.4853 700.0000
914 1052 0.6254 700.0000
915 917 0.6153 700.0000
915 1033 0.7880 700.0000
915 1034 0.6833 700.0000
915 1037 0.7296 700.0000
915 1051 0.7942 700.0000
915 1052 0.5141 700.0000
915 1053 0.7664 700.0000
915 1054 0.6823 700.0000
915 1065 0.8425 700.0000
915 1069 0.6631 700.0000
916 918 0.6684 700.0000
916 1051 0.5983 700.0000
916 1052 0.6306 700.0000
916 1053 0.4594 700.0000
916 1054 0.6699 700.0000
917 919 0.7666 700.0000
917 1052 0.8767 700.0000
917 1053 0.6341 700.0000
917 1054 0.4656 700.0000
917 1055 0.7161 700.0000
917 1056 0.6877 700.0000
917 1062 0.6245 700.0000
917 1065 0.6176 700.0000
917 1066 0.8430 700.0000
917 1069 0.7252 700.0000
918 920 0.5763 700.0000
918 1053 0.6044 700.0000
918 1054 0.5661 700.0000
918 1055 0.5112 700.0000
918 1056 0.5003 700.0000
918 1062 0.6487 700.0000
918 1065 0.8880 700.0000
919 921 0.8551 700.0000
919 1055 0.6833 700.0000
919 1056 0.5268 700.0000
919 1057 0.7465 700.0000
919 1058 0.8573 700.0000
919 1059 0.7467 700.0000
919 1062 0.6846 700.0000
920 922 0.6890 700.0000
920 923 0.8837 700.0000
920 924 0.7817 700.0000
920 925 0.7820 700.0000
920 1054 0.8921 700.0000
920 1055 0.5126 700.0000
920 1056 0.5198 700.0000
920 1057 0.5188 700.0000
920 1058 0.8309 700.0000
921 923 0.4441 700.0000
921 924 0.4282 700.0000
921 925 0.6666 700.0000
921 947 0.8194 700.0000
921 1055 0.7284 700.0000
921 1057 0.6671 700.0000
922 924 0.6774 700.0000
922 925 0.5334 700.0000
922 930 0.6499 700.0000
922 931 0.7869 700.0000
922 944 0.7221 700.0000
922 947 0.7868 700.0000
922 948 0.6740 700.0000
922 979 0.8601 700.0000
922 1013 0.6371 700.0000
922 1014 0.7750 700.0000
922 1015 0.6953 700.0000
922 1053 0.8480 700.0000
922 1055 0.5431 700.0000
922 1056 0.8983 700.0000
923 925 0.6618 700.0000
923 930 0.8596 700.0000
923 944 0.8812 700.0000
923 947 0.6203 700.0000
923 948 0.6260 700.0000
923 951 0.5474 700.0000
923 952 0.8778 700.0000
923 979 0.6430 700.0000
923 980 0.8346 700.0000
924 951 0.8651 700.0000
924 979 0.8903 700.0000
924 980 0.7628 700.0000
925 927 0.7009 700.0000
925 930 0.8048 700.0000
925 979 0.8994 700.0000
925 980 0.7101 700.0000
925 1013 0.6066 700.0000
925 1053 0.6781 700.0000
925 1055 0.7193 700.0000
926 928 0.8213 700.0000
926 980 0.4458 700.0000
926 981 0.7700 700.0000
926 1011 0.8502 700.0000
926 1013 0.8698 700.0000
927 929 0.5201 700.0000
927 930 0.6335 700.0000
927 979 0.8830 700.0000
927 980 0.7435 700.0000
927 981 0.5435 700.0000
927 982 0.6863 700.0000
927 983 0.8795 700.0000
927 1009 0.8756 700.0000
927 1010 0.7854 700.0000
927 1011 0.4725 700.0000
927 1012 0.6767 700.0000
927 1013 0.5825 700.0000
927 1051 0.8567 700.0000
927 1053 0.8843 700.0000
928 930 0.8268 700.0000
928 981 0.6610 700.0000
928 982 0.4733 700.0000
928 983 0.7287 700.0000
928 1004 0.7613 700.0000
928 1009 0.4797 700.0000
928 1010 0.5498 700.0000
928 1011 0.3997 700.0000
928 1012 0.6971 700.0000
928 1013 0.8500 700.0000
929 931 0.6510 700.0000
929 981 0.6076 700.0000
929 982 0.6887 700.0000
929 983 0.5825 700.0000
929 984 0.6647 700.0000
929 985 0.6341 700.0000
929 1000 0.7940 700.0000
929 1004 0.6614 700.0000
929 1009 0.6565 700.0000
929 1010 0.8441 700.0000
929 1011 0.5757 700.0000
929 1012 0.4947 700.0000
929 1013 0.5896 700.0000
929 1014 0.8679 700.0000
930 932 0.7300 700.0000
930 948 0.7359 700.0000
930 976 0.7714 700.0000
930 979 0.7043 700.0000
930 981 0.5557 700.0000
930 983 0.7337 700.0000
930 984 0.5125 700.0000
930 985 0.6723 700.0000
930 986 0.8592 700.0000
930 1011 0.8921 700.0000
930 1012 0.7376 700.0000
930 1013 0.5146 700.0000
930 1014 0.7620 700.0000
930 1015 0.8754 700.0000
931 933 0.6910 700.0000
931 944 0.8958 700.0000
931 948 0.8396 700.0000
931 984 0.6735 700.0000
931 985 0.5185 700.0000
931 986 0.6972 700.0000
931 987 0.6494 700.0000
931 997 0.8934 700.0000
931 1000 0.7550 700.0000
931 1012 0.7522 700.0000
931 1013 0.6360 700.0000
931 1014 0.5202 700.0000
931 1015 0.5828 700.0000
931 1017 0.8025 700.0000
932 934 0.5259 700.0000
932 935 0.8740 700.0000
932 938 0.8369 700.0000
932 940 0.8274 700.0000
932 944 0.6507 700.0000
932 945 0.5171 700.0000
932 947 0.8900 700.0000
932 948 0.5822 700.0000
932 949 0.7719 700.0000
932 972 0.8796 700.0000
932 984 0.6624 700.0000
932 985 0.6803 700.0000
932 986 0.4417 700.0000
932 987 0.5607 700.0000
932 988 0.8942 700.0000
932 1015 0.7866 700.0000
932 1017 0.8992 700.0000
933 935 0.7545 700.0000
933 940 0.7487 700.0000
933 942 0.8343 700.0000
933 943 0.8104 700.0000
933 944 0.5854 700.0000
933 945 0.5793 700.0000
933 948 0.8692 700.0000
933 986 0.7731 700.0000
933 987 0.5364 700.0000
933 988 0.7106 700.0000
933 989 0.5281 700.0000
933 990 0.8783 700.0000
933 1015 0.6621 700.0000
933 1016 0.7843 700.0000
933 1017 0.5828 700.0000
933 1018 0.6867 700.0000
933 1020 0.8901 700.0000
934 936 0.7347 700.0000
934 937 0.7137 700.0000
934 938 0.5587 700.0000
934 939 0.7398 700.0000
934 940 0.4990 700.0000
934 942 0.8040 700.0000
934 944 0.8414 700.0000
934 945 0.5905 700.0000
934 986 0.6477 700.0000
934 987 0.5585 700.0000
934 988 0.5621 700.0000
934 989 0.6236 700.0000
934 990 0.8897 700.0000
935 937 0.4251 700.0000
935 938 0.4990 700.0000
935 939 0.5893 700.0000
935 940 0.5150 700.0000
935 945 0.8504 700.0000
935 986 0.8867 700.0000
935 987 0.7980 700.0000
935 988 0.5809 700.0000
935 989 0.7374 700.0000
935 990 0.8776 700.0000
936 938 0.6036 700.0000
936 939 0.7991 700.0000
936 940 0.8972 700.0000
936 964 0.8924 700.0000
936 967 0.8134 700.0000
936 970 0.8974 700.0000
936 988 0.6348 700.0000
937 939 0.4313 700.0000
937 940 0.7291 700.0000
937 960 0.8474 700.0000
937 961 0.8350 700.0000
937 964 0.7070 700.0000
937 967 0.8812 700.0000
937 988 0.8812 700.0000
938 940 0.8157 700.0000
938 960 0.5770 700.0000
938 961 0.7725 700.0000
938 963 0.7852 700.0000
938 964 0.5855 700.0000
938 967 0.7486 700.0000
938 970 0.8882 700.0000
938 972 0.5731 700.0000
938 986 0.6013 700.0000
938 987 0.7554 700.0000
938 988 0.7089 700.0000
939 941 0.6257 700.0000
939 945 0.8738 700.0000
939 957 0.7863 700.0000
939 960 0.7692 700.0000
939 961 0.7768 700.0000
940 942 0.4374 700.0000
940 943 0.7144 700.0000
940 944 0.8325 700.0000
940 945 0.5019 700.0000
940 946 0.7621 700.0000
940 949 0.8379 700.0000
940 1021 0.8697 700.0000
941 943 0.8123 700.0000
941 945 0.6686 700.0000
941 946 0.5085 700.0000
941 947 0.8710 700.0000
941 949 0.6590 700.0000
941 950 0.7466 700.0000
941 957 0.7627 700.0000
942 944 0.6331 700.0000
942 945 0.4886 700.0000
942 946 0.5036 700.0000
942 947 0.7927 700.0000
942 949 0.8958 700.0000
942 1021 0.7172 700.0000
943 945 0.5023 700.0000
943 946 0.5001 700.0000
943 947 0.6225 700.0000
943 948 0.8265 700.0000
943 1020 0.8628 700.0000
943 1021 0.7827 700.0000
944 946 0.7011 700.0000
944 947 0.5476 700.0000
944 948 0.5801 700.0000
944 949 0.8632 700.0000
944 1015 0.7111 700.0000
944 1016 0.8674 700.0000
945 947 0.5661 700.0000
945 948 0.5107 700.0000
945 949 0.5583 700.0000
945 950 0.8394 700.0000
945 986 0.8438 700.0000
946 948 0.7365 700.0000
946 949 0.6369 700.0000
946 950 0.4813 700.0000
946 951 0.8715 700.0000
947 949 0.5801 700.0000
947 950 0.4877 700.0000
947 951 0.5424 700.0000
947 952 0.8229 700.0000
948 950 0.7161 700.0000
948 951 0.5932 700.0000
948 952 0.6514 700.0000
948 953 0.8498 700.0000
948 956 0.8764 700.0000
948 979 0.7205 700.0000
948 984 0.7658 700.0000
948 986 0.8631 700.0000
949 951 0.6807 700.0000
949 952 0.5659 700.0000
949 953 0.5642 700.0000
949 954 0.8487 700.0000
949 956 0.6179 700.0000
949 957 0.5461 700.0000
949 960 0.8479 700.0000
949 986 0.8884 700.0000
950 952 0.7281 700.0000
950 953 0.7101 700.0000
950 957 0.8862 700.0000
951 953 0.6753 700.0000
951 977 0.8634 700.0000
951 978 0.6814 700.0000
951 979 0.6041 700.0000
952 954 0.8047 700.0000
952 955 0.7405 700.0000
952 956 0.5758 700.0000
952 957 0.8019 700.0000
952 975 0.7958 700.0000
952 976 0.5753 700.0000
952 977 0.4881 700.0000
952 978 0.4760 700.0000
952 979 0.5239 700.0000
952 984 0.8479 700.0000
953 955 0.5341 700.0000
953 956 0.5018 700.0000
953 957 0.5754 700.0000
953 958 0.8383 700.0000
953 976 0.7945 700.0000
953 977 0.6611 700.0000
953 978 0.6071 700.0000
953 979 0.8444 700.0000
954 956 0.7346 700.0000
954 957 0.5279 700.0000
954 958 0.6059 700.0000
955 957 0.6953 700.0000
955 958 0.4667 700.0000
955 959 0.6185 700.0000
955 975 0.8177 700.0000
955 976 0.8719 700.0000
955 977 0.7283 700.0000
955 978 0.8328 700.0000
956 958 0.6802 700.0000
956 959 0.4649 700.0000
956 960 0.5612 700.0000
956 961 0.8641 700.0000
956 974 0.5573 700.0000
956 975 0.5864 700.0000
956 976 0.6747 700.0000
956 977 0.7041 700.0000
956 984 0.7192 700.0000
956 986 0.8234 700.0000
957 959 0.7761 700.0000
957 960 0.6138 700.0000
957 961 0.7152 700.0000
958 960 0.8031 700.0000
958 961 0.7116 700.0000
958 962 0.7086 700.0000
959 961 0.7116 700.0000
959 962 0.6080 700.0000
959 963 0.6264 700.0000
959 972 0.8512 700.0000
959 973 0.8221 700.0000
959 974 0.5031 700.0000
959 975 0.6218 700.0000
959 976 0.8986 700.0000
959 984 0.8829 700.0000
960 962 0.6937 700.0000
960 963 0.5671 700.0000
960 964 0.6713 700.0000
960 972 0.6230 700.0000
960 973 0.8791 700.0000
960 974 0.6699 700.0000
960 984 0.8867 700.0000
960 986 0.6386 700.0000
961 963 0.6795 700.0000
961 964 0.5642 700.0000
961 965 0.6207 700.0000
962 964 0.7109 700.0000
962 965 0.6033 700.0000
962 966 0.6821 700.0000
963 965 0.7449 700.0000
963 966 0.5349 700.0000
963 967 0.8258 700.0000
963 972 0.5013 700.0000
963 973 0.6798 700.0000
963 974 0.7458 700.0000
963 986 0.8546 700.0000
964 966 0.6016 700.0000
964 967 0.5159 700.0000
964 972 0.7272 700.0000
965 967 0.8055 700.0000
966 968 0.7187 700.0000
967 969 0.6496 700.0000
967 970 0.6926 700.0000
967 971 0.8926 700.0000
967 972 0.8173 700.0000
969 971 0.4429 700.0000
969 972 0.7517 700.0000
970 972 0.8455 700.0000
970 987 0.7572 700.0000
970 988 0.5990 700.0000
970 991 0.6925 700.0000
970 995 0.8492 700.0000
970 996 0.7731 700.0000
970 999 0.8639 700.0000
971 973 0.6718 700.0000
971 985 0.6722 700.0000
971 986 0.7915 700.0000
971 987 0.7215 700.0000
971 988 0.8952 700.0000
971 996 0.8138 700.0000
971 999 0.6321 700.0000
971 1000 0.7620 700.0000
971 1003 0.7334 700.0000
972 974 0.6629 700.0000
972 984 0.7946 700.0000
972 985 0.6416 700.0000
972 986 0.4495 700.0000
972 987 0.7477 700.0000
973 975 0.7041 700.0000
973 983 0.6131 700.0000
973 984 0.6383 700.0000
973 985 0.5416 700.0000
973 986 0.6607 700.0000
973 1003 0.8009 700.0000
974 976 0.6209 700.0000
974 977 0.8288 700.0000
974 981 0.8863 700.0000
974 983 0.5494 700.0000
974 984 0.4247 700.0000
974 985 0.7081 700.0000
974 986 0.6246 700.0000
975 977 0.5553 700.0000
975 979 0.8217 700.0000
975 981 0.6810 700.0000
975 982 0.7965 700.0000
975 983 0.4681 700.0000
975 984 0.4946 700.0000
975 985 0.8929 700.0000
975 986 0.8793 700.0000
976 978 0.6809 700.0000
976 979 0.4737 700.0000
976 981 0.4506 700.0000
976 982 0.7541 700.0000
976 983 0.5966 700.0000
976 984 0.5532 700.0000
977 979 0.5157 700.0000
977 981 0.6650 700.0000
977 983 0.8698 700.0000
977 984 0.8297 700.0000
979 981 0.4949 700.0000
979 984 0.7816 700.0000
981 983 0.5526 700.0000
981 984 0.6446 700.0000
981 1013 0.8934 700.0000
982 984 0.8997 700.0000
982 1007 0.8943 700.0000
982 1009 0.6365 700.0000
982 1011 0.8698 700.0000
983 985 0.6850 700.0000
983 1004 0.8941 700.0000
983 1007 0.8205 700.0000
983 1009 0.7291 700.0000
984 986 0.5229 700.0000
985 987 0.6386 700.0000
985 999 0.8737 700.0000
985 1000 0.6089 700.0000
985 1003 0.8335 700.0000
985 1004 0.8261 700.0000
986 988 0.8740 700.0000
987 989 0.6260 700.0000
987 990 0.8613 700.0000
987 991 0.7669 700.0000
987 996 0.6239 700.0000
987 997 0.8846 700.0000
987 1000 0.8399 700.0000
987 1017 0.7439 700.0000
988 990 0.5361 700.0000
988 991 0.4549 700.0000
988 996 0.7569 700.0000
988 1017 0.8957 700.0000
989 991 0.5382 700.0000
989 992 0.8739 700.0000
989 993 0.7693 700.0000
989 996 0.8399 700.0000
989 1017 0.5690 700.0000
989 1018 0.5079 700.0000
989 1019 0.8727 700.0000
989 1020 0.8351 700.0000
989 1021 0.8680 700.0000
989 1022 0.6043 700.0000
989 1024 0.7481 700.0000
990 992 0.7295 700.0000
990 993 0.7859 700.0000
990 1017 0.8162 700.0000
990 1018 0.6876 700.0000
990 1022 0.6116 700.0000
990 1024 0.7036 700.0000
991 993 0.7016 700.0000
991 995 0.7549 700.0000
991 996 0.6657 700.0000
992 994 0.5742 700.0000
992 995 0.4638 700.0000
992 996 0.5747 700.0000
992 997 0.8240 700.0000
992 998 0.8934 700.0000
992 1032 0.7645 700.0000
993 995 0.6135 700.0000
993 996 0.5105 700.0000
993 997 0.5990 700.0000
993 998 0.8480 700.0000
993 1016 0.8999 700.0000
993 1017 0.5735 700.0000
993 1018 0.8319 700.0000
993 1024 0.7824 700.0000
993 1029 0.6066 700.0000
993 1030 0.8598 700.0000
993 1032 0.5251 700.0000
993 1033 0.6412 700.0000
993 1036 0.8372 700.0000
994 996 0.7113 700.0000
994 997 0.6340 700.0000
994 998 0.6033 700.0000
994 1031 0.8725 700.0000
994 1032 0.4843 700.0000
994 1033 0.7138 700.0000
994 1034 0.8659 700.0000
994 1035 0.5395 700.0000
994 1036 0.4690 700.0000
994 1037 0.8563 700.0000
994 1039 0.6900 700.0000
995 997 0.5939 700.0000
995 998 0.4915 700.0000
995 999 0.5743 700.0000
995 1000 0.8687 700.0000
995 1032 0.8920 700.0000
995 1036 0.7986 700.0000
996 998 0.5752 700.0000
996 999 0.5309 700.0000
996 1000 0.6569 700.0000
996 1001 0.8929 700.0000
996 1017 0.7793 700.0000
996 1036 0.8825 700.0000
997 999 0.5815 700.0000
997 1000 0.5137 700.0000
997 1001 0.5770 700.0000
997 1002 0.8733 700.0000
997 1014 0.8149 700.0000
997 1017 0.8250 700.0000
997 1032 0.7535 700.0000
997 1033 0.6085 700.0000
997 1036 0.5590 700.0000
997 1037 0.7521 700.0000
998 1000 0.5905 700.0000
998 1001 0.5096 700.0000
998 1002 0.5591 700.0000
998 1036 0.5341 700.0000
998 1037 0.7947 700.0000
998 1039 0.7481 700.0000
998 1040 0.6771 700.0000
999 1001 0.6101 700.0000
999 1002 0.4907 700.0000
999 1003 0.6634 700.0000
999 1004 0.8561 700.0000
1000 1002 0.6570 700.0000
1000 1003 0.6408 700.0000
1000 1004 0.5639 700.0000
1000 1012 0.7405 700.0000
1001 1003 0.7786 700.0000
1001 1004 0.5644 700.0000
1001 1005 0.7039 700.0000
1001 1012 0.7427 700.0000
1001 1036 0.7260 700.0000
1001 1037 0.7127 700.0000
1001 1040 0.5209 700.0000
1001 1045 0.8101 700.0000
1001 1046 0.8579 700.0000
1001 1049 0.6631 700.0000
1001 1052 0.8479 700.0000
1002 1004 0.7359 700.0000
1002 1005 0.6954 700.0000
1002 1006 0.7155 700.0000
1002 1040 0.6617 700.0000
1002 1043 0.8916 700.0000
1002 1045 0.7366 700.0000
1003 1005 0.7545 700.0000
1003 1006 0.4312 700.0000
1003 1007 0.5640 700.0000
1003 1009 0.8108 700.0000
1004 1006 0.7042 700.0000
1004 1007 0.5754 700.0000
1004 1008 0.7346 700.0000
1004 1009 0.4547 700.0000
1004 1010 0.7623 700.0000
1004 1011 0.7709 700.0000
1004 1012 0.6911 700.0000
1004 1048 0.7552 700.0000
1004 1049 0.6681 700.0000
1005 1007 0.7497 700.0000
1005 1008 0.5596 700.0000
1005 1009 0.7429 700.0000
1005 1010 0.8553 700.0000
1005 1040 0.7643 700.0000
1005 1045 0.6189 700.0000
1005 1046 0.6453 700.0000
1005 1047 0.5913 700.0000
1005 1048 0.4363 700.0000
1005 1049 0.5610 700.0000
1006 1008 0.7303 700.0000
1006 1009 0.8405 700.0000
1007 1009 0.4569 700.0000
1008 1010 0.7920 700.0000
1008 1047 0.8443 700.0000
1008 1048 0.5320 700.0000
1008 1049 0.8519 700.0000
1009 1011 0.6845 700.0000
1009 1012 0.8487 700.0000
1009 1048 0.7616 700.0000
1009 1049 0.8326 700.0000
1010 1012 0.6992 700.0000
1010 1048 0.5800 700.0000
1010 1049 0.5239 700.0000
1010 1050 0.5370 700.0000
1010 1051 0.6552 700.0000
1010 1052 0.8926 700.0000
1011 1013 0.6755 700.0000
1011 1048 0.8927 700.0000
1011 1049 0.7109 700.0000
1011 1050 0.7855 700.0000
1011 1051 0.5435 700.0000
1011 1052 0.7370 700.0000
1011 1053 0.8610 700.0000
1012 1014 0.6411 700.0000
1012 1049 0.7384 700.0000
1012 1051 0.6252 700.0000
1012 1052 0.4890 700.0000
1012 1053 0.7061 700.0000
1012 1054 0.8874 700.0000
1013 1015 0.7527 700.0000
1013 1051 0.7826 700.0000
1013 1052 0.7030 700.0000
1013 1053 0.4790 700.0000
1013 1054 0.6961 700.0000
1013 1055 0.6613 700.0000
1014 1016 0.6779 700.0000
1014 1017 0.7099 700.0000
1014 1033 0.7907 700.0000
1014 1052 0.7031 700.0000
1014 1053 0.6421 700.0000
1014 1054 0.4701 700.0000
1014 1055 0.5878 700.0000
1015 1017 0.5112 700.0000
1015 1018 0.8278 700.0000
1015 1019 0.8430 700.0000
1015 1053 0.8934 700.0000
1015 1054 0.6193 700.0000
1015 1055 0.5512 700.0000
1015 1056 0.7569 700.0000
1016 1018 0.5746 700.0000
1016 1019 0.4917 700.0000
1016 1020 0.7944 700.0000
1016 1024 0.8636 700.0000
1016 1026 0.7771 700.0000
1016 1029 0.6249 700.0000
1016 1030 0.8469 700.0000
1016 1033 0.8609 700.0000
1016 1054 0.7167 700.0000
1016 1055 0.7340 700.0000
1016 1056 0.6947 700.0000
1016 1061 0.7615 700.0000
1016 1065 0.8040 700.0000
1017 1019 0.6611 700.0000
1017 1020 0.8663 700.0000
1017 1022 0.8872 700.0000
1017 1024 0.7471 700.0000
1017 1029 0.6219 700.0000
1017 1033 0.7917 700.0000
1018 1020 0.4448 700.0000
1018 1021 0.7042 700.0000
1018 1022 0.4507 700.0000
1018 1023 0.7242 700.0000
1018 1024 0.4609 700.0000
1018 1026 0.8331 700.0000
1018 1029 0.7272 700.0000
1019 1021 0.7905 700.0000
1019 1022 0.6711 700.0000
1019 1023 0.7493 700.0000
1019 1024 0.5911 700.0000
1019 1025 0.7853 700.0000
1019 1026 0.5965 700.0000
1019 1029 0.7106 700.0000
1019 1058 0.8685 700.0000
1019 1061 0.7653 700.0000
1020 1022 0.4777 700.0000
1020 1023 0.5591 700.0000
1020 1024 0.7234 700.0000
1021 1023 0.6375 700.0000
1022 1024 0.5326 700.0000
1023 1025 0.8906 700.0000
1024 1026 0.6961 700.0000
1024 1028 0.7549 700.0000
1024 1029 0.6242 700.0000
1025 1027 0.5393 700.0000
1025 1028 0.5592 700.0000
1025 1029 0.7145 700.0000
1025 1064 0.8619 700.0000
1026 1028 0.6649 700.0000
1026 1029 0.5349 700.0000
1026 1030 0.6812 700.0000
1026 1060 0.8523 700.0000
1026 1061 0.6022 700.0000
1026 1064 0.5955 700.0000
1026 1065 0.7297 700.0000
1027 1029 0.6662 700.0000
1027 1030 0.5713 700.0000
1027 1031 0.5858 700.0000
1027 1064 0.5723 700.0000
1027 1065 0.7669 700.0000
1027 1067 0.7967 700.0000
1027 1068 0.5959 700.0000
1027 1071 0.8545 700.0000
1028 1030 0.6359 700.0000
1028 1031 0.4630 700.0000
1028 1032 0.6818 700.0000
1028 1068 0.8853 700.0000
1029 1031 0.6803 700.0000
1029 1032 0.5479 700.0000
1029 1033 0.5945 700.0000
1029 1034 0.8853 700.0000
1029 1064 0.8823 700.0000
1029 1065 0.7094 700.0000
1030 1032 0.5230 700.0000
1030 1033 0.4968 700.0000
1030 1034 0.5727 700.0000
1030 1035 0.8137 700.0000
1030 1064 0.7092 700.0000
1030 1065 0.4725 700.0000
1030 1067 0.8744 700.0000
1030 1068 0.5627 700.0000
1030 1069 0.8443 700.0000
1031 1033 0.7475 700.0000
1031 1034 0.6376 700.0000
1031 1035 0.5850 700.0000
1031 1068 0.6478 700.0000
1031 1071 0.8401 700.0000
1031 1072 0.7785 700.0000
1032 1034 0.5677 700.0000
1032 1035 0.4681 700.0000
1032 1036 0.6090 700.0000
1032 1037 0.8436 700.0000
1033 1035 0.6693 700.0000
1033 1036 0.5871 700.0000
1033 1037 0.6526 700.0000
1033 1052 0.8697 700.0000
1033 1054 0.8047 700.0000
1033 1065 0.7794 700.0000
1034 1036 0.6245 700.0000
1034 1037 0.5552 700.0000
1034 1038 0.6739 700.0000
1034 1065 0.8332 700.0000
1034 1068 0.7370 700.0000
1034 1069 0.7663 700.0000
1034 1072 0.6161 700.0000
1035 1037 0.6833 700.0000
1035 1038 0.5392 700.0000
1035 1039 0.6301 700.0000
1035 1072 0.7817 700.0000
1036 1038 0.6236 700.0000
1036 1039 0.5004 700.0000
1036 1040 0.6667 700.0000
1036 1041 0.8432 700.0000
1037 1039 0.6939 700.0000
1037 1040 0.6045 700.0000
1037 1041 0.6512 700.0000
1037 1052 0.7326 700.0000
1038 1040 0.8397 700.0000
1038 1041 0.6252 700.0000
1038 1042 0.5226 700.0000
1038 1043 0.8778 700.0000
1038 1072 0.7869 700.0000
1039 1041 0.6893 700.0000
1039 1042 0.5270 700.0000
1039 1043 0.5326 700.0000
1040 1042 0.7858 700.0000
1040 1043 0.5755 700.0000
1040 1044 0.6448 700.0000
1040 1045 0.4366 700.0000
1040 1046 0.5537 700.0000
1040 1049 0.7315 700.0000
1041 1043 0.6414 700.0000
1041 1044 0.5686 700.0000
1041 1045 0.6231 700.0000
1041 1046 0.5577 700.0000
1042 1044 0.7509 700.0000
1043 1045 0.5833 700.0000
1043 1046 0.8972 700.0000
1044 1046 0.5288 700.0000
1044 1047 0.6542 700.0000
1045 1047 0.5715 700.0000
1045 1048 0.8225 700.0000
1045 1049 0.8008 700.0000
1046 1048 0.5961 700.0000
1046 1049 0.5318 700.0000
1046 1050 0.6805 700.0000
1047 1049 0.7430 700.0000
1047 1050 0.8472 700.0000
1048 1050 0.5655 700.0000
1049 1051 0.7754 700.0000
1049 1052 0.7726 700.0000
1050 1052 0.8643 700.0000
1051 1053 0.6237 700.0000
1052 1054 0.6860 700.0000
1053 1055 0.5579 700.0000
1053 1056 0.8921 700.0000
1054 1056 0.6149 700.0000
1054 1062 0.8718 700.0000
1054 1065 0.6906 700.0000
1055 1057 0.8136 700.0000
1056 1058 0.5903 700.0000
1056 1059 0.6968 700.0000
1056 1061 0.5884 700.0000
1056 1062 0.5652 700.0000
1056 1065 0.7708 700.0000
1057 1059 0.7742 700.0000
1058 1060 0.5208 700.0000
1058 1061 0.5520 700.0000
1058 1062 0.7850 700.0000
1059 1061 0.5873 700.0000
1059 1062 0.5623 700.0000
1059 1063 0.6571 700.0000
1060 1062 0.7749 700.0000
1060 1063 0.6829 700.0000
1060 1064 0.7971 700.0000
1061 1063 0.6061 700.0000
1061 1064 0.5266 700.0000
1061 1065 0.5987 700.0000
1062 1064 0.6447 700.0000
1062 1065 0.5953 700.0000
1062 1066 0.7170 700.0000
1062 1067 0.8951 700.0000
1063 1065 0.7679 700.0000
1063 1066 0.6375 700.0000
1063 1067 0.7114 700.0000
1064 1066 0.7647 700.0000
1064 1067 0.5355 700.0000
1064 1068 0.5969 700.0000
1064 1069 0.8773 700.0000
1065 1067 0.7057 700.0000
1065 1068 0.6050 700.0000
1065 1069 0.6605 700.0000
1066 1068 0.7687 700.0000
1066 1069 0.5413 700.0000
1066 1070 0.5256 700.0000
1067 1069 0.5821 700.0000
1067 1070 0.5639 700.0000
1067 1071 0.5142 700.0000
1068 1070 0.7565 700.0000
1068 1071 0.4257 700.0000
1068 1072 0.6533 700.0000
1069 1071 0.7540 700.0000
1069 1072 0.7382 700.0000
1069 1073 0.7452 700.0000
1070 1072 0.8627 700.0000
1070 1073 0.4399 700.0000
1071 1073 0.8270 700.0000
1209 1211 0.8093 700.0000
1209 1212 0.6297 700.0000
1209 1213 0.7101 700.0000
1210 1212 0.6759 700.0000
1210 1213 0.4875 700.0000
1210 1214 0.6938 700.0000
1210 1237 0.6301 700.0000
1210 1240 0.6680 700.0000
1211 1213 0.8351 700.0000
1211 1214 0.6061 700.0000
1211 1215 0.6117 700.0000
1211 1236 0.7269 700.0000
1211 1237 0.6968 700.0000
1212 1214 0.5679 700.0000
1212 1215 0.5242 700.0000
1212 1216 0.6226 700.0000
1212 1217 0.8903 700.0000
1213 1215 0.8148 700.0000
1213 1216 0.6900 700.0000
1213 1217 0.6483 700.0000
1213 1237 0.8532 700.0000
1213 1240 0.5933 700.0000
1213 1244 0.7706 700.0000
1214 1216 0.5745 700.0000
1214 1217 0.4947 700.0000
1214 1218 0.5803 700.0000
1214 1219 0.8895 700.0000
1214 1235 0.8994 700.0000
1214 1236 0.4638 700.0000
1214 1237 0.6121 700.0000
1214 1239 0.6807 700.0000
1214 1240 0.5433 700.0000
1215 1217 0.6879 700.0000
1215 1218 0.5624 700.0000
1215 1219 0.7137 700.0000
1215 1236 0.5363 700.0000
1216 1218 0.6263 700.0000
1216 1219 0.6251 700.0000
1216 1220 0.6997 700.0000
1217 1219 0.7100 700.0000
1217 1220 0.6067 700.0000
1217 1221 0.5008 700.0000
1217 1236 0.7839 700.0000
1217 1239 0.6552 700.0000
1217 1240 0.6289 700.0000
1217 1243 0.7371 700.0000
1217 1244 0.8892 700.0000
1218 1220 0.6618 700.0000
1218 1221 0.5805 700.0000
1218 1222 0.6692 700.0000
1218 1236 0.5598 700.0000
1218 1239 0.6695 700.0000
1218 1240 0.8929 700.0000
1218 1286 0.7443 700.0000
1219 1221 0.7761 700.0000
1219 1286 0.6300 700.0000
1219 1287 0.8864 700.0000
1220 1285 0.7184 700.0000
1220 1286 0.5292 700.0000
1220 1287 0.6590 700.0000
1221 1223 0.6970 700.0000
1221 1239 0.6361 700.0000
1221 1240 0.8867 700.0000
1221 1243 0.6487 700.0000
1221 1283 0.5940 700.0000
1221 1284 0.6704 700.0000
1221 1285 0.5859 700.0000
1221 1286 0.6081 700.0000
1222 1224 0.5485 700.0000
1222 1233 0.6098 700.0000
1222 1234 0.7930 700.0000
1222 1239 0.6690 700.0000
1222 1282 0.7880 700.0000
1222 1283 0.7231 700.0000
1222 1284 0.4831 700.0000
1222 1285 0.7619 700.0000
1222 1286 0.6640 700.0000
1223 1233 0.8916 700.0000
1223 1234 0.6340 700.0000
1223 1238 0.7959 700.0000
1223 1239 0.5244 700.0000
1223 1242 0.4914 700.0000
1223 1243 0.6373 700.0000
1223 1246 0.8066 700.0000
1223 1266 0.8743 700.0000
1223 1269 0.8431 700.0000
1223 1281 0.6872 700.0000
1223 1282 0.6667 700.0000
1223 1283 0.4999 700.0000
1223 1284 0.7058 700.0000
1224 1226 0.7062 700.0000
1224 1231 0.5455 700.0000
1224 1232 0.6807 700.0000
1224 1233 0.4957 700.0000
1224 1234 0.6389 700.0000
1224 1280 0.8445 700.0000
1224 1281 0.6853 700.0000
1224 1282 0.4177 700.0000
1224 1283 0.8564 700.0000
1224 1284 0.6470 700.0000
1225 1227 0.6205 700.0000
1225 1230 0.7671 700.0000
1225 1231 0.6093 700.0000
1225 1232 0.4091 700.0000
1225 1233 0.6460 700.0000
1225 1234 0.5644 700.0000
1225 1257 0.6461 700.0000
1225 1258 0.8439 700.0000
1225 1271 0.8650 700.0000
1225 1279 0.6645 700.0000
1225 1280 0.7193 700.0000
1225 1281 0.7183 700.0000
1225 1282 0.8422 700.0000
1226 1228 0.7758 700.0000
1226 1229 0.6495 700.0000
1226 1230 0.5892 700.0000
1226 1231 0.5233 700.0000
1226 1232 0.6602 700.0000
1226 1279 0.6217 700.0000
1226 1280 0.4405 700.0000
1226 1281 0.6881 700.0000
1226 1282 0.7072 700.0000
1227 1229 0.7059 700.0000
1227 1230 0.5170 700.0000
1227 1231 0.7635 700.0000
1227 1232 0.6256 700.0000
1227 1257 0.8850 700.0000
1227 1258 0.8471 700.0000
1227 1279 0.6653 700.0000
1227 1280 0.8675 700.0000
1228 1230 0.5877 700.0000
1229 1231 0.8017 700.0000
1230 1232 0.5258 700.0000
1231 1233 0.6405 700.0000
1231 1282 0.7823 700.0000
1232 1234 0.7766 700.0000
1233 1235 0.7647 700.0000
1233 1239 0.8653 700.0000
1234 1238 0.5198 700.0000
1234 1239 0.6136 700.0000
1234 1242 0.7511 700.0000
1234 1255 0.7917 700.0000
1234 1257 0.7867 700.0000
1234 1281 0.8289 700.0000
1235 1237 0.6045 700.0000
1235 1238 0.4285 700.0000
1235 1239 0.6527 700.0000
1235 1240 0.8898 700.0000
1236 1238 0.7600 700.0000
1236 1239 0.6213 700.0000
1236 1240 0.7713 700.0000
1237 1239 0.7083 700.0000
1237 1240 0.5209 700.0000
1237 1241 0.6761 700.0000
1238 1240 0.6420 700.0000
1238 1241 0.5221 700.0000
1238 1242 0.5916 700.0000
1238 1253 0.8891 700.0000
1238 1255 0.6863 700.0000
1238 1256 0.8767 700.0000
1239 1241 0.7668 700.0000
1239 1242 0.5692 700.0000
1239 1243 0.6672 700.0000
1239 1244 0.8856 700.0000
1239 1283 0.8731 700.0000
1240 1242 0.6665 700.0000
1240 1243 0.6489 700.0000
1240 1244 0.5324 700.0000
1240 1245 0.8629 700.0000
1240 1247 0.8729 700.0000
1241 1243 0.8547 700.0000
1241 1244 0.6805 700.0000
1241 1245 0.6632 700.0000
1241 1250 0.8881 700.0000
1241 1253 0.6009 700.0000
1241 1254 0.7829 700.0000
1241 1255 0.7731 700.0000
1242 1244 0.7145 700.0000
1242 1245 0.5863 700.0000
1242 1246 0.7526 700.0000
1242 1253 0.6406 700.0000
1242 1255 0.8549 700.0000
1242 1264 0.7467 700.0000
1242 1266 0.7254 700.0000
1242 1283 0.8744 700.0000
1243 1245 0.6199 700.0000
1243 1246 0.4610 700.0000
1243 1247 0.4746 700.0000
1243 1248 0.8926 700.0000
1243 1283 0.6766 700.0000
1244 1246 0.7745 700.0000
1244 1247 0.4394 700.0000
1244 1248 0.5835 700.0000
1244 1250 0.8515 700.0000
1245 1247 0.6234 700.0000
1245 1248 0.4337 700.0000
1245 1249 0.7233 700.0000
1245 1250 0.4176 700.0000
1245 1252 0.8349 700.0000
1245 1253 0.7235 700.0000
1245 1266 0.7173 700.0000
1246 1248 0.8375 700.0000
1246 1249 0.7374 700.0000
1246 1250 0.8930 700.0000
1246 1266 0.7060 700.0000
1246 1283 0.6935 700.0000
1247 1249 0.8393 700.0000
1248 1250 0.4748 700.0000
1249 1251 0.8236 700.0000
1250 1252 0.6037 700.0000
1250 1253 0.7072 700.0000
1250 1266 0.7565 700.0000
1251 1265 0.6769 700.0000
1251 1266 0.6898 700.0000
1251 1267 0.6122 700.0000
1252 1254 0.6802 700.0000
1252 1263 0.6429 700.0000
1252 1264 0.5756 700.0000
1252 1265 0.5858 700.0000
1252 1266 0.6451 700.0000
1252 1267 0.8484 700.0000
1253 1255 0.6146 700.0000
1253 1263 0.6025 700.0000
1253 1264 0.4404 700.0000
1253 1265 0.7900 700.0000
1253 1266 0.7134 700.0000
1254 1256 0.8285 700.0000
1254 1261 0.7118 700.0000
1254 1262 0.8350 700.0000
1254 1263 0.5044 700.0000
1254 1264 0.6464 700.0000
1255 1257 0.6194 700.0000
1255 1261 0.6386 700.0000
1255 1262 0.5854 700.0000
1255 1263 0.6509 700.0000
1255 1264 0.6452 700.0000
1255 1271 0.8143 700.0000
1256 1258 0.7779 700.0000
1256 1259 0.6064 700.0000
1256 1260 0.7905 700.0000
1256 1261 0.5018 700.0000
1256 1262 0.7342 700.0000
1257 1259 0.7135 700.0000
1257 1260 0.6101 700.0000
1257 1261 0.7719 700.0000
1257 1262 0.4820 700.0000
1257 1271 0.8354 700.0000
1257 1279 0.8007 700.0000
1258 1260 0.5610 700.0000
1258 1262 0.8189 700.0000
1259 1261 0.8503 700.0000
1260 1262 0.6085 700.0000
1260 1273 0.6503 700.0000
1260 1274 0.8193 700.0000
1260 1275 0.8208 700.0000
1260 1277 0.8303 700.0000
1261 1263 0.8088 700.0000
1261 1273 0.7870 700.0000
1261 1274 0.7567 700.0000
1262 1264 0.7794 700.0000
1262 1271 0.5269 700.0000
1262 1272 0.5325 700.0000
1262 1273 0.4933 700.0000
1262 1274 0.7848 700.0000
1262 1276 0.8580 700.0000
1262 1277 0.7355 700.0000
1262 1278 0.7709 700.0000
1262 1279 0.6687 700.0000
1263 1265 0.7177 700.0000
1263 1270 0.7916 700.0000
1263 1271 0.5880 700.0000
1263 1272 0.4943 700.0000
1263 1273 0.7833 700.0000
1263 1274 0.8940 700.0000
1264 1266 0.5912 700.0000
1264 1268 0.8340 700.0000
1264 1269 0.8269 700.0000
1264 1270 0.6017 700.0000
1264 1271 0.5356 700.0000
1264 1272 0.7239 700.0000
1264 1281 0.7356 700.0000
1265 1267 0.4938 700.0000
1265 1268 0.4295 700.0000
1265 1269 0.6595 700.0000
1265 1270 0.4966 700.0000
1265 1271 0.7388 700.0000
1265 1272 0.8480 700.0000
1265 1281 0.8599 700.0000
1266 1268 0.6884 700.0000
1266 1269 0.5438 700.0000
1266 1270 0.7901 700.0000
1266 1281 0.8229 700.0000
1267 1269 0.6364 700.0000
1267 1270 0.8515 700.0000
1268 1270 0.4517 700.0000
1268 1271 0.8552 700.0000
1268 1280 0.8928 700.0000
1268 1281 0.8188 700.0000
1269 1280 0.7710 700.0000
1269 1281 0.5226 700.0000
1269 1282 0.7503 700.0000
1269 1283 0.8662 700.0000
1270 1272 0.6502 700.0000
1270 1278 0.6653 700.0000
1270 1279 0.6555 700.0000
1270 1280 0.5884 700.0000
1270 1281 0.5797 700.0000
1271 1273 0.7506 700.0000
1271 1276 0.8540 700.0000
1271 1277 0.7777 700.0000
1271 1278 0.5168 700.0000
1271 1279 0.4265 700.0000
1271 1280 0.6523 700.0000
1271 1281 0.6678 700.0000
1272 1274 0.7459 700.0000
1272 1276 0.5403 700.0000
1272 1277 0.6733 700.0000
1272 1278 0.5094 700.0000
1272 1279 0.6853 700.0000
1273 1275 0.5019 700.0000
1273 1276 0.4509 700.0000
1273 1277 0.5182 700.0000
1273 1278 0.6891 700.0000
1273 1279 0.8498 700.0000
1274 1276 0.6615 700.0000
1274 1277 0.8914 700.0000
1275 1277 0.6995 700.0000
1276 1278 0.5505 700.0000
1277 1279 0.6169 700.0000
1278 1280 0.7509 700.0000
1279 1281 0.7042 700.0000
1280 1282 0.6700 700.0000
1282 1284 0.6005 700.0000
1283 1285 0.5958 700.0000
1284 1286 0.6730 700.0000
1285 1287 0.7025 700.0000
