parp14 1 1 | parp14 1 682 | 0.686 350.0
parp14 1 1 | parp14 1 683 | 0.564 350.0
parp14 1 1 | parp14 1 684 | 0.464 350.0
parp14 1 1 | parp14 1 685 | 0.612 350.0
parp14 1 1 | parp14 1 686 | 0.840 350.0
parp14 1 2 | parp14 1 681 | 0.826 350.0
parp14 1 2 | parp14 1 682 | 0.571 350.0
parp14 1 2 | parp14 1 683 | 0.534 350.0
parp14 1 2 | parp14 1 684 | 0.594 350.0
parp14 1 2 | parp14 1 685 | 0.535 350.0
parp14 1 2 | parp14 1 686 | 0.572 350.0
parp14 1 2 | parp14 1 688 | 0.893 350.0
parp14 1 2 | parp14 1 689 | 0.709 350.0
parp14 1 3 | parp14 1 680 | 0.705 350.0
parp14 1 3 | parp14 1 681 | 0.571 350.0
parp14 1 3 | parp14 1 682 | 0.439 350.0
parp14 1 3 | parp14 1 683 | 0.658 350.0
parp14 1 3 | parp14 1 684 | 0.886 350.0
parp14 1 3 | parp14 1 685 | 0.870 350.0
parp14 1 3 | parp14 1 686 | 0.805 350.0
parp14 1 3 | parp14 1 689 | 0.744 350.0
parp14 1 4 | parp14 1 679 | 0.833 350.0
parp14 1 4 | parp14 1 680 | 0.589 350.0
parp14 1 4 | parp14 1 681 | 0.538 350.0
parp14 1 4 | parp14 1 682 | 0.658 350.0
parp14 1 4 | parp14 1 683 | 0.890 350.0
parp14 1 4 | parp14 1 686 | 0.857 350.0
parp14 1 4 | parp14 1 689 | 0.721 350.0
parp14 1 4 | parp14 1 690 | 0.841 350.0
parp14 1 4 | parp14 1 693 | 0.869 350.0
parp14 1 5 | parp14 1 678 | 0.665 350.0
parp14 1 5 | parp14 1 679 | 0.557 350.0
parp14 1 5 | parp14 1 680 | 0.436 350.0
parp14 1 5 | parp14 1 681 | 0.616 350.0
parp14 1 5 | parp14 1 682 | 0.875 350.0
parp14 1 5 | parp14 1 693 | 0.899 350.0
parp14 1 6 | parp14 1 677 | 0.828 350.0
parp14 1 6 | parp14 1 678 | 0.558 350.0
parp14 1 6 | parp14 1 679 | 0.513 350.0
parp14 1 6 | parp14 1 680 | 0.642 350.0
parp14 1 6 | parp14 1 681 | 0.776 350.0
parp14 1 6 | parp14 1 693 | 0.731 350.0
parp14 1 7 | parp14 1 676 | 0.713 350.0
parp14 1 7 | parp14 1 677 | 0.588 350.0
parp14 1 7 | parp14 1 678 | 0.442 350.0
parp14 1 7 | parp14 1 679 | 0.641 350.0
parp14 1 7 | parp14 1 680 | 0.887 350.0
parp14 1 8 | parp14 1 675 | 0.881 350.0
parp14 1 8 | parp14 1 676 | 0.572 350.0
parp14 1 8 | parp14 1 677 | 0.537 350.0
parp14 1 8 | parp14 1 678 | 0.641 350.0
parp14 1 8 | parp14 1 679 | 0.829 350.0
parp14 1 8 | parp14 1 697 | 0.828 350.0
parp14 1 9 | parp14 1 674 | 0.708 350.0
parp14 1 9 | parp14 1 675 | 0.621 350.0
parp14 1 9 | parp14 1 676 | 0.449 350.0
parp14 1 9 | parp14 1 677 | 0.657 350.0
parp14 1 9 | parp14 1 678 | 0.891 350.0
parp14 1 10 | parp14 1 674 | 0.888 350.0
parp14 1 10 | parp14 1 675 | 0.746 350.0
parp14 1 10 | parp14 1 676 | 0.688 350.0
parp14 1 10 | parp14 1 677 | 0.801 350.0
parp14 1 10 | parp14 1 700 | 0.782 350.0
parp14 1 10 | parp14 1 701 | 0.805 350.0
parp14 1 10 | parp14 1 704 | 0.785 350.0
parp14 1 11 | parp14 1 673 | 0.859 350.0
parp14 1 11 | parp14 1 674 | 0.772 350.0
parp14 1 11 | parp14 1 675 | 0.595 350.0
parp14 1 11 | parp14 1 676 | 0.728 350.0
parp14 1 11 | parp14 1 677 | 0.889 350.0
parp14 1 11 | parp14 1 704 | 0.817 350.0
parp14 1 12 | parp14 1 675 | 0.738 350.0
parp14 1 12 | parp14 1 676 | 0.845 350.0
parp14 1 12 | parp14 1 677 | 0.870 350.0
parp14 1 12 | parp14 1 700 | 0.894 350.0
parp14 1 12 | parp14 1 704 | 0.857 350.0
parp14 1 13 | parp14 1 675 | 0.841 350.0
parp14 1 13 | parp14 1 676 | 0.763 350.0
parp14 1 13 | parp14 1 677 | 0.646 350.0
parp14 1 13 | parp14 1 700 | 0.627 350.0
parp14 1 13 | parp14 1 701 | 0.897 350.0
parp14 1 13 | parp14 1 703 | 0.879 350.0
parp14 1 13 | parp14 1 704 | 0.872 350.0
parp14 1 14 | parp14 1 675 | 0.800 350.0
parp14 1 14 | parp14 1 676 | 0.714 350.0
parp14 1 14 | parp14 1 677 | 0.518 350.0
parp14 1 14 | parp14 1 678 | 0.819 350.0
parp14 1 15 | parp14 1 677 | 0.898 350.0
parp14 1 16 | parp14 1 700 | 0.778 350.0
parp14 1 16 | parp14 1 703 | 0.853 350.0
parp14 1 17 | parp14 1 700 | 0.851 350.0
parp14 1 24 | parp14 1 696 | 0.853 350.0
parp14 1 28 | parp14 1 692 | 0.617 350.0
parp14 1 28 | parp14 1 695 | 0.850 350.0
parp14 1 28 | parp14 1 696 | 0.845 350.0
parp14 1 29 | parp14 1 683 | 0.893 350.0
parp14 1 29 | parp14 1 692 | 0.882 350.0
parp14 1 31 | parp14 1 692 | 0.797 350.0
parp14 1 32 | parp14 1 683 | 0.791 350.0
parp14 1 32 | parp14 1 688 | 0.550 350.0
parp14 1 32 | parp14 1 689 | 0.741 350.0
parp14 1 32 | parp14 1 691 | 0.710 350.0
parp14 1 32 | parp14 1 692 | 0.601 350.0
parp14 1 33 | parp14 1 682 | 0.893 350.0
parp14 1 33 | parp14 1 683 | 0.634 350.0
parp14 1 33 | parp14 1 684 | 0.736 350.0
parp14 1 33 | parp14 1 688 | 0.715 350.0
parp14 1 33 | parp14 1 689 | 0.858 350.0
parp14 1 33 | parp14 1 692 | 0.869 350.0
parp14 1 34 | parp14 1 681 | 0.671 350.0
parp14 1 34 | parp14 1 682 | 0.553 350.0
parp14 1 34 | parp14 1 683 | 0.433 350.0
parp14 1 34 | parp14 1 684 | 0.726 350.0
parp14 1 34 | parp14 1 688 | 0.696 350.0
parp14 1 34 | parp14 1 689 | 0.647 350.0
parp14 1 34 | parp14 1 692 | 0.694 350.0
parp14 1 35 | parp14 1 680 | 0.824 350.0
parp14 1 35 | parp14 1 681 | 0.575 350.0
parp14 1 35 | parp14 1 682 | 0.509 350.0
parp14 1 35 | parp14 1 683 | 0.634 350.0
parp14 1 35 | parp14 1 689 | 0.884 350.0
parp14 1 35 | parp14 1 692 | 0.899 350.0
parp14 1 36 | parp14 1 679 | 0.674 350.0
parp14 1 36 | parp14 1 680 | 0.571 350.0
parp14 1 36 | parp14 1 681 | 0.452 350.0
parp14 1 36 | parp14 1 682 | 0.639 350.0
parp14 1 36 | parp14 1 683 | 0.887 350.0
parp14 1 36 | parp14 1 692 | 0.864 350.0
parp14 1 37 | parp14 1 678 | 0.858 350.0
parp14 1 37 | parp14 1 679 | 0.570 350.0
parp14 1 37 | parp14 1 680 | 0.518 350.0
parp14 1 37 | parp14 1 681 | 0.656 350.0
parp14 1 37 | parp14 1 682 | 0.862 350.0
parp14 1 38 | parp14 1 677 | 0.718 350.0
parp14 1 38 | parp14 1 678 | 0.601 350.0
parp14 1 38 | parp14 1 679 | 0.458 350.0
parp14 1 38 | parp14 1 680 | 0.630 350.0
parp14 1 38 | parp14 1 681 | 0.885 350.0
parp14 1 39 | parp14 1 677 | 0.737 350.0
parp14 1 39 | parp14 1 678 | 0.547 350.0
parp14 1 39 | parp14 1 679 | 0.583 350.0
parp14 1 39 | parp14 1 680 | 0.667 350.0
parp14 1 40 | parp14 1 677 | 0.808 350.0
parp14 1 40 | parp14 1 678 | 0.778 350.0
parp14 1 41 | parp14 1 676 | 0.886 350.0
parp14 1 41 | parp14 1 677 | 0.810 350.0
parp14 1 41 | parp14 1 678 | 0.814 350.0
