parp14 1 739 | parp14 1 1431 | 0.821 350.0
parp14 1 739 | parp14 1 1432 | 0.575 350.0
parp14 1 739 | parp14 1 1433 | 0.549 350.0
parp14 1 739 | parp14 1 1434 | 0.602 350.0
parp14 1 739 | parp14 1 1435 | 0.586 350.0
parp14 1 739 | parp14 1 1436 | 0.575 350.0
parp14 1 739 | parp14 1 1438 | 0.899 350.0
parp14 1 739 | parp14 1 1439 | 0.713 350.0
parp14 1 740 | parp14 1 1430 | 0.680 350.0
parp14 1 740 | parp14 1 1431 | 0.572 350.0
parp14 1 740 | parp14 1 1432 | 0.446 350.0
parp14 1 740 | parp14 1 1433 | 0.666 350.0
parp14 1 740 | parp14 1 1434 | 0.885 350.0
parp14 1 740 | parp14 1 1436 | 0.810 350.0
parp14 1 740 | parp14 1 1439 | 0.746 350.0
parp14 1 741 | parp14 1 1429 | 0.830 350.0
parp14 1 741 | parp14 1 1430 | 0.581 350.0
parp14 1 741 | parp14 1 1431 | 0.540 350.0
parp14 1 741 | parp14 1 1432 | 0.656 350.0
parp14 1 741 | parp14 1 1433 | 0.878 350.0
parp14 1 741 | parp14 1 1436 | 0.835 350.0
parp14 1 741 | parp14 1 1439 | 0.697 350.0
parp14 1 741 | parp14 1 1440 | 0.819 350.0
parp14 1 741 | parp14 1 1443 | 0.845 350.0
parp14 1 742 | parp14 1 1428 | 0.651 350.0
parp14 1 742 | parp14 1 1429 | 0.533 350.0
parp14 1 742 | parp14 1 1430 | 0.415 350.0
parp14 1 742 | parp14 1 1431 | 0.597 350.0
parp14 1 742 | parp14 1 1432 | 0.855 350.0
parp14 1 742 | parp14 1 1443 | 0.857 350.0
parp14 1 743 | parp14 1 1427 | 0.811 350.0
parp14 1 743 | parp14 1 1428 | 0.552 350.0
parp14 1 743 | parp14 1 1429 | 0.509 350.0
parp14 1 743 | parp14 1 1430 | 0.642 350.0
parp14 1 743 | parp14 1 1431 | 0.785 350.0
parp14 1 743 | parp14 1 1443 | 0.722 350.0
parp14 1 743 | parp14 1 1447 | 0.889 350.0
parp14 1 744 | parp14 1 1427 | 0.577 350.0
parp14 1 744 | parp14 1 1428 | 0.449 350.0
parp14 1 744 | parp14 1 1429 | 0.644 350.0
parp14 1 744 | parp14 1 1430 | 0.894 350.0
parp14 1 745 | parp14 1 1427 | 0.523 350.0
parp14 1 745 | parp14 1 1428 | 0.633 350.0
parp14 1 745 | parp14 1 1429 | 0.793 350.0
parp14 1 745 | parp14 1 1447 | 0.796 350.0
parp14 1 745 | parp14 1 1450 | 0.879 350.0
parp14 1 746 | parp14 1 1427 | 0.650 350.0
parp14 1 746 | parp14 1 1428 | 0.882 350.0
parp14 1 747 | parp14 1 1427 | 0.794 350.0
parp14 1 747 | parp14 1 1450 | 0.781 350.0
parp14 1 747 | parp14 1 1451 | 0.814 350.0
parp14 1 748 | parp14 1 1427 | 0.860 350.0
parp14 1 749 | parp14 1 1427 | 0.845 350.0
parp14 1 749 | parp14 1 1450 | 0.896 350.0
parp14 1 750 | parp14 1 1427 | 0.628 350.0
parp14 1 750 | parp14 1 1450 | 0.644 350.0
parp14 1 750 | parp14 1 1453 | 0.895 350.0
parp14 1 751 | parp14 1 1427 | 0.521 350.0
parp14 1 751 | parp14 1 1428 | 0.801 350.0
parp14 1 751 | parp14 1 1429 | 0.875 350.0
parp14 1 752 | parp14 1 1427 | 0.897 350.0
parp14 1 753 | parp14 1 1450 | 0.815 350.0
parp14 1 753 | parp14 1 1453 | 0.860 350.0
parp14 1 754 | parp14 1 1450 | 0.884 350.0
parp14 1 761 | parp14 1 1446 | 0.868 350.0
parp14 1 765 | parp14 1 1442 | 0.626 350.0
parp14 1 765 | parp14 1 1445 | 0.837 350.0
parp14 1 765 | parp14 1 1446 | 0.832 350.0
parp14 1 766 | parp14 1 1433 | 0.900 350.0
parp14 1 766 | parp14 1 1442 | 0.886 350.0
parp14 1 768 | parp14 1 1442 | 0.805 350.0
parp14 1 769 | parp14 1 1433 | 0.807 350.0
parp14 1 769 | parp14 1 1438 | 0.559 350.0
parp14 1 769 | parp14 1 1439 | 0.756 350.0
parp14 1 769 | parp14 1 1441 | 0.706 350.0
parp14 1 769 | parp14 1 1442 | 0.602 350.0
parp14 1 770 | parp14 1 1433 | 0.651 350.0
parp14 1 770 | parp14 1 1434 | 0.765 350.0
parp14 1 770 | parp14 1 1438 | 0.715 350.0
parp14 1 770 | parp14 1 1439 | 0.868 350.0
parp14 1 770 | parp14 1 1442 | 0.863 350.0
parp14 1 771 | parp14 1 1431 | 0.664 350.0
parp14 1 771 | parp14 1 1432 | 0.557 350.0
parp14 1 771 | parp14 1 1433 | 0.437 350.0
parp14 1 771 | parp14 1 1434 | 0.730 350.0
parp14 1 771 | parp14 1 1435 | 0.898 350.0
parp14 1 771 | parp14 1 1438 | 0.678 350.0
parp14 1 771 | parp14 1 1439 | 0.643 350.0
parp14 1 771 | parp14 1 1442 | 0.681 350.0
parp14 1 772 | parp14 1 1430 | 0.819 350.0
parp14 1 772 | parp14 1 1431 | 0.566 350.0
parp14 1 772 | parp14 1 1432 | 0.507 350.0
parp14 1 772 | parp14 1 1433 | 0.629 350.0
parp14 1 772 | parp14 1 1439 | 0.873 350.0
parp14 1 772 | parp14 1 1442 | 0.880 350.0
parp14 1 773 | parp14 1 1429 | 0.681 350.0
parp14 1 773 | parp14 1 1430 | 0.564 350.0
parp14 1 773 | parp14 1 1431 | 0.446 350.0
parp14 1 773 | parp14 1 1432 | 0.629 350.0
parp14 1 773 | parp14 1 1433 | 0.879 350.0
parp14 1 773 | parp14 1 1442 | 0.863 350.0
parp14 1 774 | parp14 1 1428 | 0.871 350.0
parp14 1 774 | parp14 1 1429 | 0.584 350.0
parp14 1 774 | parp14 1 1430 | 0.518 350.0
parp14 1 774 | parp14 1 1431 | 0.652 350.0
parp14 1 774 | parp14 1 1432 | 0.840 350.0
parp14 1 775 | parp14 1 1427 | 0.739 350.0
parp14 1 775 | parp14 1 1428 | 0.618 350.0
parp14 1 775 | parp14 1 1429 | 0.463 350.0
parp14 1 775 | parp14 1 1430 | 0.624 350.0
parp14 1 775 | parp14 1 1431 | 0.875 350.0
parp14 1 776 | parp14 1 1427 | 0.741 350.0
parp14 1 776 | parp14 1 1428 | 0.535 350.0
parp14 1 776 | parp14 1 1429 | 0.556 350.0
parp14 1 776 | parp14 1 1430 | 0.637 350.0
parp9 1 60 | parp9 1 519 | 0.790 350.0
parp9 1 60 | parp9 1 520 | 0.564 350.0
parp9 1 60 | parp9 1 521 | 0.557 350.0
parp9 1 60 | parp9 1 522 | 0.640 350.0
parp9 1 60 | parp9 1 523 | 0.731 350.0
parp9 1 60 | parp9 1 524 | 0.686 350.0
parp9 1 60 | parp9 1 527 | 0.757 350.0
parp9 1 61 | parp9 1 518 | 0.674 350.0
parp9 1 61 | parp9 1 519 | 0.551 350.0
parp9 1 61 | parp9 1 520 | 0.447 350.0
parp9 1 61 | parp9 1 521 | 0.679 350.0
parp9 1 61 | parp9 1 527 | 0.843 350.0
parp9 1 62 | parp9 1 517 | 0.798 350.0
parp9 1 62 | parp9 1 518 | 0.578 350.0
parp9 1 62 | parp9 1 519 | 0.513 350.0
parp9 1 62 | parp9 1 520 | 0.656 350.0
parp9 1 62 | parp9 1 521 | 0.883 350.0
parp9 1 62 | parp9 1 527 | 0.794 350.0
parp9 1 62 | parp9 1 531 | 0.886 350.0
parp9 1 63 | parp9 1 516 | 0.599 350.0
parp9 1 63 | parp9 1 517 | 0.565 350.0
parp9 1 63 | parp9 1 518 | 0.462 350.0
parp9 1 63 | parp9 1 519 | 0.629 350.0
parp9 1 63 | parp9 1 520 | 0.893 350.0
parp9 1 64 | parp9 1 516 | 0.522 350.0
parp9 1 64 | parp9 1 517 | 0.502 350.0
parp9 1 64 | parp9 1 518 | 0.641 350.0
parp9 1 64 | parp9 1 519 | 0.751 350.0
parp9 1 64 | parp9 1 531 | 0.776 350.0
parp9 1 64 | parp9 1 534 | 0.897 350.0
parp9 1 65 | parp9 1 516 | 0.424 350.0
parp9 1 65 | parp9 1 517 | 0.653 350.0
parp9 1 65 | parp9 1 518 | 0.876 350.0
parp9 1 66 | parp9 1 516 | 0.518 350.0
parp9 1 66 | parp9 1 517 | 0.717 350.0
parp9 1 66 | parp9 1 538 | 0.866 350.0
parp9 1 67 | parp9 1 516 | 0.809 350.0
parp9 1 70 | parp9 1 538 | 0.706 350.0
parp9 1 71 | parp9 1 516 | 0.751 350.0
parp9 1 71 | parp9 1 517 | 0.856 350.0
parp9 1 85 | parp9 1 519 | 0.890 350.0
parp9 1 85 | parp9 1 530 | 0.637 350.0
parp9 1 85 | parp9 1 533 | 0.884 350.0
parp9 1 85 | parp9 1 534 | 0.882 350.0
parp9 1 88 | parp9 1 526 | 0.899 350.0
parp9 1 88 | parp9 1 530 | 0.813 350.0
parp9 1 89 | parp9 1 521 | 0.855 350.0
parp9 1 89 | parp9 1 525 | 0.889 350.0
parp9 1 89 | parp9 1 526 | 0.531 350.0
parp9 1 89 | parp9 1 527 | 0.748 350.0
parp9 1 89 | parp9 1 529 | 0.692 350.0
parp9 1 89 | parp9 1 530 | 0.589 350.0
parp9 1 90 | parp9 1 521 | 0.676 350.0
parp9 1 90 | parp9 1 522 | 0.808 350.0
parp9 1 90 | parp9 1 523 | 0.873 350.0
parp9 1 90 | parp9 1 526 | 0.661 350.0
parp9 1 90 | parp9 1 527 | 0.851 350.0
parp9 1 90 | parp9 1 530 | 0.864 350.0
parp9 1 91 | parp9 1 519 | 0.656 350.0
parp9 1 91 | parp9 1 520 | 0.569 350.0
parp9 1 91 | parp9 1 521 | 0.464 350.0
parp9 1 91 | parp9 1 522 | 0.761 350.0
parp9 1 91 | parp9 1 523 | 0.867 350.0
parp9 1 91 | parp9 1 526 | 0.659 350.0
parp9 1 91 | parp9 1 527 | 0.657 350.0
parp9 1 91 | parp9 1 530 | 0.707 350.0
parp9 1 92 | parp9 1 518 | 0.816 350.0
parp9 1 92 | parp9 1 519 | 0.583 350.0
parp9 1 92 | parp9 1 520 | 0.498 350.0
parp9 1 92 | parp9 1 521 | 0.617 350.0
parp9 1 93 | parp9 1 517 | 0.660 350.0
parp9 1 93 | parp9 1 518 | 0.553 350.0
parp9 1 93 | parp9 1 519 | 0.457 350.0
parp9 1 93 | parp9 1 520 | 0.620 350.0
parp9 1 93 | parp9 1 521 | 0.868 350.0
parp9 1 94 | parp9 1 516 | 0.839 350.0
parp9 1 94 | parp9 1 517 | 0.567 350.0
parp9 1 94 | parp9 1 518 | 0.506 350.0
parp9 1 94 | parp9 1 519 | 0.665 350.0
parp9 1 94 | parp9 1 520 | 0.857 350.0
parp9 1 95 | parp9 1 516 | 0.605 350.0
parp9 1 95 | parp9 1 517 | 0.471 350.0
parp9 1 95 | parp9 1 518 | 0.622 350.0
parp9 1 95 | parp9 1 519 | 0.889 350.0
parp9 1 96 | parp9 1 516 | 0.516 350.0
parp9 1 96 | parp9 1 517 | 0.594 350.0
parp9 1 96 | parp9 1 518 | 0.664 350.0
