parp14 1 739 | parp14 1 1431 | 0.818 350.0
parp14 1 739 | parp14 1 1432 | 0.575 350.0
parp14 1 739 | parp14 1 1433 | 0.539 350.0
parp14 1 739 | parp14 1 1434 | 0.592 350.0
parp14 1 739 | parp14 1 1435 | 0.543 350.0
parp14 1 739 | parp14 1 1436 | 0.569 350.0
parp14 1 739 | parp14 1 1438 | 0.887 350.0
parp14 1 739 | parp14 1 1439 | 0.703 350.0
parp14 1 740 | parp14 1 1430 | 0.690 350.0
parp14 1 740 | parp14 1 1431 | 0.572 350.0
parp14 1 740 | parp14 1 1432 | 0.446 350.0
parp14 1 740 | parp14 1 1433 | 0.659 350.0
parp14 1 740 | parp14 1 1434 | 0.879 350.0
parp14 1 740 | parp14 1 1435 | 0.874 350.0
parp14 1 740 | parp14 1 1436 | 0.804 350.0
parp14 1 740 | parp14 1 1439 | 0.744 350.0
parp14 1 741 | parp14 1 1429 | 0.825 350.0
parp14 1 741 | parp14 1 1430 | 0.581 350.0
parp14 1 741 | parp14 1 1431 | 0.539 350.0
parp14 1 741 | parp14 1 1432 | 0.658 350.0
parp14 1 741 | parp14 1 1433 | 0.875 350.0
parp14 1 741 | parp14 1 1436 | 0.831 350.0
parp14 1 741 | parp14 1 1439 | 0.703 350.0
parp14 1 741 | parp14 1 1440 | 0.822 350.0
parp14 1 741 | parp14 1 1443 | 0.857 350.0
parp14 1 742 | parp14 1 1428 | 0.664 350.0
parp14 1 742 | parp14 1 1429 | 0.559 350.0
parp14 1 742 | parp14 1 1430 | 0.442 350.0
parp14 1 742 | parp14 1 1431 | 0.630 350.0
parp14 1 742 | parp14 1 1432 | 0.880 350.0
parp14 1 743 | parp14 1 1427 | 0.821 350.0
parp14 1 743 | parp14 1 1428 | 0.556 350.0
parp14 1 743 | parp14 1 1429 | 0.511 350.0
parp14 1 743 | parp14 1 1430 | 0.637 350.0
parp14 1 743 | parp14 1 1431 | 0.783 350.0
parp14 1 743 | parp14 1 1443 | 0.735 350.0
parp14 1 744 | parp14 1 1427 | 0.588 350.0
parp14 1 744 | parp14 1 1428 | 0.445 350.0
parp14 1 744 | parp14 1 1429 | 0.642 350.0
parp14 1 744 | parp14 1 1430 | 0.887 350.0
parp14 1 745 | parp14 1 1427 | 0.521 350.0
parp14 1 745 | parp14 1 1428 | 0.619 350.0
parp14 1 745 | parp14 1 1429 | 0.787 350.0
parp14 1 745 | parp14 1 1447 | 0.811 350.0
parp14 1 746 | parp14 1 1427 | 0.647 350.0
parp14 1 746 | parp14 1 1428 | 0.868 350.0
parp14 1 747 | parp14 1 1427 | 0.789 350.0
parp14 1 747 | parp14 1 1450 | 0.793 350.0
parp14 1 747 | parp14 1 1451 | 0.824 350.0
parp14 1 748 | parp14 1 1427 | 0.856 350.0
parp14 1 749 | parp14 1 1427 | 0.859 350.0
parp14 1 749 | parp14 1 1450 | 0.879 350.0
parp14 1 750 | parp14 1 1427 | 0.638 350.0
parp14 1 750 | parp14 1 1450 | 0.623 350.0
parp14 1 750 | parp14 1 1451 | 0.899 350.0
parp14 1 750 | parp14 1 1453 | 0.886 350.0
parp14 1 751 | parp14 1 1427 | 0.522 350.0
parp14 1 751 | parp14 1 1428 | 0.813 350.0
parp14 1 751 | parp14 1 1429 | 0.898 350.0
parp14 1 752 | parp14 1 1427 | 0.898 350.0
parp14 1 753 | parp14 1 1450 | 0.757 350.0
parp14 1 753 | parp14 1 1453 | 0.842 350.0
parp14 1 754 | parp14 1 1450 | 0.848 350.0
parp14 1 761 | parp14 1 1446 | 0.828 350.0
parp14 1 765 | parp14 1 1442 | 0.610 350.0
parp14 1 765 | parp14 1 1445 | 0.829 350.0
parp14 1 765 | parp14 1 1446 | 0.829 350.0
parp14 1 766 | parp14 1 1433 | 0.888 350.0
parp14 1 766 | parp14 1 1442 | 0.872 350.0
parp14 1 768 | parp14 1 1442 | 0.807 350.0
parp14 1 769 | parp14 1 1433 | 0.793 350.0
parp14 1 769 | parp14 1 1438 | 0.557 350.0
parp14 1 769 | parp14 1 1439 | 0.753 350.0
parp14 1 769 | parp14 1 1441 | 0.712 350.0
parp14 1 769 | parp14 1 1442 | 0.607 350.0
parp14 1 770 | parp14 1 1432 | 0.890 350.0
parp14 1 770 | parp14 1 1433 | 0.642 350.0
parp14 1 770 | parp14 1 1434 | 0.751 350.0
parp14 1 770 | parp14 1 1438 | 0.723 350.0
parp14 1 770 | parp14 1 1439 | 0.867 350.0
parp14 1 770 | parp14 1 1442 | 0.865 350.0
parp14 1 771 | parp14 1 1431 | 0.662 350.0
parp14 1 771 | parp14 1 1432 | 0.549 350.0
parp14 1 771 | parp14 1 1433 | 0.433 350.0
parp14 1 771 | parp14 1 1434 | 0.725 350.0
parp14 1 771 | parp14 1 1438 | 0.687 350.0
parp14 1 771 | parp14 1 1439 | 0.643 350.0
parp14 1 771 | parp14 1 1442 | 0.683 350.0
parp14 1 772 | parp14 1 1430 | 0.817 350.0
parp14 1 772 | parp14 1 1431 | 0.565 350.0
parp14 1 772 | parp14 1 1432 | 0.505 350.0
parp14 1 772 | parp14 1 1433 | 0.636 350.0
parp14 1 772 | parp14 1 1439 | 0.875 350.0
parp14 1 772 | parp14 1 1442 | 0.881 350.0
parp14 1 773 | parp14 1 1429 | 0.682 350.0
parp14 1 773 | parp14 1 1430 | 0.563 350.0
parp14 1 773 | parp14 1 1431 | 0.445 350.0
parp14 1 773 | parp14 1 1432 | 0.632 350.0
parp14 1 773 | parp14 1 1433 | 0.882 350.0
parp14 1 773 | parp14 1 1442 | 0.856 350.0
parp14 1 774 | parp14 1 1428 | 0.872 350.0
parp14 1 774 | parp14 1 1429 | 0.587 350.0
parp14 1 774 | parp14 1 1430 | 0.526 350.0
parp14 1 774 | parp14 1 1431 | 0.659 350.0
parp14 1 774 | parp14 1 1432 | 0.857 350.0
parp14 1 775 | parp14 1 1427 | 0.737 350.0
parp14 1 775 | parp14 1 1428 | 0.613 350.0
parp14 1 775 | parp14 1 1429 | 0.469 350.0
parp14 1 775 | parp14 1 1430 | 0.628 350.0
parp14 1 775 | parp14 1 1431 | 0.882 350.0
parp14 1 776 | parp14 1 1427 | 0.740 350.0
parp14 1 776 | parp14 1 1428 | 0.532 350.0
parp14 1 776 | parp14 1 1429 | 0.561 350.0
parp14 1 776 | parp14 1 1430 | 0.644 350.0
