parp14 1 424 | parp14 1 1105 | 0.674 350.0
parp14 1 424 | parp14 1 1106 | 0.582 350.0
parp14 1 424 | parp14 1 1107 | 0.522 350.0
parp14 1 424 | parp14 1 1108 | 0.660 350.0
parp14 1 424 | parp14 1 1109 | 0.877 350.0
parp14 1 425 | parp14 1 1104 | 0.824 350.0
parp14 1 425 | parp14 1 1105 | 0.552 350.0
parp14 1 425 | parp14 1 1106 | 0.538 350.0
parp14 1 425 | parp14 1 1107 | 0.596 350.0
parp14 1 425 | parp14 1 1108 | 0.533 350.0
parp14 1 425 | parp14 1 1109 | 0.580 350.0
parp14 1 425 | parp14 1 1111 | 0.893 350.0
parp14 1 425 | parp14 1 1112 | 0.713 350.0
parp14 1 426 | parp14 1 1103 | 0.707 350.0
parp14 1 426 | parp14 1 1104 | 0.572 350.0
parp14 1 426 | parp14 1 1105 | 0.433 350.0
parp14 1 426 | parp14 1 1106 | 0.672 350.0
parp14 1 426 | parp14 1 1107 | 0.896 350.0
parp14 1 426 | parp14 1 1108 | 0.865 350.0
parp14 1 426 | parp14 1 1109 | 0.801 350.0
parp14 1 426 | parp14 1 1112 | 0.743 350.0
parp14 1 427 | parp14 1 1102 | 0.835 350.0
parp14 1 427 | parp14 1 1103 | 0.584 350.0
parp14 1 427 | parp14 1 1104 | 0.540 350.0
parp14 1 427 | parp14 1 1105 | 0.649 350.0
parp14 1 427 | parp14 1 1109 | 0.842 350.0
parp14 1 427 | parp14 1 1112 | 0.713 350.0
parp14 1 427 | parp14 1 1113 | 0.825 350.0
parp14 1 427 | parp14 1 1116 | 0.860 350.0
parp14 1 428 | parp14 1 1101 | 0.676 350.0
parp14 1 428 | parp14 1 1102 | 0.559 350.0
parp14 1 428 | parp14 1 1103 | 0.441 350.0
parp14 1 428 | parp14 1 1104 | 0.628 350.0
parp14 1 428 | parp14 1 1105 | 0.883 350.0
parp14 1 428 | parp14 1 1116 | 0.882 350.0
parp14 1 429 | parp14 1 1100 | 0.838 350.0
parp14 1 429 | parp14 1 1101 | 0.567 350.0
parp14 1 429 | parp14 1 1102 | 0.524 350.0
parp14 1 429 | parp14 1 1103 | 0.648 350.0
parp14 1 429 | parp14 1 1104 | 0.797 350.0
parp14 1 429 | parp14 1 1116 | 0.720 350.0
parp14 1 430 | parp14 1 1099 | 0.727 350.0
parp14 1 430 | parp14 1 1100 | 0.588 350.0
parp14 1 430 | parp14 1 1101 | 0.440 350.0
parp14 1 430 | parp14 1 1102 | 0.641 350.0
parp14 1 430 | parp14 1 1103 | 0.893 350.0
parp14 1 431 | parp14 1 1099 | 0.585 350.0
parp14 1 431 | parp14 1 1100 | 0.539 350.0
parp14 1 431 | parp14 1 1101 | 0.641 350.0
parp14 1 431 | parp14 1 1102 | 0.839 350.0
parp14 1 431 | parp14 1 1120 | 0.827 350.0
parp14 1 432 | parp14 1 1097 | 0.702 350.0
parp14 1 432 | parp14 1 1098 | 0.716 350.0
parp14 1 432 | parp14 1 1099 | 0.463 350.0
parp14 1 432 | parp14 1 1100 | 0.660 350.0
parp14 1 432 | parp14 1 1101 | 0.893 350.0
parp14 1 433 | parp14 1 1097 | 0.790 350.0
parp14 1 433 | parp14 1 1098 | 0.844 350.0
parp14 1 433 | parp14 1 1099 | 0.700 350.0
parp14 1 433 | parp14 1 1100 | 0.806 350.0
parp14 1 433 | parp14 1 1123 | 0.776 350.0
parp14 1 433 | parp14 1 1124 | 0.805 350.0
parp14 1 433 | parp14 1 1127 | 0.779 350.0
parp14 1 434 | parp14 1 1097 | 0.590 350.0
parp14 1 434 | parp14 1 1098 | 0.683 350.0
parp14 1 434 | parp14 1 1099 | 0.730 350.0
parp14 1 434 | parp14 1 1100 | 0.891 350.0
parp14 1 434 | parp14 1 1127 | 0.808 350.0
parp14 1 435 | parp14 1 1097 | 0.810 350.0
parp14 1 435 | parp14 1 1098 | 0.747 350.0
parp14 1 435 | parp14 1 1099 | 0.836 350.0
parp14 1 435 | parp14 1 1100 | 0.866 350.0
parp14 1 435 | parp14 1 1123 | 0.893 350.0
parp14 1 435 | parp14 1 1127 | 0.866 350.0
parp14 1 436 | parp14 1 1098 | 0.847 350.0
parp14 1 436 | parp14 1 1099 | 0.761 350.0
parp14 1 436 | parp14 1 1100 | 0.643 350.0
parp14 1 436 | parp14 1 1123 | 0.626 350.0
parp14 1 436 | parp14 1 1126 | 0.896 350.0
parp14 1 436 | parp14 1 1127 | 0.878 350.0
parp14 1 437 | parp14 1 1098 | 0.754 350.0
parp14 1 437 | parp14 1 1099 | 0.714 350.0
parp14 1 437 | parp14 1 1100 | 0.517 350.0
parp14 1 437 | parp14 1 1101 | 0.815 350.0
parp14 1 438 | parp14 1 1100 | 0.896 350.0
parp14 1 439 | parp14 1 1123 | 0.778 350.0
parp14 1 439 | parp14 1 1126 | 0.877 350.0
parp14 1 440 | parp14 1 1123 | 0.852 350.0
parp14 1 447 | parp14 1 1119 | 0.844 350.0
parp14 1 451 | parp14 1 1115 | 0.611 350.0
parp14 1 451 | parp14 1 1118 | 0.843 350.0
parp14 1 451 | parp14 1 1119 | 0.842 350.0
parp14 1 452 | parp14 1 1106 | 0.895 350.0
parp14 1 452 | parp14 1 1115 | 0.876 350.0
parp14 1 454 | parp14 1 1115 | 0.800 350.0
parp14 1 455 | parp14 1 1106 | 0.789 350.0
parp14 1 455 | parp14 1 1111 | 0.552 350.0
parp14 1 455 | parp14 1 1112 | 0.741 350.0
parp14 1 455 | parp14 1 1114 | 0.721 350.0
parp14 1 455 | parp14 1 1115 | 0.614 350.0
parp14 1 456 | parp14 1 1105 | 0.890 350.0
parp14 1 456 | parp14 1 1106 | 0.631 350.0
parp14 1 456 | parp14 1 1107 | 0.745 350.0
parp14 1 456 | parp14 1 1111 | 0.731 350.0
parp14 1 456 | parp14 1 1112 | 0.865 350.0
parp14 1 456 | parp14 1 1115 | 0.879 350.0
parp14 1 457 | parp14 1 1104 | 0.666 350.0
parp14 1 457 | parp14 1 1105 | 0.553 350.0
parp14 1 457 | parp14 1 1106 | 0.438 350.0
parp14 1 457 | parp14 1 1107 | 0.739 350.0
parp14 1 457 | parp14 1 1111 | 0.700 350.0
parp14 1 457 | parp14 1 1112 | 0.644 350.0
parp14 1 457 | parp14 1 1115 | 0.693 350.0
parp14 1 458 | parp14 1 1103 | 0.820 350.0
parp14 1 458 | parp14 1 1104 | 0.560 350.0
parp14 1 458 | parp14 1 1105 | 0.524 350.0
parp14 1 458 | parp14 1 1106 | 0.644 350.0
parp14 1 458 | parp14 1 1112 | 0.876 350.0
parp14 1 458 | parp14 1 1115 | 0.888 350.0
parp14 1 459 | parp14 1 1102 | 0.680 350.0
parp14 1 459 | parp14 1 1103 | 0.562 350.0
parp14 1 459 | parp14 1 1104 | 0.447 350.0
parp14 1 459 | parp14 1 1105 | 0.657 350.0
parp14 1 459 | parp14 1 1115 | 0.871 350.0
parp14 1 460 | parp14 1 1101 | 0.867 350.0
parp14 1 460 | parp14 1 1102 | 0.575 350.0
parp14 1 460 | parp14 1 1103 | 0.522 350.0
parp14 1 460 | parp14 1 1104 | 0.661 350.0
parp14 1 460 | parp14 1 1105 | 0.891 350.0
parp14 1 461 | parp14 1 1100 | 0.729 350.0
parp14 1 461 | parp14 1 1101 | 0.607 350.0
parp14 1 461 | parp14 1 1102 | 0.460 350.0
parp14 1 461 | parp14 1 1103 | 0.636 350.0
parp14 1 461 | parp14 1 1104 | 0.895 350.0
parp14 1 462 | parp14 1 1100 | 0.737 350.0
parp14 1 462 | parp14 1 1101 | 0.540 350.0
parp14 1 462 | parp14 1 1102 | 0.571 350.0
parp14 1 462 | parp14 1 1103 | 0.674 350.0
parp14 1 463 | parp14 1 1100 | 0.824 350.0
parp14 1 463 | parp14 1 1101 | 0.782 350.0
parp14 1 464 | parp14 1 1100 | 0.863 350.0
parp14 1 464 | parp14 1 1101 | 0.846 350.0
