parp14 1 424 | parp14 1 1105 | 0.685 350.0
parp14 1 424 | parp14 1 1106 | 0.597 350.0
parp14 1 424 | parp14 1 1107 | 0.551 350.0
parp14 1 424 | parp14 1 1108 | 0.666 350.0
parp14 1 424 | parp14 1 1109 | 0.881 350.0
parp14 1 425 | parp14 1 1104 | 0.827 350.0
parp14 1 425 | parp14 1 1105 | 0.553 350.0
parp14 1 425 | parp14 1 1106 | 0.542 350.0
parp14 1 425 | parp14 1 1107 | 0.610 350.0
parp14 1 425 | parp14 1 1108 | 0.530 350.0
parp14 1 425 | parp14 1 1109 | 0.580 350.0
parp14 1 425 | parp14 1 1111 | 0.893 350.0
parp14 1 425 | parp14 1 1112 | 0.715 350.0
parp14 1 426 | parp14 1 1103 | 0.714 350.0
parp14 1 426 | parp14 1 1104 | 0.573 350.0
parp14 1 426 | parp14 1 1105 | 0.431 350.0
parp14 1 426 | parp14 1 1106 | 0.673 350.0
parp14 1 426 | parp14 1 1108 | 0.862 350.0
parp14 1 426 | parp14 1 1109 | 0.802 350.0
parp14 1 426 | parp14 1 1112 | 0.745 350.0
parp14 1 427 | parp14 1 1102 | 0.840 350.0
parp14 1 427 | parp14 1 1103 | 0.582 350.0
parp14 1 427 | parp14 1 1104 | 0.541 350.0
parp14 1 427 | parp14 1 1105 | 0.645 350.0
parp14 1 427 | parp14 1 1109 | 0.841 350.0
parp14 1 427 | parp14 1 1112 | 0.714 350.0
parp14 1 427 | parp14 1 1113 | 0.828 350.0
parp14 1 427 | parp14 1 1116 | 0.863 350.0
parp14 1 428 | parp14 1 1101 | 0.670 350.0
parp14 1 428 | parp14 1 1102 | 0.559 350.0
parp14 1 428 | parp14 1 1103 | 0.432 350.0
parp14 1 428 | parp14 1 1104 | 0.623 350.0
parp14 1 428 | parp14 1 1105 | 0.879 350.0
parp14 1 428 | parp14 1 1116 | 0.876 350.0
parp14 1 429 | parp14 1 1100 | 0.839 350.0
parp14 1 429 | parp14 1 1101 | 0.568 350.0
parp14 1 429 | parp14 1 1102 | 0.525 350.0
parp14 1 429 | parp14 1 1103 | 0.639 350.0
parp14 1 429 | parp14 1 1104 | 0.796 350.0
parp14 1 429 | parp14 1 1116 | 0.711 350.0
parp14 1 429 | parp14 1 1120 | 0.897 350.0
parp14 1 430 | parp14 1 1099 | 0.717 350.0
parp14 1 430 | parp14 1 1100 | 0.592 350.0
parp14 1 430 | parp14 1 1101 | 0.444 350.0
parp14 1 430 | parp14 1 1102 | 0.642 350.0
parp14 1 430 | parp14 1 1103 | 0.883 350.0
parp14 1 431 | parp14 1 1098 | 0.891 350.0
parp14 1 431 | parp14 1 1099 | 0.573 350.0
parp14 1 431 | parp14 1 1100 | 0.537 350.0
parp14 1 431 | parp14 1 1101 | 0.638 350.0
parp14 1 431 | parp14 1 1102 | 0.829 350.0
parp14 1 431 | parp14 1 1120 | 0.816 350.0
parp14 1 432 | parp14 1 1097 | 0.635 350.0
parp14 1 432 | parp14 1 1098 | 0.641 350.0
parp14 1 432 | parp14 1 1099 | 0.446 350.0
parp14 1 432 | parp14 1 1100 | 0.653 350.0
parp14 1 432 | parp14 1 1101 | 0.886 350.0
parp14 1 433 | parp14 1 1097 | 0.787 350.0
parp14 1 433 | parp14 1 1098 | 0.763 350.0
parp14 1 433 | parp14 1 1099 | 0.686 350.0
parp14 1 433 | parp14 1 1100 | 0.797 350.0
parp14 1 433 | parp14 1 1123 | 0.777 350.0
parp14 1 433 | parp14 1 1124 | 0.795 350.0
parp14 1 433 | parp14 1 1127 | 0.775 350.0
parp14 1 434 | parp14 1 1096 | 0.893 350.0
parp14 1 434 | parp14 1 1097 | 0.667 350.0
parp14 1 434 | parp14 1 1098 | 0.608 350.0
parp14 1 434 | parp14 1 1099 | 0.727 350.0
parp14 1 434 | parp14 1 1100 | 0.887 350.0
parp14 1 434 | parp14 1 1127 | 0.809 350.0
parp14 1 435 | parp14 1 1098 | 0.721 350.0
parp14 1 435 | parp14 1 1099 | 0.837 350.0
parp14 1 435 | parp14 1 1100 | 0.863 350.0
parp14 1 435 | parp14 1 1127 | 0.870 350.0
parp14 1 436 | parp14 1 1098 | 0.830 350.0
parp14 1 436 | parp14 1 1099 | 0.760 350.0
parp14 1 436 | parp14 1 1100 | 0.641 350.0
parp14 1 436 | parp14 1 1123 | 0.634 350.0
parp14 1 436 | parp14 1 1126 | 0.890 350.0
parp14 1 436 | parp14 1 1127 | 0.878 350.0
parp14 1 437 | parp14 1 1098 | 0.791 350.0
parp14 1 437 | parp14 1 1099 | 0.723 350.0
parp14 1 437 | parp14 1 1100 | 0.519 350.0
parp14 1 437 | parp14 1 1101 | 0.815 350.0
parp14 1 438 | parp14 1 1100 | 0.897 350.0
parp14 1 439 | parp14 1 1123 | 0.780 350.0
parp14 1 439 | parp14 1 1126 | 0.870 350.0
parp14 1 440 | parp14 1 1123 | 0.850 350.0
parp14 1 447 | parp14 1 1119 | 0.845 350.0
parp14 1 451 | parp14 1 1115 | 0.614 350.0
parp14 1 451 | parp14 1 1118 | 0.847 350.0
parp14 1 451 | parp14 1 1119 | 0.852 350.0
parp14 1 452 | parp14 1 1115 | 0.885 350.0
parp14 1 454 | parp14 1 1115 | 0.804 350.0
parp14 1 455 | parp14 1 1106 | 0.794 350.0
parp14 1 455 | parp14 1 1111 | 0.559 350.0
parp14 1 455 | parp14 1 1112 | 0.746 350.0
parp14 1 455 | parp14 1 1114 | 0.724 350.0
parp14 1 455 | parp14 1 1115 | 0.617 350.0
parp14 1 456 | parp14 1 1105 | 0.893 350.0
parp14 1 456 | parp14 1 1106 | 0.638 350.0
parp14 1 456 | parp14 1 1107 | 0.749 350.0
parp14 1 456 | parp14 1 1111 | 0.737 350.0
parp14 1 456 | parp14 1 1112 | 0.871 350.0
parp14 1 456 | parp14 1 1115 | 0.883 350.0
parp14 1 457 | parp14 1 1104 | 0.670 350.0
parp14 1 457 | parp14 1 1105 | 0.554 350.0
parp14 1 457 | parp14 1 1106 | 0.442 350.0
parp14 1 457 | parp14 1 1107 | 0.740 350.0
parp14 1 457 | parp14 1 1111 | 0.699 350.0
parp14 1 457 | parp14 1 1112 | 0.647 350.0
parp14 1 457 | parp14 1 1115 | 0.697 350.0
parp14 1 458 | parp14 1 1103 | 0.826 350.0
parp14 1 458 | parp14 1 1104 | 0.560 350.0
parp14 1 458 | parp14 1 1105 | 0.527 350.0
parp14 1 458 | parp14 1 1106 | 0.646 350.0
parp14 1 458 | parp14 1 1112 | 0.875 350.0
parp14 1 458 | parp14 1 1115 | 0.885 350.0
parp14 1 459 | parp14 1 1102 | 0.687 350.0
parp14 1 459 | parp14 1 1103 | 0.564 350.0
parp14 1 459 | parp14 1 1104 | 0.446 350.0
parp14 1 459 | parp14 1 1105 | 0.658 350.0
parp14 1 459 | parp14 1 1115 | 0.868 350.0
parp14 1 460 | parp14 1 1101 | 0.874 350.0
parp14 1 460 | parp14 1 1102 | 0.581 350.0
parp14 1 460 | parp14 1 1103 | 0.534 350.0
parp14 1 460 | parp14 1 1104 | 0.666 350.0
parp14 1 461 | parp14 1 1100 | 0.735 350.0
parp14 1 461 | parp14 1 1101 | 0.611 350.0
parp14 1 461 | parp14 1 1102 | 0.459 350.0
parp14 1 461 | parp14 1 1103 | 0.634 350.0
parp14 1 461 | parp14 1 1104 | 0.893 350.0
parp14 1 462 | parp14 1 1100 | 0.745 350.0
parp14 1 462 | parp14 1 1101 | 0.542 350.0
parp14 1 462 | parp14 1 1102 | 0.565 350.0
parp14 1 462 | parp14 1 1103 | 0.658 350.0
parp14 1 463 | parp14 1 1100 | 0.831 350.0
parp14 1 463 | parp14 1 1101 | 0.782 350.0
parp14 1 464 | parp14 1 1100 | 0.852 350.0
parp14 1 464 | parp14 1 1101 | 0.839 350.0
