parp14 1 739 | parp14 1 1431 | 0.828 350.0
parp14 1 739 | parp14 1 1432 | 0.577 350.0
parp14 1 739 | parp14 1 1433 | 0.545 350.0
parp14 1 739 | parp14 1 1434 | 0.588 350.0
parp14 1 739 | parp14 1 1435 | 0.575 350.0
parp14 1 739 | parp14 1 1436 | 0.582 350.0
parp14 1 739 | parp14 1 1439 | 0.725 350.0
parp14 1 740 | parp14 1 1430 | 0.696 350.0
parp14 1 740 | parp14 1 1431 | 0.575 350.0
parp14 1 740 | parp14 1 1432 | 0.446 350.0
parp14 1 740 | parp14 1 1433 | 0.661 350.0
parp14 1 740 | parp14 1 1434 | 0.875 350.0
parp14 1 740 | parp14 1 1435 | 0.892 350.0
parp14 1 740 | parp14 1 1436 | 0.799 350.0
parp14 1 740 | parp14 1 1439 | 0.745 350.0
parp14 1 741 | parp14 1 1429 | 0.835 350.0
parp14 1 741 | parp14 1 1430 | 0.588 350.0
parp14 1 741 | parp14 1 1431 | 0.544 350.0
parp14 1 741 | parp14 1 1432 | 0.659 350.0
parp14 1 741 | parp14 1 1433 | 0.879 350.0
parp14 1 741 | parp14 1 1436 | 0.825 350.0
parp14 1 741 | parp14 1 1439 | 0.701 350.0
parp14 1 741 | parp14 1 1440 | 0.819 350.0
parp14 1 741 | parp14 1 1443 | 0.859 350.0
parp14 1 742 | parp14 1 1428 | 0.659 350.0
parp14 1 742 | parp14 1 1429 | 0.559 350.0
parp14 1 742 | parp14 1 1430 | 0.440 350.0
parp14 1 742 | parp14 1 1431 | 0.625 350.0
parp14 1 742 | parp14 1 1432 | 0.875 350.0
parp14 1 742 | parp14 1 1443 | 0.886 350.0
parp14 1 743 | parp14 1 1427 | 0.830 350.0
parp14 1 743 | parp14 1 1428 | 0.560 350.0
parp14 1 743 | parp14 1 1429 | 0.516 350.0
parp14 1 743 | parp14 1 1430 | 0.641 350.0
parp14 1 743 | parp14 1 1431 | 0.789 350.0
parp14 1 743 | parp14 1 1443 | 0.725 350.0
parp14 1 744 | parp14 1 1427 | 0.590 350.0
parp14 1 744 | parp14 1 1428 | 0.442 350.0
parp14 1 744 | parp14 1 1429 | 0.639 350.0
parp14 1 744 | parp14 1 1430 | 0.883 350.0
parp14 1 745 | parp14 1 1427 | 0.536 350.0
parp14 1 745 | parp14 1 1428 | 0.628 350.0
parp14 1 745 | parp14 1 1429 | 0.801 350.0
parp14 1 745 | parp14 1 1447 | 0.828 350.0
parp14 1 746 | parp14 1 1427 | 0.657 350.0
parp14 1 746 | parp14 1 1428 | 0.878 350.0
parp14 1 747 | parp14 1 1427 | 0.790 350.0
parp14 1 747 | parp14 1 1450 | 0.790 350.0
parp14 1 747 | parp14 1 1451 | 0.822 350.0
parp14 1 748 | parp14 1 1427 | 0.851 350.0
parp14 1 749 | parp14 1 1427 | 0.866 350.0
parp14 1 749 | parp14 1 1450 | 0.887 350.0
parp14 1 750 | parp14 1 1427 | 0.653 350.0
parp14 1 750 | parp14 1 1450 | 0.623 350.0
parp14 1 750 | parp14 1 1453 | 0.880 350.0
parp14 1 751 | parp14 1 1427 | 0.536 350.0
parp14 1 751 | parp14 1 1428 | 0.819 350.0
parp14 1 751 | parp14 1 1429 | 0.890 350.0
parp14 1 753 | parp14 1 1450 | 0.772 350.0
parp14 1 753 | parp14 1 1453 | 0.843 350.0
parp14 1 754 | parp14 1 1450 | 0.853 350.0
parp14 1 761 | parp14 1 1446 | 0.843 350.0
parp14 1 765 | parp14 1 1442 | 0.618 350.0
parp14 1 765 | parp14 1 1445 | 0.840 350.0
parp14 1 765 | parp14 1 1446 | 0.839 350.0
parp14 1 766 | parp14 1 1433 | 0.890 350.0
parp14 1 766 | parp14 1 1442 | 0.878 350.0
parp14 1 768 | parp14 1 1442 | 0.810 350.0
parp14 1 769 | parp14 1 1433 | 0.800 350.0
parp14 1 769 | parp14 1 1438 | 0.559 350.0
parp14 1 769 | parp14 1 1439 | 0.751 350.0
parp14 1 769 | parp14 1 1441 | 0.714 350.0
parp14 1 769 | parp14 1 1442 | 0.610 350.0
parp14 1 770 | parp14 1 1432 | 0.892 350.0
parp14 1 770 | parp14 1 1433 | 0.643 350.0
parp14 1 770 | parp14 1 1434 | 0.760 350.0
parp14 1 770 | parp14 1 1438 | 0.721 350.0
parp14 1 770 | parp14 1 1439 | 0.865 350.0
parp14 1 770 | parp14 1 1442 | 0.871 350.0
parp14 1 771 | parp14 1 1431 | 0.661 350.0
parp14 1 771 | parp14 1 1432 | 0.551 350.0
parp14 1 771 | parp14 1 1433 | 0.436 350.0
parp14 1 771 | parp14 1 1434 | 0.734 350.0
parp14 1 771 | parp14 1 1438 | 0.689 350.0
parp14 1 771 | parp14 1 1439 | 0.644 350.0
parp14 1 771 | parp14 1 1442 | 0.692 350.0
parp14 1 772 | parp14 1 1430 | 0.817 350.0
parp14 1 772 | parp14 1 1431 | 0.565 350.0
parp14 1 772 | parp14 1 1432 | 0.508 350.0
parp14 1 772 | parp14 1 1433 | 0.636 350.0
parp14 1 772 | parp14 1 1439 | 0.876 350.0
parp14 1 772 | parp14 1 1442 | 0.889 350.0
parp14 1 773 | parp14 1 1429 | 0.686 350.0
parp14 1 773 | parp14 1 1430 | 0.562 350.0
parp14 1 773 | parp14 1 1431 | 0.446 350.0
parp14 1 773 | parp14 1 1432 | 0.634 350.0
parp14 1 773 | parp14 1 1433 | 0.885 350.0
parp14 1 773 | parp14 1 1442 | 0.859 350.0
parp14 1 774 | parp14 1 1428 | 0.875 350.0
parp14 1 774 | parp14 1 1429 | 0.591 350.0
parp14 1 774 | parp14 1 1430 | 0.534 350.0
parp14 1 774 | parp14 1 1431 | 0.665 350.0
parp14 1 774 | parp14 1 1432 | 0.867 350.0
parp14 1 775 | parp14 1 1427 | 0.736 350.0
parp14 1 775 | parp14 1 1428 | 0.619 350.0
parp14 1 775 | parp14 1 1429 | 0.472 350.0
parp14 1 775 | parp14 1 1430 | 0.630 350.0
parp14 1 775 | parp14 1 1431 | 0.887 350.0
parp14 1 776 | parp14 1 1427 | 0.738 350.0
parp14 1 776 | parp14 1 1428 | 0.533 350.0
parp14 1 776 | parp14 1 1429 | 0.554 350.0
parp14 1 776 | parp14 1 1430 | 0.627 350.0
