parp14 1 739 | parp14 1 1431 | 0.820 350.0
parp14 1 739 | parp14 1 1432 | 0.579 350.0
parp14 1 739 | parp14 1 1433 | 0.548 350.0
parp14 1 739 | parp14 1 1434 | 0.601 350.0
parp14 1 739 | parp14 1 1435 | 0.554 350.0
parp14 1 739 | parp14 1 1436 | 0.573 350.0
parp14 1 739 | parp14 1 1438 | 0.898 350.0
parp14 1 739 | parp14 1 1439 | 0.711 350.0
parp14 1 740 | parp14 1 1430 | 0.690 350.0
parp14 1 740 | parp14 1 1431 | 0.573 350.0
parp14 1 740 | parp14 1 1432 | 0.452 350.0
parp14 1 740 | parp14 1 1433 | 0.666 350.0
parp14 1 740 | parp14 1 1434 | 0.885 350.0
parp14 1 740 | parp14 1 1435 | 0.880 350.0
parp14 1 740 | parp14 1 1436 | 0.805 350.0
parp14 1 740 | parp14 1 1439 | 0.744 350.0
parp14 1 741 | parp14 1 1429 | 0.821 350.0
parp14 1 741 | parp14 1 1430 | 0.584 350.0
parp14 1 741 | parp14 1 1431 | 0.540 350.0
parp14 1 741 | parp14 1 1432 | 0.662 350.0
parp14 1 741 | parp14 1 1433 | 0.880 350.0
parp14 1 741 | parp14 1 1436 | 0.832 350.0
parp14 1 741 | parp14 1 1439 | 0.700 350.0
parp14 1 741 | parp14 1 1440 | 0.814 350.0
parp14 1 741 | parp14 1 1443 | 0.849 350.0
parp14 1 742 | parp14 1 1428 | 0.648 350.0
parp14 1 742 | parp14 1 1429 | 0.557 350.0
parp14 1 742 | parp14 1 1430 | 0.443 350.0
parp14 1 742 | parp14 1 1431 | 0.631 350.0
parp14 1 742 | parp14 1 1432 | 0.880 350.0
parp14 1 742 | parp14 1 1443 | 0.895 350.0
parp14 1 743 | parp14 1 1427 | 0.813 350.0
parp14 1 743 | parp14 1 1428 | 0.555 350.0
parp14 1 743 | parp14 1 1429 | 0.514 350.0
parp14 1 743 | parp14 1 1430 | 0.644 350.0
parp14 1 743 | parp14 1 1431 | 0.793 350.0
parp14 1 743 | parp14 1 1443 | 0.738 350.0
parp14 1 744 | parp14 1 1427 | 0.582 350.0
parp14 1 744 | parp14 1 1428 | 0.453 350.0
parp14 1 744 | parp14 1 1429 | 0.648 350.0
parp14 1 744 | parp14 1 1430 | 0.889 350.0
parp14 1 745 | parp14 1 1427 | 0.533 350.0
parp14 1 745 | parp14 1 1428 | 0.639 350.0
parp14 1 745 | parp14 1 1429 | 0.804 350.0
parp14 1 745 | parp14 1 1447 | 0.833 350.0
parp14 1 746 | parp14 1 1427 | 0.651 350.0
parp14 1 746 | parp14 1 1428 | 0.883 350.0
parp14 1 747 | parp14 1 1427 | 0.785 350.0
parp14 1 747 | parp14 1 1450 | 0.799 350.0
parp14 1 747 | parp14 1 1451 | 0.830 350.0
parp14 1 748 | parp14 1 1427 | 0.845 350.0
parp14 1 749 | parp14 1 1427 | 0.857 350.0
parp14 1 749 | parp14 1 1450 | 0.890 350.0
parp14 1 750 | parp14 1 1427 | 0.646 350.0
parp14 1 750 | parp14 1 1450 | 0.621 350.0
parp14 1 750 | parp14 1 1451 | 0.898 350.0
parp14 1 750 | parp14 1 1453 | 0.872 350.0
parp14 1 751 | parp14 1 1427 | 0.535 350.0
parp14 1 751 | parp14 1 1428 | 0.817 350.0
parp14 1 751 | parp14 1 1429 | 0.889 350.0
parp14 1 753 | parp14 1 1450 | 0.754 350.0
parp14 1 753 | parp14 1 1453 | 0.833 350.0
parp14 1 754 | parp14 1 1450 | 0.843 350.0
parp14 1 761 | parp14 1 1446 | 0.836 350.0
parp14 1 765 | parp14 1 1442 | 0.610 350.0
parp14 1 765 | parp14 1 1445 | 0.834 350.0
parp14 1 765 | parp14 1 1446 | 0.841 350.0
parp14 1 766 | parp14 1 1442 | 0.873 350.0
parp14 1 768 | parp14 1 1442 | 0.808 350.0
parp14 1 769 | parp14 1 1433 | 0.805 350.0
parp14 1 769 | parp14 1 1438 | 0.553 350.0
parp14 1 769 | parp14 1 1439 | 0.754 350.0
parp14 1 769 | parp14 1 1441 | 0.712 350.0
parp14 1 769 | parp14 1 1442 | 0.612 350.0
parp14 1 770 | parp14 1 1432 | 0.895 350.0
parp14 1 770 | parp14 1 1433 | 0.651 350.0
parp14 1 770 | parp14 1 1434 | 0.766 350.0
parp14 1 770 | parp14 1 1438 | 0.716 350.0
parp14 1 770 | parp14 1 1439 | 0.865 350.0
parp14 1 770 | parp14 1 1442 | 0.867 350.0
parp14 1 771 | parp14 1 1431 | 0.662 350.0
parp14 1 771 | parp14 1 1432 | 0.555 350.0
parp14 1 771 | parp14 1 1433 | 0.442 350.0
parp14 1 771 | parp14 1 1434 | 0.736 350.0
parp14 1 771 | parp14 1 1438 | 0.678 350.0
parp14 1 771 | parp14 1 1439 | 0.640 350.0
parp14 1 771 | parp14 1 1442 | 0.683 350.0
parp14 1 772 | parp14 1 1430 | 0.817 350.0
parp14 1 772 | parp14 1 1431 | 0.566 350.0
parp14 1 772 | parp14 1 1432 | 0.508 350.0
parp14 1 772 | parp14 1 1433 | 0.637 350.0
parp14 1 772 | parp14 1 1439 | 0.870 350.0
parp14 1 772 | parp14 1 1442 | 0.880 350.0
parp14 1 773 | parp14 1 1429 | 0.682 350.0
parp14 1 773 | parp14 1 1430 | 0.565 350.0
parp14 1 773 | parp14 1 1431 | 0.447 350.0
parp14 1 773 | parp14 1 1432 | 0.636 350.0
parp14 1 773 | parp14 1 1433 | 0.884 350.0
parp14 1 773 | parp14 1 1442 | 0.845 350.0
parp14 1 774 | parp14 1 1428 | 0.862 350.0
parp14 1 774 | parp14 1 1429 | 0.586 350.0
parp14 1 774 | parp14 1 1430 | 0.524 350.0
parp14 1 774 | parp14 1 1431 | 0.656 350.0
parp14 1 774 | parp14 1 1432 | 0.856 350.0
parp14 1 775 | parp14 1 1427 | 0.731 350.0
parp14 1 775 | parp14 1 1428 | 0.608 350.0
parp14 1 775 | parp14 1 1429 | 0.467 350.0
parp14 1 775 | parp14 1 1430 | 0.627 350.0
parp14 1 775 | parp14 1 1431 | 0.879 350.0
parp14 1 776 | parp14 1 1427 | 0.724 350.0
parp14 1 776 | parp14 1 1428 | 0.527 350.0
parp14 1 776 | parp14 1 1429 | 0.571 350.0
parp14 1 776 | parp14 1 1430 | 0.652 350.0
