i j d[nm] fc
1812 1814 0.5765 700.0000
1812 1831 0.8228 700.0000
1812 1856 0.6788 700.0000
1812 1857 0.4354 700.0000
1812 1858 0.7622 700.0000
1812 1859 0.6627 700.0000
1812 1865 0.5493 700.0000
1812 1868 0.7823 700.0000
1812 1869 0.7611 700.0000
1812 1887 0.6808 700.0000
1812 1888 0.6919 700.0000
1813 1815 0.8402 700.0000
1813 1847 0.7276 700.0000
1813 1850 0.8046 700.0000
1813 1854 0.6601 700.0000
1813 1855 0.7598 700.0000
1813 1856 0.6094 700.0000
1813 1857 0.6707 700.0000
1813 1887 0.7179 700.0000
1813 1888 0.4380 700.0000
1814 1816 0.6620 700.0000
1814 1827 0.7623 700.0000
1814 1831 0.8386 700.0000
1814 1844 0.8862 700.0000
1814 1847 0.8990 700.0000
1814 1853 0.7181 700.0000
1814 1854 0.5887 700.0000
1814 1855 0.5117 700.0000
1814 1856 0.8389 700.0000
1814 1857 0.6410 700.0000
1814 1885 0.6434 700.0000
1814 1886 0.7475 700.0000
1814 1887 0.5943 700.0000
1814 1888 0.6002 700.0000
1815 1817 0.5976 700.0000
1815 1850 0.8636 700.0000
1815 1851 0.6406 700.0000
1815 1852 0.7007 700.0000
1815 1853 0.5003 700.0000
1815 1854 0.5360 700.0000
1815 1855 0.7974 700.0000
1815 1885 0.8333 700.0000
1815 1886 0.5782 700.0000
1815 1887 0.8701 700.0000
1815 1888 0.7107 700.0000
1816 1818 0.6214 700.0000
1816 1819 0.7226 700.0000
1816 1820 0.8827 700.0000
1816 1823 0.7160 700.0000
1816 1827 0.8077 700.0000
1816 1852 0.8447 700.0000
1816 1853 0.4665 700.0000
1816 1854 0.6995 700.0000
1816 1855 0.6414 700.0000
1816 1876 0.8033 700.0000
1816 1883 0.6724 700.0000
1816 1884 0.6653 700.0000
1816 1885 0.6061 700.0000
1816 1886 0.6871 700.0000
1817 1852 0.8764 700.0000
1817 1853 0.7518 700.0000
1817 1883 0.7586 700.0000
1817 1884 0.6652 700.0000
1817 1885 0.8963 700.0000
1817 1886 0.7049 700.0000
1818 1820 0.7166 700.0000
1818 1823 0.6816 700.0000
1818 1853 0.8417 700.0000
1818 1876 0.8829 700.0000
1818 1878 0.5882 700.0000
1818 1879 0.7608 700.0000
1818 1881 0.8578 700.0000
1818 1883 0.6601 700.0000
1818 1884 0.8960 700.0000
1819 1821 0.7509 700.0000
1819 1823 0.6674 700.0000
1819 1852 0.7328 700.0000
1819 1853 0.6287 700.0000
1819 1855 0.8737 700.0000
1820 1822 0.6765 700.0000
1820 1823 0.4451 700.0000
1820 1824 0.7348 700.0000
1820 1846 0.8906 700.0000
1820 1853 0.8170 700.0000
1820 1855 0.8186 700.0000
1821 1823 0.5794 700.0000
1821 1824 0.6337 700.0000
1821 1825 0.6968 700.0000
1822 1825 0.7141 700.0000
1822 1826 0.6992 700.0000
1822 1878 0.8104 700.0000
1822 1879 0.7600 700.0000
1823 1825 0.7825 700.0000
1823 1826 0.5235 700.0000
1823 1827 0.5624 700.0000
1823 1853 0.8604 700.0000
1823 1855 0.7306 700.0000
1823 1876 0.7608 700.0000
1823 1878 0.6896 700.0000
1824 1826 0.8872 700.0000
1824 1827 0.6876 700.0000
1824 1828 0.5867 700.0000
1824 1843 0.8328 700.0000
1824 1844 0.4500 700.0000
1824 1845 0.6130 700.0000
1824 1846 0.6513 700.0000
1824 1855 0.6914 700.0000
1825 1827 0.8687 700.0000
1825 1828 0.6450 700.0000
1825 1829 0.7803 700.0000
1825 1844 0.8983 700.0000
1826 1828 0.8139 700.0000
1826 1829 0.5996 700.0000
1826 1830 0.7998 700.0000
1826 1876 0.6125 700.0000
1826 1877 0.6975 700.0000
1826 1878 0.6533 700.0000
1826 1879 0.8936 700.0000
1827 1829 0.6220 700.0000
1827 1830 0.6148 700.0000
1827 1831 0.5539 700.0000
1827 1832 0.8968 700.0000
1827 1842 0.8954 700.0000
1827 1844 0.6425 700.0000
1827 1855 0.6798 700.0000
1827 1857 0.7993 700.0000
1827 1876 0.6724 700.0000
1827 1885 0.7761 700.0000
1828 1830 0.8938 700.0000
1828 1831 0.7036 700.0000
1828 1832 0.5513 700.0000
1828 1842 0.5527 700.0000
1828 1843 0.6240 700.0000
1828 1844 0.4747 700.0000
1828 1845 0.8839 700.0000
1828 1857 0.8238 700.0000
1829 1831 0.6771 700.0000
1829 1832 0.5169 700.0000
1829 1833 0.6265 700.0000
1829 1836 0.8479 700.0000
1829 1842 0.8393 700.0000
1830 1832 0.8120 700.0000
1830 1833 0.5778 700.0000
1830 1834 0.8740 700.0000
1830 1836 0.4691 700.0000
1830 1837 0.4634 700.0000
1830 1838 0.7998 700.0000
1830 1839 0.8053 700.0000
1830 1868 0.8610 700.0000
1830 1874 0.6523 700.0000
1830 1875 0.7619 700.0000
1830 1876 0.6365 700.0000
1830 1885 0.7834 700.0000
1831 1833 0.6906 700.0000
1831 1836 0.7722 700.0000
1831 1837 0.5234 700.0000
1831 1838 0.7341 700.0000
1831 1839 0.6289 700.0000
1831 1840 0.6828 700.0000
1831 1842 0.6364 700.0000
1831 1844 0.8126 700.0000
1831 1857 0.6532 700.0000
1831 1859 0.7145 700.0000
1831 1864 0.8550 700.0000
1831 1868 0.6692 700.0000
1831 1874 0.7629 700.0000
1831 1885 0.8469 700.0000
1832 1834 0.8067 700.0000
1832 1837 0.8684 700.0000
1832 1839 0.6954 700.0000
1832 1840 0.4866 700.0000
1832 1841 0.6253 700.0000
1832 1842 0.4759 700.0000
1832 1843 0.8340 700.0000
1832 1859 0.8681 700.0000
1833 1835 0.5843 700.0000
1833 1836 0.4414 700.0000
1833 1837 0.5190 700.0000
1833 1838 0.6236 700.0000
1833 1839 0.5505 700.0000
1833 1840 0.6610 700.0000
1834 1836 0.5804 700.0000
1834 1837 0.5813 700.0000
1834 1838 0.4524 700.0000
1834 1839 0.4522 700.0000
1834 1840 0.6628 700.0000
1834 1864 0.8836 700.0000
1834 1867 0.7524 700.0000
1835 1837 0.7926 700.0000
1835 1838 0.7902 700.0000
1835 1839 0.8863 700.0000
1836 1838 0.6204 700.0000
1836 1839 0.7328 700.0000
1836 1871 0.7886 700.0000
1836 1874 0.8078 700.0000
1836 1875 0.8812 700.0000
1837 1839 0.4684 700.0000
1837 1840 0.7641 700.0000
1837 1864 0.8201 700.0000
1837 1867 0.7341 700.0000
1837 1868 0.5403 700.0000
1837 1871 0.6177 700.0000
1837 1874 0.6432 700.0000
1838 1840 0.6540 700.0000
1838 1863 0.8339 700.0000
1838 1864 0.5893 700.0000
1838 1867 0.4129 700.0000
1838 1868 0.5354 700.0000
1838 1871 0.6914 700.0000
1839 1841 0.8378 700.0000
1839 1842 0.7799 700.0000
1839 1859 0.7144 700.0000
1839 1861 0.8652 700.0000
1839 1863 0.7721 700.0000
1839 1864 0.4759 700.0000
1839 1865 0.8937 700.0000
1839 1867 0.5099 700.0000
1839 1868 0.6384 700.0000
1840 1842 0.5020 700.0000
1840 1859 0.5717 700.0000
1840 1860 0.7018 700.0000
1840 1861 0.7067 700.0000
1840 1863 0.8379 700.0000
1840 1864 0.5576 700.0000
1840 1867 0.7785 700.0000
1840 1868 0.8973 700.0000
1841 1843 0.8045 700.0000
1841 1859 0.7456 700.0000
1841 1860 0.5174 700.0000
1841 1861 0.6933 700.0000
1841 1864 0.8923 700.0000
1842 1844 0.6428 700.0000
1842 1857 0.6229 700.0000
1842 1858 0.6874 700.0000
1842 1859 0.5015 700.0000
1842 1860 0.7002 700.0000
1842 1864 0.8625 700.0000
1843 1845 0.6514 700.0000
1843 1856 0.7856 700.0000
1843 1857 0.5972 700.0000
1843 1858 0.4632 700.0000
1843 1859 0.7024 700.0000
1843 1860 0.8280 700.0000
1844 1846 0.7150 700.0000
1844 1855 0.6491 700.0000
1844 1856 0.7463 700.0000
1844 1857 0.5398 700.0000
1844 1858 0.7189 700.0000
1845 1847 0.6331 700.0000
1845 1854 0.8527 700.0000
1845 1855 0.5934 700.0000
1845 1856 0.5063 700.0000
1845 1857 0.6588 700.0000
1845 1858 0.7067 700.0000
1846 1848 0.6088 700.0000
1846 1853 0.8194 700.0000
1846 1854 0.7159 700.0000
1846 1855 0.5562 700.0000
1846 1856 0.7863 700.0000
1847 1849 0.6484 700.0000
1847 1850 0.4725 700.0000
1847 1851 0.7664 700.0000
1847 1853 0.8350 700.0000
1847 1854 0.5382 700.0000
1847 1855 0.6890 700.0000
1847 1856 0.5785 700.0000
1848 1850 0.7939 700.0000
1849 1851 0.8526 700.0000
1850 1852 0.7560 700.0000
1850 1853 0.8079 700.0000
1850 1854 0.5306 700.0000
1851 1853 0.5557 700.0000
1851 1854 0.4858 700.0000
1851 1855 0.8983 700.0000
1852 1854 0.5976 700.0000
1852 1855 0.8895 700.0000
1853 1855 0.4912 700.0000
1854 1856 0.8802 700.0000
1854 1888 0.8270 700.0000
1855 1857 0.7525 700.0000
1856 1858 0.5039 700.0000
1857 1859 0.5364 700.0000
1857 1865 0.7844 700.0000
1858 1860 0.7605 700.0000
1859 1861 0.6890 700.0000
1859 1862 0.8642 700.0000
1859 1863 0.7666 700.0000
1859 1864 0.5125 700.0000
1859 1865 0.5345 700.0000
1859 1867 0.8992 700.0000
1859 1868 0.8072 700.0000
1860 1863 0.8313 700.0000
1860 1864 0.7559 700.0000
1861 1863 0.5067 700.0000
1861 1864 0.5687 700.0000
1861 1865 0.8819 700.0000
1861 1867 0.8607 700.0000
1862 1864 0.7607 700.0000
1862 1865 0.5878 700.0000
1862 1866 0.5583 700.0000
1863 1865 0.6413 700.0000
1863 1866 0.5081 700.0000
1863 1867 0.4880 700.0000
1863 1868 0.8589 700.0000
1864 1866 0.6140 700.0000
1864 1867 0.4074 700.0000
1864 1868 0.6114 700.0000
1864 1869 0.8404 700.0000
1865 1867 0.7829 700.0000
1865 1868 0.6137 700.0000
1865 1869 0.5766 700.0000
1866 1868 0.7216 700.0000
1866 1869 0.5798 700.0000
1866 1870 0.7173 700.0000
1867 1869 0.8285 700.0000
1867 1870 0.7562 700.0000
1867 1871 0.8460 700.0000
1868 1870 0.7275 700.0000
1868 1871 0.5757 700.0000
1868 1872 0.6642 700.0000
1868 1874 0.6483 700.0000
1868 1887 0.7691 700.0000
1869 1871 0.7661 700.0000
1869 1872 0.6241 700.0000
1869 1874 0.8519 700.0000
1869 1887 0.6365 700.0000
1870 1872 0.7369 700.0000
1871 1873 0.5992 700.0000
1871 1874 0.5405 700.0000
1872 1874 0.4808 700.0000
1872 1885 0.8133 700.0000
1872 1886 0.8905 700.0000
1872 1887 0.6410 700.0000
1873 1875 0.7168 700.0000
1873 1884 0.8828 700.0000
1873 1885 0.8312 700.0000
1874 1876 0.8141 700.0000
1874 1884 0.7854 700.0000
1874 1885 0.4677 700.0000
1874 1886 0.8039 700.0000
1874 1887 0.6852 700.0000
1875 1877 0.7100 700.0000
1875 1882 0.6171 700.0000
1875 1883 0.6163 700.0000
1875 1884 0.6110 700.0000
1875 1885 0.6741 700.0000
1876 1878 0.5745 700.0000
1876 1882 0.6699 700.0000
1876 1883 0.4475 700.0000
1876 1884 0.6641 700.0000
1876 1885 0.6322 700.0000
1877 1879 0.7193 700.0000
1877 1880 0.6432 700.0000
1877 1881 0.6965 700.0000
1877 1882 0.5598 700.0000
1877 1883 0.6703 700.0000
1878 1880 0.7200 700.0000
1878 1881 0.5826 700.0000
1878 1882 0.6782 700.0000
1878 1883 0.5727 700.0000
1879 1881 0.5802 700.0000
1879 1882 0.8991 700.0000
1880 1882 0.8306 700.0000
1881 1883 0.7066 700.0000
1882 1884 0.6804 700.0000
1883 1885 0.6546 700.0000
1883 1886 0.8833 700.0000
1884 1886 0.5598 700.0000
1885 1887 0.6416 700.0000
1886 1888 0.7621 700.0000
1939 1941 0.6532 700.0000
1939 1975 0.7542 700.0000
1939 1976 0.5789 700.0000
1939 1977 0.4385 700.0000
1939 1978 0.6527 700.0000
1939 1979 0.6231 700.0000
1939 1981 0.8897 700.0000
1939 1982 0.6090 700.0000
1940 1942 0.6680 700.0000
1940 1966 0.8823 700.0000
1940 1974 0.6100 700.0000
1940 1975 0.5885 700.0000
1940 1976 0.4998 700.0000
1940 1977 0.6636 700.0000
1940 1982 0.8109 700.0000
1941 1943 0.6222 700.0000
1941 1972 0.8982 700.0000
1941 1973 0.8257 700.0000
1941 1974 0.5489 700.0000
1941 1975 0.4117 700.0000
1941 1976 0.6734 700.0000
1941 1977 0.8146 700.0000
1941 1982 0.6749 700.0000
1942 1944 0.7952 700.0000
1942 1972 0.5775 700.0000
1942 1973 0.7533 700.0000
1942 1974 0.4959 700.0000
1942 1975 0.6915 700.0000
1943 1945 0.5290 700.0000
1943 1946 0.8841 700.0000
1943 1947 0.8360 700.0000
1943 1948 0.7304 700.0000
1943 1953 0.7493 700.0000
1943 1965 0.8635 700.0000
1943 1971 0.7516 700.0000
1943 1972 0.6166 700.0000
1943 1973 0.4682 700.0000
1943 1974 0.7428 700.0000
1943 1975 0.6443 700.0000
1943 1985 0.8888 700.0000
1943 1989 0.8396 700.0000
1944 1946 0.4879 700.0000
1944 1947 0.5024 700.0000
1944 1948 0.6561 700.0000
1944 1971 0.6083 700.0000
1944 1972 0.6309 700.0000
1944 1973 0.7837 700.0000
1945 1947 0.6676 700.0000
1945 1948 0.6118 700.0000
1945 1949 0.8064 700.0000
1945 1950 0.8481 700.0000
1945 1953 0.5585 700.0000
1945 1968 0.8574 700.0000
1945 1971 0.4520 700.0000
1945 1972 0.6190 700.0000
1945 1973 0.5244 700.0000
1946 1948 0.7094 700.0000
1946 1971 0.5991 700.0000
1946 1972 0.8553 700.0000
1947 1949 0.8225 700.0000
1947 1989 0.8475 700.0000
1947 1993 0.6111 700.0000
1948 1952 0.5404 700.0000
1948 1953 0.6146 700.0000
1948 1989 0.5829 700.0000
1948 1990 0.8961 700.0000
1948 1992 0.7644 700.0000
1948 1993 0.6673 700.0000
1949 1951 0.5129 700.0000
1949 1952 0.3849 700.0000
1949 1953 0.5226 700.0000
1949 1954 0.8154 700.0000
1949 1992 0.8741 700.0000
1950 1952 0.7909 700.0000
1950 1953 0.4985 700.0000
1950 1954 0.7177 700.0000
1951 1953 0.7641 700.0000
1951 1954 0.6518 700.0000
1951 1955 0.8206 700.0000
1952 1954 0.6987 700.0000
1952 1955 0.7234 700.0000
1952 1956 0.7935 700.0000
1952 1988 0.7203 700.0000
1952 1989 0.6808 700.0000
1952 1992 0.5711 700.0000
1953 1956 0.7237 700.0000
1953 1965 0.8213 700.0000
1953 1973 0.6448 700.0000
1954 1956 0.5336 700.0000
1954 1957 0.5185 700.0000
1954 1958 0.6531 700.0000
1954 1965 0.8529 700.0000
1955 1957 0.6959 700.0000
1955 1958 0.4637 700.0000
1955 1959 0.5592 700.0000
1955 1960 0.8879 700.0000
1955 1988 0.6870 700.0000
1956 1958 0.6299 700.0000
1956 1959 0.5768 700.0000
1956 1960 0.5978 700.0000
1956 1961 0.8576 700.0000
1956 1963 0.7243 700.0000
1956 1965 0.7323 700.0000
1956 1975 0.8458 700.0000
1956 1985 0.5511 700.0000
1956 1988 0.7148 700.0000
1956 1989 0.7763 700.0000
1957 1959 0.6650 700.0000
1957 1960 0.5976 700.0000
1957 1961 0.5715 700.0000
1957 1962 0.8200 700.0000
1957 1963 0.6565 700.0000
1957 1965 0.6945 700.0000
1958 1960 0.6474 700.0000
1958 1961 0.6498 700.0000
1959 1961 0.7189 700.0000
1959 1981 0.7802 700.0000
1959 1984 0.6445 700.0000
1959 1985 0.7071 700.0000
1959 1988 0.7162 700.0000
1960 1962 0.5512 700.0000
1960 1963 0.5185 700.0000
1960 1977 0.8987 700.0000
1960 1978 0.8768 700.0000
1960 1981 0.4770 700.0000
1960 1982 0.8351 700.0000
1960 1984 0.6649 700.0000
1960 1985 0.6720 700.0000
1961 1963 0.5779 700.0000
1961 1981 0.8177 700.0000
1962 1964 0.7360 700.0000
1962 1976 0.8506 700.0000
1962 1977 0.7013 700.0000
1962 1978 0.6949 700.0000
1962 1981 0.6602 700.0000
1963 1965 0.6217 700.0000
1963 1975 0.6272 700.0000
1963 1976 0.6056 700.0000
1963 1977 0.5812 700.0000
1963 1978 0.7620 700.0000
1963 1981 0.6367 700.0000
1963 1982 0.7937 700.0000
1963 1985 0.8368 700.0000
1964 1966 0.6779 700.0000
1964 1975 0.8476 700.0000
1964 1976 0.5711 700.0000
1964 1977 0.7930 700.0000
1965 1967 0.6933 700.0000
1965 1973 0.5767 700.0000
1965 1974 0.7893 700.0000
1965 1975 0.5646 700.0000
1965 1976 0.7771 700.0000
1966 1968 0.7125 700.0000
1966 1973 0.7289 700.0000
1966 1974 0.4714 700.0000
1966 1975 0.6990 700.0000
1966 1976 0.6876 700.0000
1967 1969 0.7737 700.0000
1967 1971 0.8248 700.0000
1967 1972 0.8288 700.0000
1967 1973 0.5545 700.0000
1967 1974 0.8215 700.0000
1968 1970 0.6644 700.0000
1968 1971 0.5753 700.0000
1968 1972 0.4914 700.0000
1968 1973 0.5896 700.0000
1968 1974 0.6621 700.0000
1969 1971 0.7427 700.0000
1969 1972 0.7129 700.0000
1970 1972 0.6042 700.0000
1971 1973 0.6268 700.0000
1972 1974 0.6484 700.0000
1973 1975 0.6622 700.0000
1974 1976 0.7038 700.0000
1975 1977 0.6678 700.0000
1975 1982 0.6674 700.0000
1975 1985 0.7960 700.0000
1976 1978 0.7838 700.0000
1976 1982 0.8106 700.0000
1977 1979 0.7691 700.0000
1977 1981 0.6303 700.0000
1977 1982 0.6081 700.0000
1978 1980 0.6170 700.0000
1978 1981 0.5023 700.0000
1978 1982 0.7021 700.0000
1979 1981 0.7283 700.0000
1979 1982 0.5570 700.0000
1979 1983 0.5272 700.0000
1980 1982 0.7473 700.0000
1980 1983 0.5877 700.0000
1980 1984 0.6089 700.0000
1981 1983 0.7305 700.0000
1981 1984 0.5296 700.0000
1981 1985 0.6534 700.0000
1982 1984 0.7840 700.0000
1982 1985 0.5203 700.0000
1982 1986 0.7087 700.0000
1983 1985 0.7374 700.0000
1983 1986 0.6385 700.0000
1983 1987 0.6286 700.0000
1984 1987 0.6730 700.0000
1984 1988 0.8434 700.0000
1985 1987 0.7171 700.0000
1985 1988 0.6058 700.0000
1985 1989 0.5819 700.0000
1985 1990 0.8756 700.0000
1986 1988 0.8128 700.0000
1986 1989 0.5824 700.0000
1986 1990 0.5407 700.0000
1986 1991 0.8866 700.0000
1987 1989 0.7593 700.0000
1987 1990 0.6069 700.0000
1987 1991 0.5942 700.0000
1988 1990 0.6684 700.0000
1988 1991 0.5568 700.0000
1988 1992 0.5309 700.0000
1989 1991 0.7032 700.0000
1989 1992 0.5838 700.0000
1989 1993 0.7108 700.0000
1990 1992 0.6714 700.0000
1990 1993 0.5941 700.0000
1990 1994 0.5844 700.0000
1990 1995 0.8868 700.0000
1991 1993 0.8672 700.0000
1991 1994 0.6377 700.0000
1991 1995 0.6511 700.0000
1992 1994 0.7056 700.0000
1992 1995 0.4894 700.0000
1992 1996 0.6566 700.0000
1993 1995 0.7910 700.0000
1993 1996 0.5418 700.0000
1993 1997 0.5402 700.0000
1994 1996 0.6235 700.0000
1994 1997 0.5757 700.0000
1994 1998 0.6239 700.0000
1995 1997 0.8288 700.0000
1995 1998 0.5940 700.0000
1995 1999 0.7321 700.0000
1996 1998 0.6180 700.0000
1996 1999 0.5605 700.0000
1996 2000 0.7389 700.0000
1997 1999 0.7912 700.0000
1997 2000 0.6563 700.0000
1997 2001 0.7514 700.0000
1998 2000 0.8119 700.0000
1998 2001 0.8258 700.0000
1998 2002 0.8134 700.0000
1999 2002 0.8797 700.0000
2000 2002 0.8344 700.0000
2034 2036 0.4426 700.0000
2034 2037 0.7523 700.0000
2034 2079 0.8532 700.0000
2034 2092 0.7924 700.0000
2035 2037 0.7613 700.0000
2035 2079 0.6038 700.0000
2035 2080 0.5589 700.0000
2035 2081 0.7536 700.0000
2035 2088 0.6508 700.0000
2035 2089 0.8795 700.0000
2035 2092 0.6059 700.0000
2036 2038 0.6221 700.0000
2036 2077 0.6096 700.0000
2036 2078 0.7187 700.0000
2036 2079 0.6258 700.0000
2036 2080 0.8219 700.0000
2036 2092 0.8863 700.0000
2037 2039 0.7241 700.0000
2037 2077 0.7255 700.0000
2037 2078 0.5204 700.0000
2037 2079 0.7852 700.0000
2037 2080 0.6639 700.0000
2037 2092 0.5704 700.0000
2037 2095 0.7135 700.0000
2037 2096 0.7530 700.0000
2038 2040 0.7636 700.0000
2038 2071 0.6941 700.0000
2038 2072 0.7971 700.0000
2038 2075 0.5479 700.0000
2038 2076 0.6142 700.0000
2038 2077 0.5493 700.0000
2038 2078 0.7327 700.0000
2039 2041 0.6940 700.0000
2039 2042 0.8133 700.0000
2039 2043 0.7163 700.0000
2039 2044 0.6514 700.0000
2039 2075 0.5335 700.0000
2039 2076 0.4407 700.0000
2039 2077 0.7049 700.0000
2039 2078 0.6732 700.0000
2039 2099 0.7433 700.0000
2040 2042 0.5290 700.0000
2040 2043 0.4826 700.0000
2040 2044 0.7375 700.0000
2040 2045 0.8780 700.0000
2040 2074 0.6778 700.0000
2040 2075 0.5038 700.0000
2040 2076 0.6259 700.0000
2040 2099 0.8692 700.0000
2041 2043 0.7504 700.0000
2041 2044 0.6013 700.0000
2041 2045 0.5121 700.0000
2041 2070 0.7544 700.0000
2041 2072 0.8906 700.0000
2041 2073 0.8695 700.0000
2041 2074 0.5285 700.0000
2041 2075 0.6436 700.0000
2041 2076 0.5830 700.0000
2042 2044 0.7130 700.0000
2042 2045 0.5032 700.0000
2042 2046 0.7657 700.0000
2042 2074 0.7125 700.0000
2042 2075 0.8790 700.0000
2042 2076 0.8974 700.0000
2043 2045 0.8176 700.0000
2043 2046 0.6925 700.0000
2043 2047 0.8722 700.0000
2043 2099 0.7136 700.0000
2043 2103 0.5049 700.0000
2044 2046 0.8666 700.0000
2044 2047 0.5902 700.0000
2044 2048 0.5627 700.0000
2044 2055 0.8967 700.0000
2044 2068 0.7747 700.0000
2044 2076 0.6262 700.0000
2044 2078 0.7859 700.0000
2044 2099 0.7421 700.0000
2045 2047 0.8479 700.0000
2045 2048 0.6345 700.0000
2045 2049 0.8162 700.0000
2046 2048 0.8591 700.0000
2046 2049 0.6202 700.0000
2046 2050 0.5326 700.0000
2046 2051 0.8185 700.0000
2046 2099 0.8995 700.0000
2046 2102 0.7135 700.0000
2046 2103 0.6396 700.0000
2047 2049 0.8699 700.0000
2047 2050 0.6021 700.0000
2047 2051 0.4582 700.0000
2047 2052 0.7360 700.0000
2047 2054 0.7163 700.0000
2047 2055 0.7560 700.0000
2047 2095 0.7529 700.0000
2047 2098 0.7386 700.0000
2047 2099 0.5258 700.0000
2047 2102 0.5983 700.0000
2047 2103 0.7062 700.0000
2048 2050 0.7865 700.0000
2048 2051 0.6895 700.0000
2048 2052 0.5462 700.0000
2048 2053 0.8731 700.0000
2048 2055 0.7476 700.0000
2049 2051 0.7747 700.0000
2049 2052 0.7515 700.0000
2050 2052 0.6788 700.0000
2050 2102 0.6522 700.0000
2051 2053 0.6589 700.0000
2051 2054 0.5176 700.0000
2051 2055 0.7872 700.0000
2051 2098 0.7664 700.0000
2051 2102 0.6761 700.0000
2052 2054 0.6819 700.0000
2052 2055 0.7237 700.0000
2052 2056 0.7838 700.0000
2053 2055 0.6924 700.0000
2053 2056 0.5575 700.0000
2053 2057 0.6691 700.0000
2054 2056 0.7297 700.0000
2054 2057 0.5173 700.0000
2054 2058 0.5999 700.0000
2054 2094 0.8188 700.0000
2054 2095 0.7927 700.0000
2054 2098 0.6098 700.0000
2055 2057 0.6341 700.0000
2055 2058 0.5548 700.0000
2055 2059 0.5855 700.0000
2055 2066 0.6394 700.0000
2055 2095 0.7123 700.0000
2056 2058 0.6746 700.0000
2056 2059 0.4908 700.0000
2056 2060 0.5888 700.0000
2056 2066 0.8493 700.0000
2057 2059 0.6300 700.0000
2057 2060 0.4974 700.0000
2057 2061 0.6148 700.0000
2057 2062 0.7921 700.0000
2058 2060 0.7024 700.0000
2058 2061 0.5896 700.0000
2058 2062 0.5531 700.0000
2058 2063 0.8123 700.0000
2058 2064 0.6706 700.0000
2058 2066 0.7973 700.0000
2058 2090 0.8460 700.0000
2058 2091 0.5857 700.0000
2058 2094 0.6284 700.0000
2058 2095 0.6956 700.0000
2058 2098 0.8889 700.0000
2059 2062 0.7816 700.0000
2059 2063 0.6261 700.0000
2059 2064 0.4591 700.0000
2059 2065 0.5279 700.0000
2059 2066 0.5672 700.0000
2059 2080 0.8879 700.0000
2059 2081 0.8964 700.0000
2059 2091 0.8831 700.0000
2060 2062 0.8289 700.0000
2060 2063 0.7448 700.0000
2060 2064 0.8239 700.0000
2061 2063 0.8584 700.0000
2061 2087 0.8667 700.0000
2061 2090 0.8064 700.0000
2061 2091 0.7884 700.0000
2061 2094 0.7883 700.0000
2062 2064 0.6047 700.0000
2062 2086 0.8200 700.0000
2062 2087 0.4987 700.0000
2062 2088 0.7674 700.0000
2062 2090 0.5391 700.0000
2062 2091 0.4940 700.0000
2062 2094 0.7569 700.0000
2063 2065 0.6555 700.0000
2063 2081 0.8051 700.0000
2063 2082 0.5964 700.0000
2063 2083 0.6759 700.0000
2063 2084 0.6678 700.0000
2063 2087 0.5925 700.0000
2063 2088 0.7882 700.0000
2063 2091 0.8429 700.0000
2064 2066 0.6381 700.0000
2064 2080 0.6700 700.0000
2064 2081 0.5823 700.0000
2064 2082 0.5673 700.0000
2064 2083 0.8063 700.0000
2064 2087 0.7133 700.0000
2064 2088 0.6613 700.0000
2064 2091 0.6793 700.0000
2065 2067 0.6601 700.0000
2065 2079 0.8441 700.0000
2065 2080 0.7410 700.0000
2065 2081 0.4565 700.0000
2065 2082 0.6916 700.0000
2066 2068 0.6333 700.0000
2066 2078 0.6225 700.0000
2066 2079 0.6539 700.0000
2066 2080 0.5214 700.0000
2066 2081 0.6744 700.0000
2066 2095 0.8341 700.0000
2067 2069 0.6108 700.0000
2067 2077 0.8035 700.0000
2067 2078 0.7527 700.0000
2067 2079 0.4964 700.0000
2067 2080 0.7781 700.0000
2067 2081 0.6653 700.0000
2068 2070 0.8043 700.0000
2068 2076 0.6819 700.0000
2068 2077 0.6478 700.0000
2068 2078 0.5816 700.0000
2068 2079 0.7802 700.0000
2069 2071 0.6755 700.0000
2069 2076 0.7177 700.0000
2069 2077 0.5029 700.0000
2069 2078 0.7577 700.0000
2069 2079 0.7402 700.0000
2070 2072 0.5854 700.0000
2070 2073 0.7156 700.0000
2070 2074 0.8026 700.0000
2070 2075 0.7352 700.0000
2070 2076 0.5808 700.0000
2070 2077 0.7631 700.0000
2071 2073 0.6748 700.0000
2071 2074 0.8973 700.0000
2071 2075 0.5776 700.0000
2071 2076 0.6276 700.0000
2071 2077 0.5867 700.0000
2072 2074 0.6202 700.0000
2072 2075 0.4469 700.0000
2072 2076 0.7111 700.0000
2072 2077 0.8521 700.0000
2073 2075 0.6006 700.0000
2074 2076 0.8131 700.0000
2075 2077 0.7611 700.0000
2076 2078 0.5989 700.0000
2077 2079 0.6155 700.0000
2078 2080 0.6004 700.0000
2078 2092 0.8906 700.0000
2078 2095 0.7514 700.0000
2079 2081 0.5984 700.0000
2080 2082 0.8222 700.0000
2080 2088 0.6056 700.0000
2080 2091 0.6611 700.0000
2080 2092 0.5446 700.0000
2080 2095 0.7766 700.0000
2081 2083 0.7720 700.0000
2081 2088 0.6963 700.0000
2082 2084 0.6517 700.0000
2082 2085 0.6410 700.0000
2082 2086 0.7904 700.0000
2082 2087 0.6931 700.0000
2082 2088 0.5450 700.0000
2083 2085 0.7088 700.0000
2083 2086 0.8968 700.0000
2083 2087 0.8013 700.0000
2083 2088 0.8644 700.0000
2084 2086 0.6799 700.0000
2084 2087 0.5682 700.0000
2085 2087 0.6052 700.0000
2085 2088 0.5926 700.0000
2085 2089 0.7898 700.0000
2086 2088 0.5565 700.0000
2086 2089 0.6001 700.0000
2086 2090 0.6761 700.0000
2086 2091 0.8639 700.0000
2087 2089 0.7705 700.0000
2087 2090 0.5974 700.0000
2087 2091 0.6989 700.0000
2088 2090 0.6252 700.0000
2088 2091 0.5727 700.0000
2088 2092 0.6022 700.0000
2089 2091 0.6868 700.0000
2089 2092 0.5805 700.0000
2089 2093 0.5893 700.0000
2090 2092 0.6715 700.0000
2090 2093 0.4688 700.0000
2090 2094 0.6014 700.0000
2091 2093 0.5972 700.0000
2091 2094 0.4995 700.0000
2091 2095 0.6733 700.0000
2091 2096 0.8236 700.0000
2092 2094 0.8169 700.0000
2092 2095 0.7434 700.0000
2092 2096 0.7526 700.0000
2093 2095 0.8612 700.0000
2093 2096 0.6619 700.0000
2093 2097 0.7266 700.0000
2094 2096 0.5606 700.0000
2094 2097 0.5333 700.0000
2094 2098 0.5841 700.0000
2095 2097 0.6898 700.0000
2095 2098 0.6561 700.0000
2095 2099 0.5689 700.0000
2095 2100 0.8280 700.0000
2096 2098 0.6426 700.0000
2096 2099 0.5675 700.0000
2096 2100 0.4884 700.0000
2096 2101 0.8949 700.0000
2097 2099 0.7235 700.0000
2097 2100 0.4979 700.0000
2097 2101 0.6115 700.0000
2097 2102 0.8369 700.0000
2098 2100 0.7421 700.0000
2098 2101 0.5480 700.0000
2098 2102 0.5917 700.0000
2099 2101 0.8218 700.0000
2099 2102 0.6382 700.0000
2099 2103 0.5060 700.0000
2100 2102 0.7697 700.0000
2100 2103 0.6477 700.0000
2101 2103 0.7475 700.0000
2106 2108 0.7426 700.0000
2106 2145 0.6343 700.0000
2106 2146 0.4634 700.0000
2106 2147 0.6834 700.0000
2106 2148 0.8940 700.0000
2107 2109 0.6788 700.0000
2107 2144 0.8974 700.0000
2107 2145 0.7707 700.0000
2107 2146 0.5146 700.0000
2107 2147 0.6213 700.0000
2107 2148 0.5073 700.0000
2107 2151 0.7044 700.0000
2108 2110 0.6259 700.0000
2108 2143 0.6161 700.0000
2108 2144 0.6484 700.0000
2108 2145 0.5540 700.0000
2108 2146 0.7562 700.0000
2108 2151 0.8793 700.0000
2109 2111 0.7263 700.0000
2109 2143 0.7486 700.0000
2109 2144 0.5304 700.0000
2109 2145 0.8009 700.0000
2109 2146 0.8104 700.0000
2109 2148 0.7366 700.0000
2109 2151 0.5417 700.0000
2109 2152 0.8048 700.0000
2109 2155 0.6745 700.0000
2110 2112 0.6939 700.0000
2110 2141 0.6223 700.0000
2110 2142 0.6509 700.0000
2110 2143 0.5195 700.0000
2110 2144 0.6240 700.0000
2110 2155 0.8796 700.0000
2111 2113 0.5920 700.0000
2111 2119 0.8919 700.0000
2111 2140 0.7349 700.0000
2111 2141 0.6212 700.0000
2111 2142 0.4527 700.0000
2111 2143 0.7001 700.0000
2111 2144 0.6775 700.0000
2111 2155 0.6522 700.0000
2111 2158 0.7432 700.0000
2112 2114 0.7242 700.0000
2112 2140 0.5671 700.0000
2112 2141 0.5421 700.0000
2112 2142 0.6801 700.0000
2113 2115 0.6558 700.0000
2113 2116 0.7584 700.0000
2113 2118 0.5947 700.0000
2113 2119 0.5864 700.0000
2113 2122 0.7700 700.0000
2113 2139 0.7655 700.0000
2113 2140 0.4444 700.0000
2113 2141 0.7006 700.0000
2113 2142 0.6403 700.0000
2113 2158 0.7965 700.0000
2113 2162 0.7817 700.0000
2114 2116 0.7200 700.0000
2114 2118 0.6175 700.0000
2114 2119 0.8387 700.0000
2114 2139 0.8636 700.0000
2114 2140 0.6110 700.0000
2114 2162 0.8984 700.0000
2115 2117 0.5069 700.0000
2115 2118 0.4738 700.0000
2115 2119 0.6820 700.0000
2115 2139 0.7487 700.0000
2115 2140 0.6643 700.0000
2116 2118 0.6333 700.0000
2116 2119 0.5259 700.0000
2116 2120 0.6336 700.0000
2116 2137 0.7002 700.0000
2116 2139 0.4866 700.0000
2116 2140 0.5832 700.0000
2117 2119 0.7104 700.0000
2117 2120 0.6730 700.0000
2117 2121 0.7756 700.0000
2118 2120 0.7851 700.0000
2118 2121 0.6202 700.0000
2118 2122 0.6009 700.0000
2118 2140 0.8248 700.0000
2118 2162 0.7679 700.0000
2119 2121 0.6496 700.0000
2119 2122 0.5258 700.0000
2119 2123 0.6124 700.0000
2119 2124 0.8450 700.0000
2119 2135 0.8994 700.0000
2119 2137 0.5853 700.0000
2119 2139 0.6674 700.0000
2119 2140 0.6147 700.0000
2119 2141 0.8998 700.0000
2119 2142 0.5980 700.0000
2120 2122 0.7535 700.0000
2120 2123 0.4980 700.0000
2120 2124 0.5796 700.0000
2120 2137 0.5810 700.0000
2120 2139 0.8321 700.0000
2120 2142 0.8960 700.0000
2121 2123 0.8083 700.0000
2121 2124 0.5896 700.0000
2121 2125 0.5542 700.0000
2122 2124 0.7861 700.0000
2122 2125 0.5514 700.0000
2122 2126 0.6411 700.0000
2122 2142 0.8066 700.0000
2122 2154 0.8758 700.0000
2122 2157 0.8130 700.0000
2122 2158 0.5610 700.0000
2122 2161 0.7414 700.0000
2122 2162 0.8159 700.0000
2123 2125 0.8014 700.0000
2123 2126 0.6531 700.0000
2123 2127 0.5613 700.0000
2123 2134 0.8760 700.0000
2123 2135 0.4670 700.0000
2123 2136 0.8376 700.0000
2123 2137 0.6122 700.0000
2123 2142 0.7251 700.0000
2124 2126 0.7613 700.0000
2124 2127 0.6410 700.0000
2124 2128 0.7497 700.0000
2125 2127 0.7691 700.0000
2125 2128 0.7131 700.0000
2125 2129 0.6564 700.0000
2125 2157 0.7991 700.0000
2126 2128 0.7665 700.0000
2126 2129 0.5344 700.0000
2126 2130 0.5086 700.0000
2126 2133 0.6744 700.0000
2126 2135 0.6872 700.0000
2126 2144 0.8818 700.0000
2126 2153 0.8532 700.0000
2126 2154 0.6100 700.0000
2126 2157 0.7069 700.0000
2126 2158 0.8049 700.0000
2127 2129 0.7292 700.0000
2127 2130 0.6694 700.0000
2127 2131 0.6598 700.0000
2127 2133 0.6324 700.0000
2127 2134 0.7902 700.0000
2127 2135 0.5971 700.0000
2128 2130 0.8283 700.0000
2128 2131 0.7705 700.0000
2129 2131 0.7984 700.0000
2129 2153 0.8932 700.0000
2129 2154 0.8488 700.0000
2129 2157 0.7310 700.0000
2130 2132 0.7486 700.0000
2130 2133 0.5307 700.0000
2130 2150 0.5363 700.0000
2130 2151 0.8498 700.0000
2130 2153 0.6860 700.0000
2130 2154 0.6524 700.0000
2130 2157 0.8272 700.0000
2131 2133 0.6611 700.0000
2131 2150 0.8744 700.0000
2132 2134 0.8874 700.0000
2132 2146 0.7853 700.0000
2132 2147 0.7304 700.0000
2132 2150 0.6908 700.0000
2133 2135 0.5528 700.0000
2133 2144 0.6266 700.0000
2133 2145 0.6137 700.0000
2133 2146 0.6032 700.0000
2133 2147 0.7430 700.0000
2133 2150 0.5811 700.0000
2133 2151 0.7090 700.0000
2133 2154 0.8091 700.0000
2134 2136 0.5907 700.0000
2134 2143 0.7365 700.0000
2134 2144 0.6886 700.0000
2134 2145 0.4179 700.0000
2134 2146 0.7266 700.0000
2135 2137 0.7422 700.0000
2135 2142 0.6358 700.0000
2135 2143 0.6139 700.0000
2135 2144 0.5749 700.0000
2135 2145 0.6755 700.0000
2136 2138 0.7535 700.0000
2136 2142 0.7343 700.0000
2136 2143 0.4529 700.0000
2136 2144 0.7686 700.0000
2136 2145 0.6821 700.0000
2137 2139 0.4857 700.0000
2137 2140 0.6833 700.0000
2137 2141 0.7716 700.0000
2137 2142 0.6125 700.0000
2137 2143 0.7886 700.0000
2138 2140 0.6822 700.0000
2138 2141 0.5230 700.0000
2138 2142 0.8195 700.0000
2138 2143 0.7919 700.0000
2139 2141 0.5684 700.0000
2139 2142 0.7379 700.0000
2140 2142 0.6014 700.0000
2141 2143 0.6772 700.0000
2142 2144 0.5987 700.0000
2142 2158 0.8791 700.0000
2143 2145 0.6018 700.0000
2144 2146 0.6839 700.0000
2144 2150 0.8727 700.0000
2144 2151 0.5369 700.0000
2144 2154 0.7480 700.0000
2144 2155 0.7536 700.0000
2145 2147 0.8302 700.0000
2145 2151 0.7852 700.0000
2146 2148 0.6800 700.0000
2146 2149 0.8338 700.0000
2146 2150 0.6151 700.0000
2146 2151 0.5772 700.0000
2147 2149 0.5038 700.0000
2147 2150 0.4243 700.0000
2147 2151 0.5917 700.0000
2147 2152 0.8230 700.0000
2148 2150 0.7055 700.0000
2148 2151 0.5038 700.0000
2148 2152 0.5662 700.0000
2148 2153 0.8939 700.0000
2149 2151 0.6697 700.0000
2149 2152 0.5819 700.0000
2149 2153 0.7207 700.0000
2150 2152 0.6519 700.0000
2150 2153 0.6016 700.0000
2150 2154 0.7027 700.0000
2151 2153 0.6170 700.0000
2151 2154 0.5760 700.0000
2151 2155 0.5983 700.0000
2152 2154 0.5589 700.0000
2152 2155 0.5296 700.0000
2152 2156 0.6466 700.0000
2153 2155 0.6349 700.0000
2153 2156 0.4965 700.0000
2153 2157 0.5852 700.0000
2153 2158 0.8401 700.0000
2154 2156 0.6104 700.0000
2154 2157 0.5156 700.0000
2154 2158 0.5729 700.0000
2154 2159 0.8283 700.0000
2155 2157 0.8394 700.0000
2155 2158 0.5948 700.0000
2155 2159 0.7094 700.0000
2156 2158 0.7260 700.0000
2156 2159 0.5792 700.0000
2156 2160 0.5497 700.0000
2157 2159 0.6980 700.0000
2157 2160 0.5419 700.0000
2157 2161 0.7363 700.0000
2158 2160 0.6886 700.0000
2158 2161 0.5942 700.0000
2158 2162 0.6115 700.0000
2159 2161 0.5625 700.0000
2159 2162 0.5626 700.0000
2160 2162 0.7966 700.0000
2161 2163 0.6149 700.0000
2179 2181 0.6423 700.0000
2179 2217 0.7832 700.0000
2179 2218 0.6314 700.0000
2179 2219 0.4326 700.0000
2179 2220 0.7379 700.0000
2179 2221 0.7665 700.0000
2179 2235 0.5873 700.0000
2179 2238 0.6981 700.0000
2179 2239 0.7927 700.0000
2180 2182 0.8589 700.0000
2180 2213 0.8221 700.0000
2180 2216 0.4944 700.0000
2180 2217 0.6343 700.0000
2180 2218 0.5171 700.0000
2180 2219 0.7544 700.0000
2181 2183 0.6107 700.0000
2181 2184 0.8240 700.0000
2181 2185 0.7194 700.0000
2181 2186 0.6518 700.0000
2181 2216 0.5866 700.0000
2181 2217 0.4396 700.0000
2181 2218 0.6720 700.0000
2181 2219 0.7286 700.0000
2181 2242 0.7549 700.0000
2182 2184 0.4624 700.0000
2182 2185 0.5351 700.0000
2182 2186 0.7788 700.0000
2182 2187 0.8555 700.0000
2182 2214 0.8957 700.0000
2182 2215 0.6313 700.0000
2182 2216 0.6227 700.0000
2182 2217 0.6716 700.0000
2183 2185 0.7145 700.0000
2183 2186 0.6047 700.0000
2183 2187 0.5670 700.0000
2183 2188 0.8928 700.0000
2183 2212 0.6348 700.0000
2183 2214 0.6759 700.0000
2183 2215 0.5997 700.0000
2183 2216 0.6410 700.0000
2183 2217 0.4951 700.0000
2184 2186 0.7077 700.0000
2184 2187 0.5009 700.0000
2184 2188 0.5938 700.0000
2184 2189 0.8587 700.0000
2184 2215 0.7905 700.0000
2184 2217 0.8537 700.0000
2185 2187 0.7978 700.0000
2185 2188 0.5584 700.0000
2185 2189 0.6049 700.0000
2185 2242 0.6830 700.0000
2185 2245 0.8647 700.0000
2185 2246 0.6530 700.0000
2186 2188 0.7432 700.0000
2186 2189 0.5817 700.0000
2186 2190 0.4840 700.0000
2186 2191 0.8647 700.0000
2186 2193 0.6077 700.0000
2186 2194 0.8023 700.0000
2186 2210 0.8005 700.0000
2186 2212 0.8735 700.0000
2186 2217 0.5774 700.0000
2186 2219 0.8255 700.0000
2186 2242 0.7587 700.0000
2187 2189 0.7689 700.0000
2187 2190 0.5459 700.0000
2187 2212 0.8696 700.0000
2187 2217 0.8656 700.0000
2188 2190 0.7390 700.0000
2188 2191 0.8601 700.0000
2188 2246 0.8585 700.0000
2189 2191 0.6452 700.0000
2189 2192 0.5753 700.0000
2189 2193 0.5346 700.0000
2189 2194 0.8955 700.0000
2189 2241 0.8729 700.0000
2189 2242 0.6315 700.0000
2189 2245 0.5493 700.0000
2189 2246 0.6440 700.0000
2189 2248 0.8495 700.0000
2190 2192 0.8161 700.0000
2190 2193 0.6251 700.0000
2190 2194 0.5664 700.0000
2191 2193 0.6333 700.0000
2191 2194 0.5686 700.0000
2191 2195 0.6651 700.0000
2192 2194 0.7622 700.0000
2192 2195 0.6054 700.0000
2192 2196 0.6955 700.0000
2192 2241 0.7901 700.0000
2192 2244 0.8511 700.0000
2192 2245 0.6053 700.0000
2192 2248 0.7662 700.0000
2193 2195 0.7186 700.0000
2193 2196 0.5917 700.0000
2193 2197 0.6044 700.0000
2193 2238 0.6413 700.0000
2193 2241 0.6524 700.0000
2193 2242 0.6429 700.0000
2193 2245 0.7486 700.0000
2194 2196 0.7536 700.0000
2194 2197 0.5274 700.0000
2194 2198 0.6927 700.0000
2194 2210 0.8963 700.0000
2195 2197 0.7380 700.0000
2195 2198 0.6309 700.0000
2195 2199 0.6523 700.0000
2196 2198 0.6686 700.0000
2196 2199 0.4932 700.0000
2196 2200 0.6183 700.0000
2196 2237 0.7551 700.0000
2196 2238 0.7296 700.0000
2196 2241 0.5841 700.0000
2197 2199 0.7143 700.0000
2197 2200 0.5237 700.0000
2197 2201 0.5743 700.0000
2197 2206 0.8987 700.0000
2197 2208 0.6405 700.0000
2197 2210 0.8913 700.0000
2197 2219 0.8543 700.0000
2197 2221 0.7738 700.0000
2197 2234 0.8559 700.0000
2197 2238 0.6632 700.0000
2198 2200 0.6001 700.0000
2198 2201 0.4730 700.0000
2198 2202 0.5324 700.0000
2198 2208 0.8519 700.0000
2199 2201 0.7738 700.0000
2199 2202 0.5808 700.0000
2199 2203 0.6752 700.0000
2200 2202 0.7010 700.0000
2200 2203 0.6088 700.0000
2200 2204 0.5415 700.0000
2200 2206 0.6694 700.0000
2200 2208 0.8677 700.0000
2200 2221 0.7596 700.0000
2200 2234 0.5411 700.0000
2200 2236 0.8933 700.0000
2200 2237 0.6166 700.0000
2200 2238 0.7615 700.0000
2201 2204 0.8087 700.0000
2201 2205 0.6935 700.0000
2201 2206 0.4852 700.0000
2201 2207 0.5598 700.0000
2201 2208 0.5686 700.0000
2201 2221 0.7713 700.0000
2201 2224 0.8014 700.0000
2201 2234 0.8818 700.0000
2202 2204 0.8547 700.0000
2202 2205 0.7475 700.0000
2202 2206 0.8635 700.0000
2203 2233 0.8783 700.0000
2203 2234 0.8673 700.0000
2203 2237 0.8308 700.0000
2204 2206 0.6384 700.0000
2204 2230 0.5141 700.0000
2204 2231 0.7710 700.0000
2204 2232 0.8632 700.0000
2204 2233 0.5771 700.0000
2204 2234 0.5613 700.0000
2204 2237 0.7618 700.0000
2205 2207 0.7318 700.0000
2205 2223 0.6733 700.0000
2205 2224 0.4407 700.0000
2205 2225 0.6797 700.0000
2205 2228 0.8582 700.0000
2205 2230 0.7887 700.0000
2206 2208 0.6743 700.0000
2206 2221 0.5904 700.0000
2206 2222 0.6791 700.0000
2206 2223 0.5309 700.0000
2206 2224 0.5454 700.0000
2206 2229 0.8438 700.0000
2206 2230 0.6970 700.0000
2206 2231 0.6911 700.0000
2206 2234 0.7083 700.0000
2207 2209 0.6640 700.0000
2207 2220 0.8100 700.0000
2207 2221 0.6875 700.0000
2207 2222 0.5128 700.0000
2207 2223 0.6339 700.0000
2207 2224 0.5062 700.0000
2208 2210 0.6354 700.0000
2208 2219 0.7345 700.0000
2208 2220 0.6322 700.0000
2208 2221 0.5488 700.0000
2208 2222 0.7037 700.0000
2209 2211 0.7029 700.0000
2209 2218 0.8723 700.0000
2209 2219 0.7486 700.0000
2209 2220 0.4625 700.0000
2209 2221 0.7432 700.0000
2209 2222 0.6187 700.0000
2210 2212 0.7686 700.0000
2210 2217 0.6848 700.0000
2210 2218 0.6421 700.0000
2210 2219 0.5533 700.0000
2210 2220 0.7277 700.0000
2211 2213 0.5872 700.0000
2211 2214 0.8884 700.0000
2211 2216 0.8751 700.0000
2211 2217 0.5568 700.0000
2211 2218 0.3962 700.0000
2211 2219 0.6635 700.0000
2211 2220 0.7759 700.0000
2212 2214 0.5061 700.0000
2212 2215 0.8543 700.0000
2212 2216 0.7643 700.0000
2212 2217 0.5414 700.0000
2212 2218 0.7169 700.0000
2213 2216 0.6038 700.0000
2213 2217 0.7208 700.0000
2213 2218 0.5860 700.0000
2214 2216 0.5647 700.0000
2214 2217 0.7468 700.0000
2215 2217 0.8711 700.0000
2216 2218 0.6372 700.0000
2217 2219 0.6368 700.0000
2218 2220 0.7100 700.0000
2219 2221 0.6019 700.0000
2219 2235 0.7161 700.0000
2219 2238 0.6898 700.0000
2220 2222 0.5541 700.0000
2220 2235 0.7434 700.0000
2221 2223 0.8472 700.0000
2221 2231 0.5929 700.0000
2221 2232 0.8590 700.0000
2221 2234 0.5499 700.0000
2221 2235 0.4629 700.0000
2221 2238 0.7666 700.0000
2222 2224 0.7540 700.0000
2222 2229 0.8906 700.0000
2222 2231 0.8075 700.0000
2223 2225 0.5614 700.0000
2223 2226 0.7274 700.0000
2223 2228 0.7007 700.0000
2223 2229 0.5591 700.0000
2223 2230 0.7227 700.0000
2223 2231 0.7035 700.0000
2225 2227 0.5482 700.0000
2225 2228 0.5581 700.0000
2225 2229 0.8293 700.0000
2226 2228 0.8924 700.0000
2227 2229 0.8967 700.0000
2228 2230 0.5731 700.0000
2229 2231 0.4797 700.0000
2229 2232 0.6983 700.0000
2229 2233 0.8454 700.0000
2230 2232 0.6239 700.0000
2230 2233 0.5089 700.0000
2230 2234 0.6989 700.0000
2231 2233 0.6194 700.0000
2231 2234 0.5283 700.0000
2231 2235 0.5235 700.0000
2231 2236 0.8694 700.0000
2232 2234 0.5734 700.0000
2232 2235 0.5612 700.0000
2232 2236 0.6573 700.0000
2232 2237 0.8772 700.0000
2233 2235 0.8160 700.0000
2233 2236 0.6283 700.0000
2233 2237 0.7139 700.0000
2234 2236 0.5090 700.0000
2234 2237 0.4782 700.0000
2234 2238 0.6723 700.0000
2234 2239 0.8236 700.0000
2235 2237 0.7734 700.0000
2235 2238 0.6749 700.0000
2235 2239 0.7595 700.0000
2236 2238 0.6657 700.0000
2236 2239 0.4714 700.0000
2236 2240 0.5753 700.0000
2236 2241 0.8422 700.0000
2237 2239 0.6002 700.0000
2237 2240 0.5304 700.0000
2237 2241 0.6466 700.0000
2238 2240 0.7328 700.0000
2238 2241 0.5530 700.0000
2238 2242 0.5855 700.0000
2238 2243 0.8604 700.0000
2239 2241 0.6208 700.0000
2239 2242 0.6276 700.0000
2239 2243 0.5665 700.0000
2240 2242 0.7962 700.0000
2240 2243 0.5275 700.0000
2240 2244 0.7201 700.0000
2241 2243 0.5952 700.0000
2241 2244 0.5490 700.0000
2241 2245 0.5952 700.0000
2241 2246 0.8000 700.0000
2242 2244 0.8275 700.0000
2242 2245 0.5872 700.0000
2242 2246 0.5587 700.0000
2242 2247 0.8902 700.0000
2243 2245 0.7041 700.0000
2243 2246 0.6156 700.0000
2243 2247 0.6884 700.0000
2244 2246 0.6710 700.0000
2244 2247 0.5463 700.0000
2244 2248 0.5891 700.0000
2245 2247 0.5310 700.0000
2245 2248 0.4608 700.0000
2246 2248 0.6293 700.0000
2250 2252 0.6549 700.0000
2250 2293 0.8575 700.0000
2250 2294 0.7185 700.0000
2250 2295 0.5028 700.0000
2250 2296 0.6490 700.0000
2250 2297 0.4973 700.0000
2250 2300 0.6266 700.0000
2251 2253 0.6603 700.0000
2251 2285 0.8937 700.0000
2251 2292 0.5710 700.0000
2251 2293 0.6939 700.0000
2251 2294 0.5679 700.0000
2251 2295 0.8213 700.0000
2252 2254 0.5859 700.0000
2252 2291 0.8368 700.0000
2252 2292 0.7038 700.0000
2252 2293 0.5223 700.0000
2252 2294 0.7802 700.0000
2252 2295 0.8325 700.0000
2252 2300 0.6003 700.0000
2252 2301 0.8450 700.0000
2252 2304 0.6451 700.0000
2253 2255 0.6300 700.0000
2253 2290 0.6513 700.0000
2253 2291 0.6947 700.0000
2253 2292 0.5323 700.0000
2253 2293 0.6834 700.0000
2254 2256 0.6179 700.0000
2254 2290 0.6293 700.0000
2254 2291 0.4720 700.0000
2254 2292 0.6649 700.0000
2254 2293 0.6465 700.0000
2254 2304 0.6356 700.0000
2254 2307 0.7594 700.0000
2254 2308 0.7965 700.0000
2255 2257 0.5775 700.0000
2255 2258 0.7308 700.0000
2255 2289 0.6841 700.0000
2255 2290 0.6076 700.0000
2255 2291 0.8282 700.0000
2256 2258 0.6140 700.0000
2256 2259 0.5424 700.0000
2256 2260 0.7211 700.0000
2256 2262 0.8881 700.0000
2256 2263 0.4602 700.0000
2256 2266 0.7665 700.0000
2256 2286 0.8655 700.0000
2256 2287 0.8813 700.0000
2256 2288 0.8984 700.0000
2256 2289 0.6140 700.0000
2256 2290 0.5801 700.0000
2256 2291 0.6745 700.0000
2256 2307 0.8494 700.0000
2256 2308 0.8872 700.0000
2257 2259 0.7846 700.0000
2257 2260 0.7506 700.0000
2257 2263 0.7226 700.0000
2257 2289 0.5945 700.0000
2258 2260 0.6043 700.0000
2258 2262 0.8479 700.0000
2258 2263 0.7971 700.0000
2258 2308 0.8089 700.0000
2259 2261 0.8018 700.0000
2259 2262 0.4654 700.0000
2259 2263 0.5959 700.0000
2259 2266 0.8244 700.0000
2259 2307 0.8081 700.0000
2259 2308 0.7072 700.0000
2260 2262 0.5526 700.0000
2260 2263 0.4898 700.0000
2260 2264 0.7853 700.0000
2261 2263 0.8319 700.0000
2261 2264 0.7051 700.0000
2262 2264 0.7868 700.0000
2262 2265 0.6444 700.0000
2262 2266 0.7265 700.0000
2262 2307 0.8939 700.0000
2263 2266 0.6856 700.0000
2263 2267 0.7016 700.0000
2263 2288 0.7479 700.0000
2263 2289 0.6718 700.0000
2263 2290 0.8452 700.0000
2264 2266 0.7677 700.0000
2264 2267 0.6457 700.0000
2264 2268 0.7462 700.0000
2265 2267 0.7678 700.0000
2265 2268 0.4579 700.0000
2265 2270 0.8143 700.0000
2265 2271 0.6304 700.0000
2266 2268 0.6565 700.0000
2266 2271 0.4953 700.0000
2266 2272 0.8203 700.0000
2266 2286 0.7028 700.0000
2266 2291 0.7694 700.0000
2266 2307 0.7259 700.0000
2267 2269 0.8359 700.0000
2267 2271 0.8182 700.0000
2267 2286 0.6037 700.0000
2267 2287 0.8576 700.0000
2267 2288 0.7508 700.0000
2268 2270 0.5845 700.0000
2268 2271 0.6507 700.0000
2268 2272 0.8124 700.0000
2269 2271 0.7305 700.0000
2269 2272 0.5688 700.0000
2269 2273 0.6060 700.0000
2270 2272 0.7157 700.0000
2270 2273 0.6255 700.0000
2270 2274 0.6515 700.0000
2271 2273 0.7241 700.0000
2271 2274 0.5987 700.0000
2271 2275 0.5864 700.0000
2271 2276 0.8782 700.0000
2271 2284 0.8274 700.0000
2271 2306 0.7404 700.0000
2271 2307 0.7815 700.0000
2272 2274 0.6019 700.0000
2272 2275 0.5718 700.0000
2272 2276 0.5009 700.0000
2272 2277 0.8703 700.0000
2272 2284 0.6576 700.0000
2272 2286 0.8941 700.0000
2273 2275 0.7877 700.0000
2273 2276 0.5238 700.0000
2273 2277 0.6550 700.0000
2274 2276 0.7911 700.0000
2274 2277 0.5410 700.0000
2274 2278 0.5435 700.0000
2274 2279 0.8616 700.0000
2274 2306 0.8167 700.0000
2275 2277 0.8143 700.0000
2275 2278 0.6706 700.0000
2275 2279 0.4568 700.0000
2275 2280 0.7579 700.0000
2275 2282 0.6491 700.0000
2275 2284 0.5955 700.0000
2275 2293 0.8914 700.0000
2275 2303 0.6575 700.0000
2275 2306 0.6303 700.0000
2275 2307 0.7832 700.0000
2276 2279 0.8482 700.0000
2276 2280 0.7127 700.0000
2276 2282 0.8094 700.0000
2276 2283 0.8007 700.0000
2276 2284 0.6292 700.0000
2277 2279 0.8252 700.0000
2277 2280 0.7458 700.0000
2278 2280 0.8766 700.0000
2278 2306 0.6217 700.0000
2279 2281 0.6809 700.0000
2279 2282 0.5583 700.0000
2279 2299 0.7188 700.0000
2279 2300 0.8758 700.0000
2279 2302 0.6811 700.0000
2279 2303 0.5407 700.0000
2279 2306 0.6769 700.0000
2280 2282 0.5712 700.0000
2280 2299 0.8075 700.0000
2281 2295 0.7746 700.0000
2281 2296 0.7269 700.0000
2281 2299 0.5395 700.0000
2282 2284 0.6792 700.0000
2282 2293 0.6370 700.0000
2282 2294 0.5890 700.0000
2282 2295 0.6142 700.0000
2282 2296 0.8084 700.0000
2282 2299 0.6586 700.0000
2282 2300 0.6579 700.0000
2282 2303 0.6900 700.0000
2283 2285 0.6205 700.0000
2283 2292 0.7346 700.0000
2283 2293 0.6806 700.0000
2283 2294 0.4838 700.0000
2283 2295 0.8080 700.0000
2284 2286 0.6133 700.0000
2284 2291 0.6278 700.0000
2284 2292 0.7055 700.0000
2284 2293 0.6708 700.0000
2284 2294 0.8182 700.0000
2285 2287 0.5824 700.0000
2285 2290 0.7362 700.0000
2285 2291 0.5874 700.0000
2285 2292 0.4246 700.0000
2285 2293 0.7110 700.0000
2285 2294 0.8193 700.0000
2286 2288 0.7785 700.0000
2286 2290 0.6174 700.0000
2286 2291 0.5218 700.0000
2286 2292 0.7292 700.0000
2287 2289 0.7053 700.0000
2287 2290 0.4078 700.0000
2287 2291 0.7017 700.0000
2287 2292 0.7216 700.0000
2288 2290 0.7155 700.0000
2290 2292 0.6353 700.0000
2291 2293 0.5410 700.0000
2291 2304 0.8641 700.0000
2291 2307 0.7201 700.0000
2292 2294 0.6490 700.0000
2293 2295 0.6954 700.0000
2293 2300 0.5554 700.0000
2293 2303 0.7022 700.0000
2293 2304 0.7303 700.0000
2294 2296 0.8065 700.0000
2294 2300 0.6877 700.0000
2295 2297 0.5766 700.0000
2295 2298 0.8588 700.0000
2295 2299 0.6576 700.0000
2295 2300 0.5079 700.0000
2296 2298 0.5993 700.0000
2296 2299 0.4851 700.0000
2296 2300 0.6538 700.0000
2297 2299 0.6226 700.0000
2297 2300 0.5273 700.0000
2297 2301 0.6740 700.0000
2298 2300 0.6971 700.0000
2298 2301 0.6138 700.0000
2298 2302 0.6484 700.0000
2299 2301 0.6961 700.0000
2299 2302 0.5808 700.0000
2299 2303 0.7691 700.0000
2300 2302 0.7189 700.0000
2300 2303 0.5555 700.0000
2300 2304 0.6180 700.0000
2301 2303 0.5147 700.0000
2301 2304 0.5011 700.0000
2301 2305 0.5581 700.0000
2302 2304 0.8268 700.0000
2302 2305 0.6120 700.0000
2302 2306 0.8549 700.0000
2303 2305 0.6070 700.0000
2303 2306 0.5830 700.0000
2303 2307 0.6000 700.0000
2303 2308 0.8254 700.0000
2304 2306 0.8957 700.0000
2304 2307 0.6201 700.0000
2304 2308 0.5735 700.0000
2305 2307 0.7354 700.0000
2305 2308 0.6209 700.0000
2306 2308 0.7945 700.0000
2357 2359 0.6888 700.0000
2358 2360 0.6713 700.0000
2358 2361 0.8712 700.0000
2359 2361 0.7541 700.0000
2359 2368 0.5940 700.0000
2359 2369 0.6981 700.0000
2360 2362 0.6839 700.0000
2360 2367 0.8442 700.0000
2360 2368 0.5759 700.0000
2360 2369 0.4555 700.0000
2360 2370 0.8903 700.0000
2360 2372 0.8224 700.0000
2360 2381 0.6943 700.0000
2360 2383 0.8995 700.0000
2361 2363 0.6265 700.0000
2361 2365 0.7378 700.0000
2361 2366 0.5950 700.0000
2361 2367 0.6293 700.0000
2361 2368 0.5830 700.0000
2361 2369 0.6260 700.0000
2361 2381 0.8822 700.0000
2361 2383 0.8999 700.0000
2362 2364 0.4774 700.0000
2362 2365 0.4225 700.0000
2362 2366 0.6119 700.0000
2362 2367 0.6025 700.0000
2362 2368 0.6999 700.0000
2362 2369 0.5599 700.0000
2362 2370 0.7741 700.0000
2362 2381 0.7984 700.0000
2362 2382 0.5452 700.0000
2362 2383 0.4964 700.0000
2362 2386 0.6681 700.0000
2362 2387 0.8705 700.0000
2363 2365 0.6446 700.0000
2363 2366 0.5722 700.0000
2363 2367 0.8908 700.0000
2363 2382 0.6612 700.0000
2363 2383 0.8718 700.0000
2363 2386 0.8934 700.0000
2363 2398 0.7425 700.0000
2363 2399 0.7121 700.0000
2364 2366 0.7071 700.0000
2364 2367 0.8726 700.0000
2364 2382 0.6591 700.0000
2364 2383 0.7014 700.0000
2364 2385 0.8883 700.0000
2364 2386 0.5081 700.0000
2364 2387 0.7152 700.0000
2364 2389 0.8693 700.0000
2364 2390 0.7812 700.0000
2364 2398 0.7142 700.0000
2365 2367 0.4263 700.0000
2365 2368 0.7568 700.0000
2365 2369 0.8242 700.0000
2365 2370 0.8530 700.0000
2365 2382 0.8881 700.0000
2365 2383 0.6478 700.0000
2365 2386 0.6195 700.0000
2366 2368 0.8730 700.0000
2367 2369 0.7321 700.0000
2367 2370 0.7830 700.0000
2367 2383 0.8003 700.0000
2368 2370 0.6140 700.0000
2368 2383 0.7920 700.0000
2369 2371 0.7412 700.0000
2369 2372 0.5610 700.0000
2369 2381 0.6894 700.0000
2369 2382 0.7431 700.0000
2369 2383 0.5099 700.0000
2369 2384 0.8789 700.0000
2370 2372 0.7121 700.0000
2370 2383 0.4411 700.0000
2370 2384 0.6800 700.0000
2370 2385 0.7324 700.0000
2370 2386 0.8258 700.0000
2371 2373 0.7408 700.0000
2371 2383 0.6308 700.0000
2371 2384 0.5510 700.0000
2371 2385 0.7248 700.0000
2372 2374 0.6005 700.0000
2372 2381 0.5440 700.0000
2372 2382 0.7565 700.0000
2372 2383 0.7169 700.0000
2372 2384 0.8058 700.0000
2373 2375 0.6117 700.0000
2373 2376 0.8836 700.0000
2373 2381 0.7799 700.0000
2373 2382 0.6168 700.0000
2373 2383 0.7048 700.0000
2373 2384 0.4839 700.0000
2373 2385 0.8081 700.0000
2373 2386 0.8896 700.0000
2373 2387 0.6000 700.0000
2373 2388 0.7169 700.0000
2374 2376 0.6208 700.0000
2374 2378 0.7865 700.0000
2374 2379 0.6252 700.0000
2374 2380 0.7330 700.0000
2374 2381 0.5569 700.0000
2374 2382 0.7081 700.0000
2375 2377 0.6818 700.0000
2375 2378 0.5020 700.0000
2375 2379 0.6494 700.0000
2375 2380 0.5674 700.0000
2375 2381 0.7555 700.0000
2375 2382 0.6706 700.0000
2375 2387 0.7717 700.0000
2375 2391 0.8896 700.0000
2375 2397 0.6895 700.0000
2375 2402 0.8247 700.0000
2375 2404 0.6000 700.0000
2376 2378 0.6156 700.0000
2376 2379 0.6322 700.0000
2376 2380 0.8754 700.0000
2376 2404 0.6182 700.0000
2377 2379 0.7845 700.0000
2377 2402 0.6174 700.0000
2377 2403 0.7230 700.0000
2377 2404 0.5035 700.0000
2378 2380 0.4015 700.0000
2378 2381 0.8874 700.0000
2378 2397 0.6475 700.0000
2378 2399 0.7930 700.0000
2378 2400 0.6060 700.0000
2378 2402 0.6140 700.0000
2378 2404 0.7199 700.0000
2379 2381 0.7602 700.0000
2380 2382 0.6424 700.0000
2380 2397 0.6308 700.0000
2380 2398 0.7913 700.0000
2380 2399 0.5765 700.0000
2380 2400 0.6482 700.0000
2380 2402 0.8501 700.0000
2381 2383 0.8413 700.0000
2382 2384 0.7174 700.0000
2382 2385 0.8897 700.0000
2382 2386 0.6970 700.0000
2382 2387 0.5271 700.0000
2382 2397 0.7891 700.0000
2382 2398 0.7383 700.0000
2382 2399 0.8104 700.0000
2383 2385 0.5205 700.0000
2383 2386 0.4611 700.0000
2383 2387 0.6653 700.0000
2383 2388 0.8676 700.0000
2384 2386 0.5426 700.0000
2384 2387 0.5361 700.0000
2384 2388 0.5209 700.0000
2385 2387 0.6274 700.0000
2385 2388 0.5391 700.0000
2385 2389 0.6925 700.0000
2386 2388 0.6512 700.0000
2386 2389 0.5914 700.0000
2386 2390 0.7010 700.0000
2387 2389 0.7246 700.0000
2387 2390 0.5285 700.0000
2387 2391 0.5452 700.0000
2387 2392 0.8668 700.0000
2387 2397 0.8197 700.0000
2387 2398 0.7618 700.0000
2388 2390 0.6414 700.0000
2388 2391 0.6002 700.0000
2388 2392 0.6981 700.0000
2389 2391 0.8258 700.0000
2389 2392 0.5870 700.0000
2389 2393 0.5923 700.0000
2390 2392 0.5045 700.0000
2390 2393 0.5351 700.0000
2390 2394 0.6788 700.0000
2390 2395 0.7694 700.0000
2390 2396 0.7718 700.0000
2390 2397 0.8784 700.0000
2390 2398 0.7229 700.0000
2391 2393 0.8119 700.0000
2391 2394 0.6772 700.0000
2391 2395 0.4678 700.0000
2391 2396 0.6047 700.0000
2391 2397 0.7636 700.0000
2391 2398 0.8105 700.0000
2391 2403 0.8807 700.0000
2391 2404 0.7125 700.0000
2391 2405 0.7833 700.0000
2392 2394 0.7431 700.0000
2392 2395 0.7477 700.0000
2394 2396 0.4679 700.0000
2394 2397 0.8997 700.0000
2394 2398 0.8594 700.0000
2394 2401 0.8223 700.0000
2394 2403 0.8857 700.0000
2394 2405 0.8971 700.0000
2394 2407 0.8693 700.0000
2395 2397 0.8309 700.0000
2395 2402 0.8416 700.0000
2395 2403 0.5785 700.0000
2395 2404 0.6703 700.0000
2395 2405 0.4600 700.0000
2395 2406 0.7883 700.0000
2395 2407 0.6860 700.0000
2396 2398 0.6176 700.0000
2396 2399 0.8954 700.0000
2396 2400 0.7575 700.0000
2396 2401 0.5194 700.0000
2396 2402 0.5684 700.0000
2396 2403 0.5323 700.0000
2396 2404 0.6616 700.0000
2396 2405 0.7496 700.0000
2397 2399 0.4786 700.0000
2397 2400 0.4271 700.0000
2397 2401 0.5620 700.0000
2397 2402 0.4802 700.0000
2397 2403 0.7591 700.0000
2397 2404 0.6639 700.0000
2398 2400 0.6421 700.0000
2398 2401 0.6479 700.0000
2398 2402 0.8161 700.0000
2399 2401 0.6996 700.0000
2399 2402 0.8213 700.0000
2400 2402 0.4534 700.0000
2400 2403 0.8699 700.0000
2400 2404 0.8876 700.0000
2401 2403 0.7722 700.0000
2402 2404 0.5206 700.0000
2402 2405 0.8924 700.0000
2403 2405 0.4908 700.0000
2403 2406 0.8534 700.0000
2403 2407 0.8326 700.0000
2405 2407 0.5866 700.0000
2405 2408 0.8907 700.0000
2406 2408 0.5705 700.0000
2409 2411 0.6016 700.0000
2409 2412 0.8676 700.0000
2409 2448 0.6887 700.0000
2409 2481 0.8829 700.0000
2409 2484 0.6817 700.0000
2409 2485 0.4017 700.0000
2409 2486 0.5380 700.0000
2409 2489 0.8098 700.0000
2409 2505 0.8448 700.0000
2410 2412 0.6645 700.0000
2410 2446 0.7836 700.0000
2410 2448 0.5350 700.0000
2410 2449 0.5273 700.0000
2410 2450 0.8852 700.0000
2410 2485 0.6161 700.0000
2410 2486 0.7773 700.0000
2410 2488 0.8499 700.0000
2410 2489 0.5036 700.0000
2410 2490 0.5948 700.0000
2410 2505 0.8059 700.0000
2411 2413 0.7560 700.0000
2411 2414 0.7334 700.0000
2411 2440 0.7261 700.0000
2411 2481 0.8199 700.0000
2411 2482 0.5988 700.0000
2411 2483 0.8792 700.0000
2411 2484 0.8829 700.0000
2411 2485 0.3666 700.0000
2411 2486 0.6545 700.0000
2411 2487 0.6253 700.0000
2411 2488 0.5247 700.0000
2411 2489 0.6708 700.0000
2411 2490 0.8583 700.0000
2411 2502 0.8766 700.0000
2411 2505 0.8525 700.0000
2412 2414 0.6524 700.0000
2412 2440 0.5548 700.0000
2412 2441 0.7297 700.0000
2412 2442 0.8015 700.0000
2412 2443 0.8193 700.0000
2412 2449 0.8600 700.0000
2412 2456 0.7018 700.0000
2412 2459 0.8908 700.0000
2412 2482 0.8643 700.0000
2412 2485 0.6640 700.0000
2412 2488 0.6402 700.0000
2412 2489 0.7083 700.0000
2412 2490 0.7177 700.0000
2412 2502 0.6850 700.0000
2413 2415 0.8538 700.0000
2413 2440 0.7146 700.0000
2413 2441 0.4916 700.0000
2413 2442 0.7429 700.0000
2413 2443 0.8290 700.0000
2413 2485 0.8773 700.0000
2414 2416 0.7940 700.0000
2414 2438 0.8541 700.0000
2414 2439 0.5787 700.0000
2414 2440 0.4894 700.0000
2414 2441 0.5431 700.0000
2414 2482 0.6912 700.0000
2415 2417 0.6199 700.0000
2415 2437 0.7078 700.0000
2415 2438 0.6495 700.0000
2415 2439 0.3917 700.0000
2415 2440 0.5890 700.0000
2415 2441 0.7647 700.0000
2415 2482 0.7254 700.0000
2416 2418 0.7336 700.0000
2416 2436 0.6472 700.0000
2416 2437 0.6587 700.0000
2416 2438 0.5128 700.0000
2416 2439 0.7976 700.0000
2416 2475 0.8225 700.0000
2416 2478 0.7501 700.0000
2416 2479 0.4611 700.0000
2416 2481 0.8990 700.0000
2416 2482 0.5273 700.0000
2416 2483 0.8544 700.0000
2416 2487 0.8745 700.0000
2417 2419 0.6807 700.0000
2417 2435 0.7804 700.0000
2417 2436 0.6245 700.0000
2417 2437 0.4481 700.0000
2417 2438 0.7024 700.0000
2417 2439 0.7753 700.0000
2417 2479 0.8040 700.0000
2418 2420 0.6760 700.0000
2418 2434 0.6631 700.0000
2418 2435 0.6628 700.0000
2418 2436 0.6523 700.0000
2418 2437 0.8074 700.0000
2418 2475 0.7062 700.0000
2418 2479 0.7611 700.0000
2419 2421 0.6611 700.0000
2419 2433 0.7804 700.0000
2419 2434 0.6235 700.0000
2419 2435 0.4080 700.0000
2419 2436 0.7006 700.0000
2419 2437 0.7640 700.0000
2420 2422 0.7652 700.0000
2420 2423 0.8296 700.0000
2420 2432 0.6950 700.0000
2420 2433 0.5895 700.0000
2420 2434 0.5640 700.0000
2420 2435 0.6451 700.0000
2420 2467 0.6676 700.0000
2421 2423 0.4210 700.0000
2421 2424 0.7592 700.0000
2421 2432 0.5567 700.0000
2421 2433 0.3918 700.0000
2421 2434 0.6759 700.0000
2421 2435 0.6784 700.0000
2421 2467 0.7774 700.0000
2421 2513 0.8614 700.0000
2422 2424 0.8954 700.0000
2422 2432 0.7652 700.0000
2422 2433 0.8764 700.0000
2423 2425 0.7288 700.0000
2423 2432 0.6233 700.0000
2423 2433 0.5130 700.0000
2423 2513 0.6882 700.0000
2424 2426 0.6576 700.0000
2424 2427 0.7975 700.0000
2424 2428 0.7594 700.0000
2424 2429 0.5553 700.0000
2424 2430 0.7152 700.0000
2424 2431 0.7147 700.0000
2424 2432 0.5273 700.0000
2424 2433 0.6125 700.0000
2424 2466 0.8585 700.0000
2424 2513 0.7901 700.0000
2425 2427 0.6148 700.0000
2425 2428 0.5317 700.0000
2425 2429 0.6708 700.0000
2425 2431 0.8026 700.0000
2425 2432 0.6481 700.0000
2425 2433 0.5932 700.0000
2425 2464 0.8023 700.0000
2425 2465 0.7982 700.0000
2425 2466 0.6233 700.0000
2425 2513 0.6284 700.0000
2425 2514 0.7259 700.0000
2425 2521 0.8762 700.0000
2425 2522 0.5245 700.0000
2425 2523 0.8004 700.0000
2426 2428 0.6101 700.0000
2426 2429 0.6189 700.0000
2426 2513 0.8294 700.0000
2426 2514 0.6477 700.0000
2426 2515 0.8574 700.0000
2426 2516 0.8446 700.0000
2426 2521 0.7999 700.0000
2426 2522 0.5268 700.0000
2426 2523 0.4916 700.0000
2426 2524 0.8752 700.0000
2427 2429 0.4656 700.0000
2427 2430 0.8056 700.0000
2427 2431 0.8170 700.0000
2427 2466 0.8739 700.0000
2427 2522 0.7582 700.0000
2427 2523 0.6665 700.0000
2427 2524 0.8852 700.0000
2427 2525 0.7566 700.0000
2428 2430 0.7265 700.0000
2428 2431 0.6007 700.0000
2428 2432 0.7794 700.0000
2428 2465 0.8790 700.0000
2428 2466 0.5438 700.0000
2428 2468 0.6938 700.0000
2428 2522 0.7081 700.0000
2428 2523 0.8368 700.0000
2428 2524 0.8881 700.0000
2428 2525 0.7903 700.0000
2428 2528 0.8674 700.0000
2429 2431 0.6820 700.0000
2429 2432 0.8639 700.0000
2430 2432 0.6899 700.0000
2430 2467 0.8789 700.0000
2430 2468 0.8603 700.0000
2431 2433 0.8414 700.0000
2431 2466 0.6652 700.0000
2431 2467 0.5771 700.0000
2431 2468 0.5527 700.0000
2432 2434 0.6645 700.0000
2432 2465 0.8276 700.0000
2432 2466 0.5827 700.0000
2432 2467 0.4186 700.0000
2432 2468 0.7285 700.0000
2433 2435 0.6131 700.0000
2433 2464 0.6825 700.0000
2433 2465 0.6509 700.0000
2433 2466 0.6073 700.0000
2433 2467 0.6205 700.0000
2433 2513 0.6794 700.0000
2434 2436 0.6300 700.0000
2434 2463 0.7376 700.0000
2434 2464 0.7001 700.0000
2434 2465 0.4155 700.0000
2434 2466 0.5690 700.0000
2434 2467 0.5714 700.0000
2434 2468 0.8547 700.0000
2434 2471 0.7065 700.0000
2434 2472 0.7523 700.0000
2434 2475 0.7104 700.0000
2435 2437 0.6463 700.0000
2435 2462 0.6779 700.0000
2435 2463 0.5526 700.0000
2435 2464 0.5490 700.0000
2435 2465 0.7277 700.0000
2435 2513 0.8281 700.0000
2436 2438 0.5471 700.0000
2436 2462 0.5940 700.0000
2436 2463 0.3838 700.0000
2436 2464 0.6612 700.0000
2436 2465 0.6996 700.0000
2436 2475 0.7530 700.0000
2436 2478 0.8301 700.0000
2436 2479 0.8642 700.0000
2436 2509 0.7957 700.0000
2437 2439 0.6243 700.0000
2437 2460 0.6734 700.0000
2437 2461 0.8465 700.0000
2437 2462 0.5447 700.0000
2437 2463 0.6717 700.0000
2438 2440 0.6827 700.0000
2438 2459 0.8492 700.0000
2438 2460 0.7799 700.0000
2438 2461 0.6947 700.0000
2438 2462 0.6786 700.0000
2438 2463 0.6863 700.0000
2438 2478 0.8572 700.0000
2438 2479 0.8930 700.0000
2438 2482 0.7225 700.0000
2438 2487 0.7093 700.0000
2438 2488 0.6912 700.0000
2438 2504 0.8345 700.0000
2438 2509 0.7813 700.0000
2439 2441 0.6765 700.0000
2439 2458 0.8401 700.0000
2439 2459 0.6618 700.0000
2439 2460 0.5306 700.0000
2439 2461 0.8627 700.0000
2440 2442 0.7627 700.0000
2440 2458 0.6551 700.0000
2440 2459 0.4992 700.0000
2440 2460 0.7503 700.0000
2440 2461 0.8514 700.0000
2440 2482 0.8589 700.0000
2440 2488 0.6475 700.0000
2440 2502 0.6907 700.0000
2441 2443 0.7551 700.0000
2441 2456 0.8467 700.0000
2441 2458 0.7116 700.0000
2441 2459 0.8442 700.0000
2442 2444 0.7645 700.0000
2442 2455 0.7786 700.0000
2442 2456 0.5018 700.0000
2442 2457 0.5812 700.0000
2442 2458 0.5309 700.0000
2442 2459 0.8374 700.0000
2442 2502 0.8865 700.0000
2443 2445 0.6928 700.0000
2443 2453 0.8376 700.0000
2443 2454 0.8915 700.0000
2443 2455 0.5267 700.0000
2443 2456 0.3269 700.0000
2443 2457 0.6618 700.0000
2443 2458 0.7928 700.0000
2444 2446 0.6643 700.0000
2444 2449 0.8555 700.0000
2444 2452 0.8252 700.0000
2444 2453 0.5144 700.0000
2444 2454 0.7417 700.0000
2444 2455 0.5369 700.0000
2444 2456 0.5836 700.0000
2445 2447 0.8754 700.0000
2445 2448 0.8768 700.0000
2445 2449 0.4481 700.0000
2445 2450 0.6247 700.0000
2445 2451 0.5214 700.0000
2445 2452 0.4923 700.0000
2445 2453 0.4886 700.0000
2445 2454 0.4994 700.0000
2445 2455 0.8022 700.0000
2445 2456 0.5872 700.0000
2445 2490 0.6374 700.0000
2445 2491 0.8472 700.0000
2445 2500 0.6626 700.0000
2446 2448 0.5025 700.0000
2446 2449 0.4114 700.0000
2446 2450 0.8191 700.0000
2446 2451 0.8723 700.0000
2446 2452 0.6026 700.0000
2446 2453 0.7257 700.0000
2446 2490 0.8739 700.0000
2447 2449 0.7278 700.0000
2447 2452 0.6334 700.0000
2448 2450 0.8590 700.0000
2449 2451 0.6912 700.0000
2449 2452 0.6515 700.0000
2449 2453 0.8698 700.0000
2449 2456 0.8281 700.0000
2449 2489 0.7614 700.0000
2449 2490 0.5226 700.0000
2449 2491 0.8220 700.0000
2450 2452 0.6140 700.0000
2450 2454 0.8132 700.0000
2450 2490 0.6606 700.0000
2450 2491 0.6753 700.0000
2450 2500 0.7537 700.0000
2451 2453 0.6794 700.0000
2451 2454 0.4705 700.0000
2451 2490 0.8216 700.0000
2451 2491 0.7940 700.0000
2451 2499 0.8102 700.0000
2451 2500 0.5886 700.0000
2452 2454 0.5991 700.0000
2453 2455 0.6778 700.0000
2453 2456 0.8888 700.0000
2454 2456 0.8091 700.0000
2454 2499 0.8440 700.0000
2454 2500 0.5388 700.0000
2455 2457 0.8066 700.0000
2456 2458 0.6771 700.0000
2456 2490 0.6569 700.0000
2456 2491 0.8874 700.0000
2456 2500 0.7273 700.0000
2456 2501 0.6910 700.0000
2456 2502 0.6420 700.0000
2457 2459 0.6672 700.0000
2457 2500 0.8084 700.0000
2457 2501 0.6064 700.0000
2457 2502 0.6164 700.0000
2458 2460 0.7864 700.0000
2458 2501 0.8321 700.0000
2458 2502 0.6382 700.0000
2459 2461 0.5539 700.0000
2459 2488 0.7950 700.0000
2459 2501 0.8627 700.0000
2459 2502 0.5381 700.0000
2459 2503 0.8804 700.0000
2460 2462 0.7007 700.0000
2461 2463 0.8228 700.0000
2461 2488 0.8483 700.0000
2461 2502 0.8613 700.0000
2461 2504 0.6848 700.0000
2461 2509 0.8834 700.0000
2461 2511 0.7205 700.0000
2462 2464 0.5733 700.0000
2462 2509 0.8588 700.0000
2462 2511 0.5777 700.0000
2462 2512 0.8386 700.0000
2463 2465 0.6554 700.0000
2463 2509 0.6130 700.0000
2463 2510 0.6899 700.0000
2463 2511 0.5753 700.0000
2463 2512 0.7855 700.0000
2463 2513 0.8488 700.0000
2464 2466 0.8843 700.0000
2464 2509 0.8662 700.0000
2464 2510 0.6471 700.0000
2464 2511 0.5866 700.0000
2464 2512 0.5568 700.0000
2464 2513 0.4842 700.0000
2464 2514 0.8703 700.0000
2464 2521 0.8261 700.0000
2464 2522 0.7440 700.0000
2465 2467 0.7546 700.0000
2465 2468 0.7825 700.0000
2465 2471 0.5474 700.0000
2465 2472 0.8733 700.0000
2465 2474 0.7019 700.0000
2465 2475 0.7062 700.0000
2465 2509 0.8662 700.0000
2465 2510 0.7672 700.0000
2465 2522 0.7861 700.0000
2465 2527 0.7832 700.0000
2465 2528 0.7848 700.0000
2466 2468 0.4663 700.0000
2466 2470 0.7495 700.0000
2466 2471 0.5047 700.0000
2466 2472 0.7923 700.0000
2466 2474 0.8557 700.0000
2466 2522 0.7789 700.0000
2466 2528 0.7575 700.0000
2467 2469 0.8905 700.0000
2467 2471 0.6687 700.0000
2467 2472 0.5080 700.0000
2468 2470 0.5382 700.0000
2468 2471 0.4643 700.0000
2468 2472 0.5899 700.0000
2468 2474 0.8985 700.0000
2468 2528 0.8585 700.0000
2469 2471 0.7074 700.0000
2469 2472 0.6424 700.0000
2469 2473 0.6904 700.0000
2470 2472 0.8539 700.0000
2470 2473 0.5933 700.0000
2470 2474 0.6629 700.0000
2470 2528 0.5243 700.0000
2470 2529 0.8987 700.0000
2470 2532 0.7309 700.0000
2471 2473 0.6079 700.0000
2471 2474 0.4476 700.0000
2471 2475 0.5920 700.0000
2471 2476 0.8948 700.0000
2471 2528 0.6737 700.0000
2472 2474 0.8343 700.0000
2472 2475 0.6748 700.0000
2472 2476 0.8517 700.0000
2473 2475 0.7630 700.0000
2473 2476 0.6069 700.0000
2473 2477 0.5971 700.0000
2473 2528 0.8997 700.0000
2473 2532 0.7009 700.0000
2474 2476 0.7095 700.0000
2474 2477 0.5022 700.0000
2474 2478 0.5668 700.0000
2474 2527 0.8597 700.0000
2474 2528 0.6612 700.0000
2474 2531 0.6537 700.0000
2474 2532 0.6258 700.0000
2474 2535 0.7960 700.0000
2475 2477 0.6638 700.0000
2475 2478 0.5298 700.0000
2475 2479 0.5619 700.0000
2476 2478 0.7598 700.0000
2476 2479 0.6684 700.0000
2476 2480 0.7001 700.0000
2477 2479 0.7943 700.0000
2477 2480 0.5689 700.0000
2477 2481 0.7009 700.0000
2477 2531 0.8355 700.0000
2477 2532 0.7350 700.0000
2477 2535 0.5833 700.0000
2478 2480 0.8148 700.0000
2478 2481 0.5526 700.0000
2478 2482 0.7452 700.0000
2478 2487 0.6815 700.0000
2478 2507 0.7566 700.0000
2478 2509 0.7806 700.0000
2478 2531 0.8139 700.0000
2478 2535 0.7118 700.0000
2479 2481 0.7418 700.0000
2479 2482 0.6246 700.0000
2479 2483 0.6871 700.0000
2480 2483 0.6654 700.0000
2480 2484 0.5817 700.0000
2480 2535 0.8536 700.0000
2481 2483 0.5606 700.0000
2481 2484 0.4573 700.0000
2481 2485 0.7453 700.0000
2481 2486 0.4680 700.0000
2481 2487 0.5583 700.0000
2481 2507 0.8213 700.0000
2481 2535 0.7362 700.0000
2481 2538 0.7746 700.0000
2482 2484 0.7719 700.0000
2482 2485 0.6527 700.0000
2482 2486 0.7619 700.0000
2482 2487 0.5927 700.0000
2482 2488 0.7529 700.0000
2483 2485 0.6979 700.0000
2483 2486 0.8694 700.0000
2484 2486 0.5411 700.0000
2484 2538 0.8107 700.0000
2485 2487 0.8069 700.0000
2485 2488 0.8496 700.0000
2486 2488 0.7600 700.0000
2486 2489 0.8356 700.0000
2486 2505 0.5579 700.0000
2486 2506 0.8663 700.0000
2486 2507 0.7350 700.0000
2486 2535 0.8372 700.0000
2486 2538 0.5639 700.0000
2487 2489 0.8021 700.0000
2487 2503 0.8888 700.0000
2487 2504 0.6433 700.0000
2487 2505 0.5887 700.0000
2487 2506 0.8758 700.0000
2487 2507 0.5481 700.0000
2487 2509 0.7472 700.0000
2488 2490 0.8433 700.0000
2488 2502 0.6215 700.0000
2488 2503 0.5893 700.0000
2488 2504 0.5242 700.0000
2488 2505 0.6510 700.0000
2488 2507 0.8169 700.0000
2488 2509 0.8954 700.0000
2489 2491 0.6097 700.0000
2489 2501 0.7871 700.0000
2489 2502 0.6085 700.0000
2489 2503 0.4305 700.0000
2489 2504 0.7982 700.0000
2489 2505 0.5503 700.0000
2490 2499 0.8732 700.0000
2490 2500 0.6779 700.0000
2490 2501 0.5761 700.0000
2490 2502 0.5607 700.0000
2490 2503 0.5943 700.0000
2491 2493 0.6359 700.0000
2491 2498 0.7327 700.0000
2491 2499 0.5469 700.0000
2491 2500 0.5247 700.0000
2491 2501 0.4357 700.0000
2491 2502 0.6784 700.0000
2491 2503 0.5647 700.0000
2492 2494 0.5587 700.0000
2492 2495 0.8253 700.0000
2492 2496 0.7824 700.0000
2492 2497 0.5182 700.0000
2492 2498 0.5541 700.0000
2492 2499 0.5665 700.0000
2492 2500 0.8419 700.0000
2492 2501 0.7724 700.0000
2492 2503 0.8594 700.0000
2493 2495 0.5077 700.0000
2493 2496 0.4648 700.0000
2493 2497 0.4931 700.0000
2493 2498 0.4856 700.0000
2493 2499 0.6936 700.0000
2493 2501 0.6221 700.0000
2493 2502 0.8691 700.0000
2493 2503 0.6459 700.0000
2494 2496 0.8962 700.0000
2494 2497 0.8081 700.0000
2495 2497 0.6652 700.0000
2495 2498 0.8233 700.0000
2496 2498 0.5015 700.0000
2496 2499 0.8818 700.0000
2496 2501 0.8215 700.0000
2497 2499 0.6561 700.0000
2497 2501 0.8845 700.0000
2498 2500 0.6934 700.0000
2498 2501 0.5894 700.0000
2499 2501 0.5492 700.0000
2500 2502 0.8671 700.0000
2501 2503 0.5899 700.0000
2502 2504 0.7966 700.0000
2503 2505 0.6891 700.0000
2504 2506 0.7989 700.0000
2504 2507 0.6591 700.0000
2504 2508 0.6999 700.0000
2504 2509 0.5945 700.0000
2505 2507 0.5669 700.0000
2505 2508 0.8901 700.0000
2505 2538 0.7334 700.0000
2506 2508 0.6559 700.0000
2506 2534 0.6441 700.0000
2506 2538 0.7543 700.0000
2507 2509 0.5754 700.0000
2507 2531 0.6620 700.0000
2507 2534 0.5178 700.0000
2507 2535 0.6462 700.0000
2507 2538 0.7436 700.0000
2508 2510 0.7612 700.0000
2508 2520 0.8062 700.0000
2508 2527 0.7340 700.0000
2508 2530 0.7315 700.0000
2508 2531 0.7032 700.0000
2508 2534 0.6080 700.0000
2509 2511 0.6952 700.0000
2509 2520 0.8798 700.0000
2509 2527 0.7619 700.0000
2509 2531 0.7866 700.0000
2510 2512 0.5728 700.0000
2510 2516 0.7563 700.0000
2510 2517 0.7707 700.0000
2510 2520 0.6067 700.0000
2510 2521 0.4474 700.0000
2510 2522 0.5359 700.0000
2510 2524 0.7355 700.0000
2510 2527 0.5556 700.0000
2511 2513 0.8547 700.0000
2511 2519 0.8446 700.0000
2511 2520 0.5733 700.0000
2511 2521 0.7101 700.0000
2512 2514 0.5641 700.0000
2512 2515 0.6844 700.0000
2512 2516 0.6950 700.0000
2512 2519 0.6391 700.0000
2512 2520 0.6862 700.0000
2512 2521 0.4648 700.0000
2512 2522 0.6513 700.0000
2513 2521 0.8431 700.0000
2513 2522 0.7449 700.0000
2514 2516 0.7407 700.0000
2514 2519 0.8193 700.0000
2514 2521 0.6848 700.0000
2514 2522 0.7010 700.0000
2514 2523 0.8089 700.0000
2515 2517 0.6077 700.0000
2515 2518 0.6119 700.0000
2515 2519 0.4422 700.0000
2515 2520 0.8574 700.0000
2515 2521 0.5042 700.0000
2515 2522 0.7641 700.0000
2515 2523 0.6329 700.0000
2516 2518 0.5499 700.0000
2516 2519 0.5361 700.0000
2516 2520 0.7229 700.0000
2516 2521 0.3302 700.0000
2516 2522 0.6219 700.0000
2516 2523 0.5065 700.0000
2516 2524 0.6770 700.0000
2517 2519 0.6933 700.0000
2517 2520 0.6504 700.0000
2517 2521 0.4985 700.0000
2517 2522 0.7885 700.0000
2517 2523 0.6773 700.0000
2517 2524 0.5910 700.0000
2518 2520 0.7472 700.0000
2518 2521 0.7965 700.0000
2519 2521 0.6290 700.0000
2521 2523 0.5965 700.0000
2521 2524 0.6341 700.0000
2521 2527 0.8119 700.0000
2522 2524 0.5685 700.0000
2522 2525 0.8262 700.0000
2522 2527 0.7173 700.0000
2523 2525 0.6760 700.0000
2524 2526 0.4728 700.0000
2524 2527 0.5562 700.0000
2524 2528 0.7744 700.0000
2524 2530 0.7195 700.0000
2525 2527 0.7801 700.0000
2525 2528 0.7628 700.0000
2525 2529 0.8773 700.0000
2525 2530 0.8544 700.0000
2526 2528 0.6386 700.0000
2526 2529 0.5605 700.0000
2526 2530 0.4660 700.0000
2526 2531 0.8775 700.0000
2527 2529 0.8181 700.0000
2527 2530 0.5122 700.0000
2527 2531 0.5299 700.0000
2527 2532 0.8454 700.0000
2527 2534 0.8707 700.0000
2528 2530 0.7048 700.0000
2528 2531 0.5828 700.0000
2528 2532 0.6001 700.0000
2529 2531 0.7281 700.0000
2529 2532 0.5805 700.0000
2529 2533 0.5403 700.0000
2530 2532 0.8225 700.0000
2530 2533 0.6535 700.0000
2530 2534 0.6660 700.0000
2531 2533 0.6436 700.0000
2531 2534 0.4660 700.0000
2531 2535 0.5663 700.0000
2532 2534 0.7642 700.0000
2532 2535 0.6226 700.0000
2532 2536 0.7428 700.0000
2533 2535 0.7504 700.0000
2533 2536 0.6123 700.0000
2533 2537 0.7660 700.0000
2534 2536 0.8253 700.0000
2534 2537 0.6783 700.0000
2534 2538 0.7271 700.0000
2535 2537 0.6268 700.0000
2535 2538 0.5569 700.0000
2536 2538 0.7832 700.0000
