parp9 1 60 | parp9 1 519 | 0.810 350.0
parp9 1 60 | parp9 1 520 | 0.559 350.0
parp9 1 60 | parp9 1 521 | 0.539 350.0
parp9 1 60 | parp9 1 522 | 0.614 350.0
parp9 1 60 | parp9 1 523 | 0.713 350.0
parp9 1 60 | parp9 1 524 | 0.691 350.0
parp9 1 60 | parp9 1 527 | 0.744 350.0
parp9 1 61 | parp9 1 518 | 0.702 350.0
parp9 1 61 | parp9 1 519 | 0.566 350.0
parp9 1 61 | parp9 1 520 | 0.446 350.0
parp9 1 61 | parp9 1 521 | 0.673 350.0
parp9 1 61 | parp9 1 527 | 0.831 350.0
parp9 1 62 | parp9 1 517 | 0.809 350.0
parp9 1 62 | parp9 1 518 | 0.589 350.0
parp9 1 62 | parp9 1 519 | 0.515 350.0
parp9 1 62 | parp9 1 520 | 0.647 350.0
parp9 1 62 | parp9 1 521 | 0.889 350.0
parp9 1 62 | parp9 1 527 | 0.799 350.0
parp9 1 62 | parp9 1 531 | 0.878 350.0
parp9 1 63 | parp9 1 516 | 0.599 350.0
parp9 1 63 | parp9 1 517 | 0.570 350.0
parp9 1 63 | parp9 1 518 | 0.460 350.0
parp9 1 63 | parp9 1 519 | 0.620 350.0
parp9 1 63 | parp9 1 520 | 0.883 350.0
parp9 1 64 | parp9 1 516 | 0.526 350.0
parp9 1 64 | parp9 1 517 | 0.503 350.0
parp9 1 64 | parp9 1 518 | 0.639 350.0
parp9 1 64 | parp9 1 519 | 0.744 350.0
parp9 1 64 | parp9 1 531 | 0.784 350.0
parp9 1 64 | parp9 1 534 | 0.883 350.0
parp9 1 65 | parp9 1 516 | 0.423 350.0
parp9 1 65 | parp9 1 517 | 0.648 350.0
parp9 1 65 | parp9 1 518 | 0.865 350.0
parp9 1 66 | parp9 1 516 | 0.521 350.0
parp9 1 66 | parp9 1 517 | 0.713 350.0
parp9 1 66 | parp9 1 538 | 0.841 350.0
parp9 1 67 | parp9 1 516 | 0.806 350.0
parp9 1 70 | parp9 1 538 | 0.712 350.0
parp9 1 71 | parp9 1 516 | 0.757 350.0
parp9 1 71 | parp9 1 517 | 0.847 350.0
parp9 1 85 | parp9 1 519 | 0.898 350.0
parp9 1 85 | parp9 1 530 | 0.646 350.0
parp9 1 85 | parp9 1 533 | 0.889 350.0
parp9 1 85 | parp9 1 534 | 0.885 350.0
parp9 1 88 | parp9 1 530 | 0.817 350.0
parp9 1 89 | parp9 1 521 | 0.856 350.0
parp9 1 89 | parp9 1 525 | 0.887 350.0
parp9 1 89 | parp9 1 526 | 0.534 350.0
parp9 1 89 | parp9 1 527 | 0.758 350.0
parp9 1 89 | parp9 1 529 | 0.693 350.0
parp9 1 89 | parp9 1 530 | 0.588 350.0
parp9 1 90 | parp9 1 521 | 0.673 350.0
parp9 1 90 | parp9 1 522 | 0.807 350.0
parp9 1 90 | parp9 1 523 | 0.879 350.0
parp9 1 90 | parp9 1 526 | 0.658 350.0
parp9 1 90 | parp9 1 527 | 0.857 350.0
parp9 1 90 | parp9 1 530 | 0.859 350.0
parp9 1 91 | parp9 1 519 | 0.662 350.0
parp9 1 91 | parp9 1 520 | 0.561 350.0
parp9 1 91 | parp9 1 521 | 0.465 350.0
parp9 1 91 | parp9 1 522 | 0.765 350.0
parp9 1 91 | parp9 1 523 | 0.877 350.0
parp9 1 91 | parp9 1 526 | 0.658 350.0
parp9 1 91 | parp9 1 527 | 0.666 350.0
parp9 1 91 | parp9 1 530 | 0.701 350.0
parp9 1 92 | parp9 1 518 | 0.810 350.0
parp9 1 92 | parp9 1 519 | 0.575 350.0
parp9 1 92 | parp9 1 520 | 0.494 350.0
parp9 1 92 | parp9 1 521 | 0.619 350.0
parp9 1 93 | parp9 1 517 | 0.657 350.0
parp9 1 93 | parp9 1 518 | 0.558 350.0
parp9 1 93 | parp9 1 519 | 0.461 350.0
parp9 1 93 | parp9 1 520 | 0.631 350.0
parp9 1 93 | parp9 1 521 | 0.884 350.0
parp9 1 94 | parp9 1 516 | 0.841 350.0
parp9 1 94 | parp9 1 517 | 0.576 350.0
parp9 1 94 | parp9 1 518 | 0.510 350.0
parp9 1 94 | parp9 1 519 | 0.668 350.0
parp9 1 94 | parp9 1 520 | 0.867 350.0
parp9 1 95 | parp9 1 516 | 0.612 350.0
parp9 1 95 | parp9 1 517 | 0.478 350.0
parp9 1 95 | parp9 1 518 | 0.625 350.0
parp9 1 95 | parp9 1 519 | 0.888 350.0
parp9 1 96 | parp9 1 516 | 0.519 350.0
parp9 1 96 | parp9 1 517 | 0.599 350.0
parp9 1 96 | parp9 1 518 | 0.656 350.0
