parp14 1 1 | parp14 1 682 | 0.686 350.0
parp14 1 1 | parp14 1 683 | 0.566 350.0
parp14 1 1 | parp14 1 684 | 0.463 350.0
parp14 1 1 | parp14 1 685 | 0.617 350.0
parp14 1 1 | parp14 1 686 | 0.839 350.0
parp14 1 2 | parp14 1 681 | 0.823 350.0
parp14 1 2 | parp14 1 682 | 0.569 350.0
parp14 1 2 | parp14 1 683 | 0.536 350.0
parp14 1 2 | parp14 1 684 | 0.593 350.0
parp14 1 2 | parp14 1 685 | 0.538 350.0
parp14 1 2 | parp14 1 686 | 0.569 350.0
parp14 1 2 | parp14 1 688 | 0.893 350.0
parp14 1 2 | parp14 1 689 | 0.709 350.0
parp14 1 3 | parp14 1 680 | 0.701 350.0
parp14 1 3 | parp14 1 681 | 0.570 350.0
parp14 1 3 | parp14 1 682 | 0.440 350.0
parp14 1 3 | parp14 1 683 | 0.662 350.0
parp14 1 3 | parp14 1 684 | 0.886 350.0
parp14 1 3 | parp14 1 685 | 0.872 350.0
parp14 1 3 | parp14 1 686 | 0.799 350.0
parp14 1 3 | parp14 1 689 | 0.739 350.0
parp14 1 4 | parp14 1 679 | 0.834 350.0
parp14 1 4 | parp14 1 680 | 0.586 350.0
parp14 1 4 | parp14 1 681 | 0.540 350.0
parp14 1 4 | parp14 1 682 | 0.661 350.0
parp14 1 4 | parp14 1 683 | 0.895 350.0
parp14 1 4 | parp14 1 686 | 0.847 350.0
parp14 1 4 | parp14 1 689 | 0.712 350.0
parp14 1 4 | parp14 1 690 | 0.825 350.0
parp14 1 4 | parp14 1 693 | 0.861 350.0
parp14 1 5 | parp14 1 678 | 0.665 350.0
parp14 1 5 | parp14 1 679 | 0.552 350.0
parp14 1 5 | parp14 1 680 | 0.435 350.0
parp14 1 5 | parp14 1 681 | 0.617 350.0
parp14 1 5 | parp14 1 682 | 0.879 350.0
parp14 1 5 | parp14 1 693 | 0.877 350.0
parp14 1 6 | parp14 1 677 | 0.833 350.0
parp14 1 6 | parp14 1 678 | 0.561 350.0
parp14 1 6 | parp14 1 679 | 0.519 350.0
parp14 1 6 | parp14 1 680 | 0.649 350.0
parp14 1 6 | parp14 1 681 | 0.785 350.0
parp14 1 6 | parp14 1 693 | 0.712 350.0
parp14 1 6 | parp14 1 697 | 0.895 350.0
parp14 1 7 | parp14 1 676 | 0.713 350.0
parp14 1 7 | parp14 1 677 | 0.584 350.0
parp14 1 7 | parp14 1 678 | 0.440 350.0
parp14 1 7 | parp14 1 679 | 0.642 350.0
parp14 1 7 | parp14 1 680 | 0.893 350.0
parp14 1 8 | parp14 1 675 | 0.881 350.0
parp14 1 8 | parp14 1 676 | 0.567 350.0
parp14 1 8 | parp14 1 677 | 0.534 350.0
parp14 1 8 | parp14 1 678 | 0.642 350.0
parp14 1 8 | parp14 1 679 | 0.840 350.0
parp14 1 8 | parp14 1 697 | 0.822 350.0
parp14 1 9 | parp14 1 674 | 0.653 350.0
parp14 1 9 | parp14 1 675 | 0.621 350.0
parp14 1 9 | parp14 1 676 | 0.438 350.0
parp14 1 9 | parp14 1 677 | 0.649 350.0
parp14 1 9 | parp14 1 678 | 0.891 350.0
parp14 1 10 | parp14 1 674 | 0.825 350.0
parp14 1 10 | parp14 1 675 | 0.756 350.0
parp14 1 10 | parp14 1 676 | 0.692 350.0
parp14 1 10 | parp14 1 677 | 0.803 350.0
parp14 1 10 | parp14 1 700 | 0.778 350.0
parp14 1 10 | parp14 1 701 | 0.795 350.0
parp14 1 10 | parp14 1 704 | 0.776 350.0
parp14 1 11 | parp14 1 674 | 0.724 350.0
parp14 1 11 | parp14 1 675 | 0.622 350.0
parp14 1 11 | parp14 1 676 | 0.750 350.0
parp14 1 11 | parp14 1 704 | 0.805 350.0
parp14 1 12 | parp14 1 675 | 0.740 350.0
parp14 1 12 | parp14 1 676 | 0.855 350.0
parp14 1 12 | parp14 1 677 | 0.876 350.0
parp14 1 12 | parp14 1 700 | 0.900 350.0
parp14 1 12 | parp14 1 704 | 0.865 350.0
parp14 1 13 | parp14 1 675 | 0.839 350.0
parp14 1 13 | parp14 1 676 | 0.770 350.0
parp14 1 13 | parp14 1 677 | 0.651 350.0
parp14 1 13 | parp14 1 700 | 0.626 350.0
parp14 1 13 | parp14 1 701 | 0.894 350.0
parp14 1 13 | parp14 1 703 | 0.889 350.0
parp14 1 13 | parp14 1 704 | 0.870 350.0
parp14 1 14 | parp14 1 675 | 0.796 350.0
parp14 1 14 | parp14 1 676 | 0.725 350.0
parp14 1 14 | parp14 1 677 | 0.521 350.0
parp14 1 14 | parp14 1 678 | 0.817 350.0
parp14 1 16 | parp14 1 700 | 0.770 350.0
parp14 1 16 | parp14 1 703 | 0.864 350.0
parp14 1 17 | parp14 1 700 | 0.846 350.0
parp14 1 24 | parp14 1 696 | 0.842 350.0
parp14 1 28 | parp14 1 692 | 0.616 350.0
parp14 1 28 | parp14 1 695 | 0.851 350.0
parp14 1 28 | parp14 1 696 | 0.847 350.0
parp14 1 29 | parp14 1 683 | 0.888 350.0
parp14 1 29 | parp14 1 692 | 0.885 350.0
parp14 1 31 | parp14 1 692 | 0.801 350.0
parp14 1 32 | parp14 1 683 | 0.786 350.0
parp14 1 32 | parp14 1 688 | 0.545 350.0
parp14 1 32 | parp14 1 689 | 0.741 350.0
parp14 1 32 | parp14 1 691 | 0.718 350.0
parp14 1 32 | parp14 1 692 | 0.609 350.0
parp14 1 33 | parp14 1 682 | 0.890 350.0
parp14 1 33 | parp14 1 683 | 0.630 350.0
parp14 1 33 | parp14 1 684 | 0.740 350.0
parp14 1 33 | parp14 1 688 | 0.718 350.0
parp14 1 33 | parp14 1 689 | 0.862 350.0
parp14 1 33 | parp14 1 692 | 0.877 350.0
parp14 1 34 | parp14 1 681 | 0.670 350.0
parp14 1 34 | parp14 1 682 | 0.550 350.0
parp14 1 34 | parp14 1 683 | 0.432 350.0
parp14 1 34 | parp14 1 684 | 0.731 350.0
parp14 1 34 | parp14 1 688 | 0.695 350.0
parp14 1 34 | parp14 1 689 | 0.647 350.0
parp14 1 34 | parp14 1 692 | 0.698 350.0
parp14 1 35 | parp14 1 680 | 0.823 350.0
parp14 1 35 | parp14 1 681 | 0.570 350.0
parp14 1 35 | parp14 1 682 | 0.508 350.0
parp14 1 35 | parp14 1 683 | 0.636 350.0
parp14 1 35 | parp14 1 689 | 0.879 350.0
parp14 1 35 | parp14 1 692 | 0.894 350.0
parp14 1 36 | parp14 1 679 | 0.676 350.0
parp14 1 36 | parp14 1 680 | 0.566 350.0
parp14 1 36 | parp14 1 681 | 0.448 350.0
parp14 1 36 | parp14 1 682 | 0.637 350.0
parp14 1 36 | parp14 1 683 | 0.889 350.0
parp14 1 36 | parp14 1 692 | 0.862 350.0
parp14 1 37 | parp14 1 678 | 0.862 350.0
parp14 1 37 | parp14 1 679 | 0.569 350.0
parp14 1 37 | parp14 1 680 | 0.517 350.0
parp14 1 37 | parp14 1 681 | 0.656 350.0
parp14 1 37 | parp14 1 682 | 0.863 350.0
parp14 1 38 | parp14 1 677 | 0.722 350.0
parp14 1 38 | parp14 1 678 | 0.595 350.0
parp14 1 38 | parp14 1 679 | 0.449 350.0
parp14 1 38 | parp14 1 680 | 0.621 350.0
parp14 1 38 | parp14 1 681 | 0.883 350.0
parp14 1 39 | parp14 1 677 | 0.735 350.0
parp14 1 39 | parp14 1 678 | 0.529 350.0
parp14 1 39 | parp14 1 679 | 0.563 350.0
parp14 1 39 | parp14 1 680 | 0.649 350.0
parp14 1 40 | parp14 1 677 | 0.786 350.0
parp14 1 40 | parp14 1 678 | 0.733 350.0
parp14 1 40 | parp14 1 679 | 0.893 350.0
parp14 1 41 | parp14 1 676 | 0.835 350.0
parp14 1 41 | parp14 1 677 | 0.769 350.0
parp14 1 41 | parp14 1 678 | 0.725 350.0
