i	j	b_idx	d[nm]	k[kJ/mol/nm^2]
1802	1803	0	0.3800	8033.0000
1803	1804	1	0.3800	8033.0000
1804	1805	2	0.3800	8033.0000
1805	1806	3	0.3800	8033.0000
1806	1807	4	0.3800	8033.0000
1807	1808	5	0.3800	8033.0000
1808	1809	6	0.3800	8033.0000
1809	1810	7	0.3800	8033.0000
1810	1811	8	0.3800	8033.0000
1811	1812	9	0.4998	8033.0000
1812	1813	10	0.4524	8033.0000
1813	1814	11	0.4607	8033.0000
1814	1815	12	0.6417	8033.0000
1815	1816	13	0.5578	8033.0000
1816	1817	14	0.6291	8033.0000
1817	1818	15	0.5931	8033.0000
1818	1819	16	0.5251	8033.0000
1819	1820	17	0.4093	8033.0000
1820	1821	18	0.3482	8033.0000
1821	1822	19	0.5197	8033.0000
1822	1823	20	0.6725	8033.0000
1823	1824	21	0.6590	8033.0000
1824	1825	22	0.5824	8033.0000
1825	1826	23	0.6865	8033.0000
1826	1827	24	0.5750	8033.0000
1827	1828	25	0.5738	8033.0000
1828	1829	26	0.5188	8033.0000
1829	1830	27	0.5843	8033.0000
1830	1831	28	0.4445	8033.0000
1831	1832	29	0.6553	8033.0000
1832	1833	30	0.5570	8033.0000
1833	1834	31	0.3955	8033.0000
1834	1835	32	0.4612	8033.0000
1835	1836	33	0.5411	8033.0000
1836	1837	34	0.3897	8033.0000
1837	1838	35	0.3543	8033.0000
1838	1839	36	0.2911	8033.0000
1839	1840	37	0.3681	8033.0000
1840	1841	38	0.4800	8033.0000
1841	1842	39	0.5385	8033.0000
1842	1843	40	0.4227	8033.0000
1843	1844	41	0.4519	8033.0000
1844	1845	42	0.4149	8033.0000
1845	1846	43	0.4067	8033.0000
1846	1847	44	0.5356	8033.0000
1847	1848	45	0.6240	8033.0000
1848	1849	46	0.4929	8033.0000
1849	1850	47	0.6032	8033.0000
1850	1851	48	0.4320	8033.0000
1851	1852	49	0.3441	8033.0000
1852	1853	50	0.4499	8033.0000
1853	1854	51	0.3504	8033.0000
1854	1855	52	0.4414	8033.0000
1855	1856	53	0.7991	8033.0000
1856	1857	54	0.5456	8033.0000
1857	1858	55	0.5056	8033.0000
1858	1859	56	0.5951	8033.0000
1859	1860	57	0.5573	8033.0000
1860	1861	58	0.4228	8033.0000
1861	1862	59	0.7488	8033.0000
1862	1863	60	0.5893	8033.0000
1863	1864	61	0.3520	8033.0000
1864	1865	62	0.5220	8033.0000
1865	1866	63	0.5140	8033.0000
1866	1867	64	0.6131	8033.0000
1867	1868	65	0.5980	8033.0000
1868	1869	66	0.4416	8033.0000
1869	1870	67	0.5804	8033.0000
1870	1871	68	0.6740	8033.0000
1871	1872	69	0.4731	8033.0000
1872	1873	70	0.4373	8033.0000
1873	1874	71	0.5429	8033.0000
1874	1875	72	0.5984	8033.0000
1875	1876	73	0.5400	8033.0000
1876	1877	74	0.4790	8033.0000
1877	1878	75	0.4881	8033.0000
1878	1879	76	0.4018	8033.0000
1879	1880	77	0.5553	8033.0000
1880	1881	78	0.5806	8033.0000
1881	1882	79	0.4726	8033.0000
1882	1883	80	0.4588	8033.0000
1883	1884	81	0.3710	8033.0000
1884	1885	82	0.4768	8033.0000
1885	1886	83	0.5011	8033.0000
1886	1887	84	0.5850	8033.0000
1887	1888	85	0.4885	8033.0000
1888	1889	86	0.3747	8033.0000
1889	1890	87	0.3800	8033.0000
1890	1891	88	0.3800	8033.0000
1891	1892	89	0.3800	8033.0000
1892	1893	90	0.3800	8033.0000
1893	1894	91	0.3800	8033.0000
1894	1895	92	0.3800	8033.0000
1895	1896	93	0.3800	8033.0000
1896	1897	94	0.3800	8033.0000
1897	1898	95	0.3800	8033.0000
1898	1899	96	0.3800	8033.0000
1899	1900	97	0.3800	8033.0000
1900	1901	98	0.3800	8033.0000
1901	1902	99	0.3800	8033.0000
1902	1903	100	0.3800	8033.0000
1903	1904	101	0.3800	8033.0000
1904	1905	102	0.3800	8033.0000
1905	1906	103	0.3800	8033.0000
1906	1907	104	0.3800	8033.0000
1907	1908	105	0.3800	8033.0000
1908	1909	106	0.3800	8033.0000
1909	1910	107	0.3800	8033.0000
1910	1911	108	0.3800	8033.0000
1911	1912	109	0.3800	8033.0000
1912	1913	110	0.3800	8033.0000
1913	1914	111	0.3800	8033.0000
1914	1915	112	0.3800	8033.0000
1915	1916	113	0.3800	8033.0000
1916	1917	114	0.3800	8033.0000
1917	1918	115	0.3800	8033.0000
1918	1919	116	0.3800	8033.0000
1919	1920	117	0.3800	8033.0000
1920	1921	118	0.3800	8033.0000
1921	1922	119	0.3800	8033.0000
1922	1923	120	0.3800	8033.0000
1923	1924	121	0.3800	8033.0000
1924	1925	122	0.3800	8033.0000
1925	1926	123	0.3800	8033.0000
1926	1927	124	0.3800	8033.0000
1927	1928	125	0.3800	8033.0000
1928	1929	126	0.3800	8033.0000
1929	1930	127	0.3800	8033.0000
1930	1931	128	0.3800	8033.0000
1931	1932	129	0.3800	8033.0000
1932	1933	130	0.3800	8033.0000
1933	1934	131	0.3800	8033.0000
1934	1935	132	0.3800	8033.0000
1935	1936	133	0.3800	8033.0000
1936	1937	134	0.3800	8033.0000
1937	1938	135	0.3800	8033.0000
1938	1939	136	0.4466	8033.0000
1939	1940	137	0.4184	8033.0000
1940	1941	138	0.4180	8033.0000
1941	1942	139	0.3958	8033.0000
1942	1943	140	0.5339	8033.0000
1943	1944	141	0.5405	8033.0000
1944	1945	142	0.4583	8033.0000
1945	1946	143	0.4826	8033.0000
1946	1947	144	0.5050	8033.0000
1947	1948	145	0.4208	8033.0000
1948	1949	146	0.5358	8033.0000
1949	1950	147	0.5402	8033.0000
1950	1951	148	0.5689	8033.0000
1951	1952	149	0.5549	8033.0000
1952	1953	150	0.5949	8033.0000
1953	1954	151	0.6062	8033.0000
1954	1955	152	0.5702	8033.0000
1955	1956	153	0.5637	8033.0000
1956	1957	154	0.4587	8033.0000
1957	1958	155	0.4410	8033.0000
1958	1959	156	0.4868	8033.0000
1959	1960	157	0.4124	8033.0000
1960	1961	158	0.4553	8033.0000
1961	1962	159	0.4015	8033.0000
1962	1963	160	0.4031	8033.0000
1963	1964	161	0.6068	8033.0000
1964	1965	162	0.7262	8033.0000
1965	1966	163	0.6108	8033.0000
1966	1967	164	0.6312	8033.0000
1967	1968	165	0.4552	8033.0000
1968	1969	166	0.4111	8033.0000
1969	1970	167	0.5164	8033.0000
1970	1971	168	0.5015	8033.0000
1971	1972	169	0.3679	8033.0000
1972	1973	170	0.5459	8033.0000
1973	1974	171	0.6210	8033.0000
1974	1975	172	0.5401	8033.0000
1975	1976	173	0.4829	8033.0000
1976	1977	174	0.3834	8033.0000
1977	1978	175	0.3829	8033.0000
1978	1979	176	0.6528	8033.0000
1979	1980	177	0.5477	8033.0000
1980	1981	178	0.5139	8033.0000
1981	1982	179	0.5135	8033.0000
1982	1983	180	0.5683	8033.0000
1983	1984	181	0.6208	8033.0000
1984	1985	182	0.6483	8033.0000
1985	1986	183	0.5833	8033.0000
1986	1987	184	0.5317	8033.0000
1987	1988	185	0.6755	8033.0000
1988	1989	186	0.4393	8033.0000
1989	1990	187	0.4649	8033.0000
1990	1991	188	0.4819	8033.0000
1991	1992	189	0.5853	8033.0000
1992	1993	190	0.5224	8033.0000
1993	1994	191	0.6076	8033.0000
1994	1995	192	0.5545	8033.0000
1995	1996	193	0.5334	8033.0000
1996	1997	194	0.4582	8033.0000
1997	1998	195	0.5765	8033.0000
1998	1999	196	0.5761	8033.0000
1999	2000	197	0.6105	8033.0000
2000	2001	198	0.5849	8033.0000
2001	2002	199	0.5414	8033.0000
2002	2003	200	0.5770	8033.0000
2003	2004	201	0.3800	8033.0000
2004	2005	202	0.3800	8033.0000
2005	2006	203	0.3800	8033.0000
2006	2007	204	0.3800	8033.0000
2007	2008	205	0.3800	8033.0000
2008	2009	206	0.3800	8033.0000
2009	2010	207	0.3800	8033.0000
2010	2011	208	0.3800	8033.0000
2011	2012	209	0.3800	8033.0000
2012	2013	210	0.3800	8033.0000
2013	2014	211	0.3800	8033.0000
2014	2015	212	0.3800	8033.0000
2015	2016	213	0.3800	8033.0000
2016	2017	214	0.3800	8033.0000
2017	2018	215	0.3800	8033.0000
2018	2019	216	0.3800	8033.0000
2019	2020	217	0.3800	8033.0000
2020	2021	218	0.3800	8033.0000
2021	2022	219	0.3800	8033.0000
2022	2023	220	0.3800	8033.0000
2023	2024	221	0.3800	8033.0000
2024	2025	222	0.3800	8033.0000
2025	2026	223	0.3800	8033.0000
2026	2027	224	0.3800	8033.0000
2027	2028	225	0.3800	8033.0000
2028	2029	226	0.3800	8033.0000
2029	2030	227	0.3800	8033.0000
2030	2031	228	0.3800	8033.0000
2031	2032	229	0.3800	8033.0000
2032	2033	230	0.3800	8033.0000
2033	2034	231	0.5401	8033.0000
2034	2035	232	0.4515	8033.0000
2035	2036	233	0.6133	8033.0000
2036	2037	234	0.5686	8033.0000
2037	2038	235	0.6597	8033.0000
2038	2039	236	0.5089	8033.0000
2039	2040	237	0.3718	8033.0000
2040	2041	238	0.5298	8033.0000
2041	2042	239	0.4007	8033.0000
2042	2043	240	0.4724	8033.0000
2043	2044	241	0.7878	8033.0000
2044	2045	242	0.5249	8033.0000
2045	2046	243	0.7138	8033.0000
2046	2047	244	0.6471	8033.0000
2047	2048	245	0.5707	8033.0000
2048	2049	246	0.7210	8033.0000
2049	2050	247	0.5010	8033.0000
2050	2051	248	0.4172	8033.0000
2051	2052	249	0.4501	8033.0000
2052	2053	250	0.3829	8033.0000
2053	2054	251	0.5826	8033.0000
2054	2055	252	0.5549	8033.0000
2055	2056	253	0.4504	8033.0000
2056	2057	254	0.5115	8033.0000
2057	2058	255	0.4162	8033.0000
2058	2059	256	0.5092	8033.0000
2059	2060	257	0.5867	8033.0000
2060	2061	258	0.7417	8033.0000
2061	2062	259	0.4186	8033.0000
2062	2063	260	0.5626	8033.0000
2063	2064	261	0.3338	8033.0000
2064	2065	262	0.4296	8033.0000
2065	2066	263	0.5096	8033.0000
2066	2067	264	0.5501	8033.0000
2067	2068	265	0.5524	8033.0000
2068	2069	266	0.5063	8033.0000
2069	2070	267	0.6092	8033.0000
2070	2071	268	0.5366	8033.0000
2071	2072	269	0.3409	8033.0000
2072	2073	270	0.3468	8033.0000
2073	2074	271	0.4447	8033.0000
2074	2075	272	0.5262	8033.0000
2075	2076	273	0.4823	8033.0000
2076	2077	274	0.4681	8033.0000
2077	2078	275	0.4250	8033.0000
2078	2079	276	0.5538	8033.0000
2079	2080	277	0.4832	8033.0000
2080	2081	278	0.5663	8033.0000
2081	2082	279	0.4454	8033.0000
2082	2083	280	0.3592	8033.0000
2083	2084	281	0.5988	8033.0000
2084	2085	282	0.6453	8033.0000
2085	2086	283	0.3715	8033.0000
2086	2087	284	0.4534	8033.0000
2087	2088	285	0.5090	8033.0000
2088	2089	286	0.5205	8033.0000
2089	2090	287	0.5190	8033.0000
2090	2091	288	0.3497	8033.0000
2091	2092	289	0.5391	8033.0000
2092	2093	290	0.6503	8033.0000
2093	2094	291	0.5385	8033.0000
2094	2095	292	0.5529	8033.0000
2095	2096	293	0.4459	8033.0000
2096	2097	294	0.3865	8033.0000
2097	2098	295	0.4373	8033.0000
2098	2099	296	0.6818	8033.0000
2099	2100	297	0.5306	8033.0000
2100	2101	298	0.6439	8033.0000
2101	2102	299	0.4425	8033.0000
2102	2103	300	0.5037	8033.0000
2103	2104	301	0.5535	8033.0000
2104	2105	302	0.3800	8033.0000
2105	2106	303	0.4641	8033.0000
2106	2107	304	0.4413	8033.0000
2107	2108	305	0.6147	8033.0000
2108	2109	306	0.5362	8033.0000
2109	2110	307	0.5018	8033.0000
2110	2111	308	0.4743	8033.0000
2111	2112	309	0.4038	8033.0000
2112	2113	310	0.4389	8033.0000
2113	2114	311	0.4601	8033.0000
2114	2115	312	0.4348	8033.0000
2115	2116	313	0.4109	8033.0000
2116	2117	314	0.4577	8033.0000
2117	2118	315	0.6250	8033.0000
2118	2119	316	0.5014	8033.0000
2119	2120	317	0.4236	8033.0000
2120	2121	318	0.6143	8033.0000
2121	2122	319	0.5143	8033.0000
2122	2123	320	0.7250	8033.0000
2123	2124	321	0.5147	8033.0000
2124	2125	322	0.5687	8033.0000
2125	2126	323	0.5238	8033.0000
2126	2127	324	0.5005	8033.0000
2127	2128	325	0.5755	8033.0000
2128	2129	326	0.6445	8033.0000
2129	2130	327	0.4005	8033.0000
2130	2131	328	0.6045	8033.0000
2131	2132	329	0.4604	8033.0000
2132	2133	330	0.6312	8033.0000
2133	2134	331	0.4948	8033.0000
2134	2135	332	0.4499	8033.0000
2135	2136	333	0.5424	8033.0000
2136	2137	334	0.6647	8033.0000
2137	2138	335	0.5795	8033.0000
2138	2139	336	0.5046	8033.0000
2139	2140	337	0.3443	8033.0000
2140	2141	338	0.4452	8033.0000
2141	2142	339	0.5351	8033.0000
2142	2143	340	0.4783	8033.0000
2143	2144	341	0.4454	8033.0000
2144	2145	342	0.5054	8033.0000
2145	2146	343	0.4638	8033.0000
2146	2147	344	0.3724	8033.0000
2147	2148	345	0.5262	8033.0000
2148	2149	346	0.4857	8033.0000
2149	2150	347	0.4934	8033.0000
2150	2151	348	0.5121	8033.0000
2151	2152	349	0.4324	8033.0000
2152	2153	350	0.3994	8033.0000
2153	2154	351	0.3487	8033.0000
2154	2155	352	0.4725	8033.0000
2155	2156	353	0.6406	8033.0000
2156	2157	354	0.6021	8033.0000
2157	2158	355	0.5389	8033.0000
2158	2159	356	0.4532	8033.0000
2159	2160	357	0.4464	8033.0000
2160	2161	358	0.5223	8033.0000
2161	2162	359	0.4598	8033.0000
2162	2163	360	0.5947	8033.0000
2163	2164	361	0.4935	8033.0000
2164	2165	362	0.3800	8033.0000
2165	2166	363	0.3800	8033.0000
2166	2167	364	0.3800	8033.0000
2167	2168	365	0.3800	8033.0000
2168	2169	366	0.3800	8033.0000
2169	2170	367	0.3800	8033.0000
2170	2171	368	0.3800	8033.0000
2171	2172	369	0.3800	8033.0000
2172	2173	370	0.3800	8033.0000
2173	2174	371	0.3800	8033.0000
2174	2175	372	0.3800	8033.0000
2175	2176	373	0.3800	8033.0000
2176	2177	374	0.3800	8033.0000
2177	2178	375	0.3800	8033.0000
2178	2179	376	0.4443	8033.0000
2179	2180	377	0.5427	8033.0000
2180	2181	378	0.5212	8033.0000
2181	2182	379	0.4913	8033.0000
2182	2183	380	0.4090	8033.0000
2183	2184	381	0.4017	8033.0000
2184	2185	382	0.4954	8033.0000
2185	2186	383	0.7076	8033.0000
2186	2187	384	0.5409	8033.0000
2187	2188	385	0.5710	8033.0000
2188	2189	386	0.4728	8033.0000
2189	2190	387	0.6165	8033.0000
2190	2191	388	0.4814	8033.0000
2191	2192	389	0.5050	8033.0000
2192	2193	390	0.5223	8033.0000
2193	2194	391	0.5104	8033.0000
2194	2195	392	0.5456	8033.0000
2195	2196	393	0.5635	8033.0000
2196	2197	394	0.5530	8033.0000
2197	2198	395	0.4776	8033.0000
2198	2199	396	0.4793	8033.0000
2199	2200	397	0.5498	8033.0000
2200	2201	398	0.5246	8033.0000
2201	2202	399	0.5675	8033.0000
2202	2203	400	0.7059	8033.0000
2203	2204	401	0.4657	8033.0000
2204	2205	402	0.7159	8033.0000
2205	2206	403	0.4881	8033.0000
2206	2207	404	0.4455	8033.0000
2207	2208	405	0.4526	8033.0000
2208	2209	406	0.4701	8033.0000
2209	2210	407	0.5595	8033.0000
2210	2211	408	0.4273	8033.0000
2211	2212	409	0.5363	8033.0000
2212	2213	410	0.5995	8033.0000
2213	2214	411	0.5327	8033.0000
2214	2215	412	0.4642	8033.0000
2215	2216	413	0.5541	8033.0000
2216	2217	414	0.5375	8033.0000
2217	2218	415	0.4241	8033.0000
2218	2219	416	0.4919	8033.0000
2219	2220	417	0.4994	8033.0000
2220	2221	418	0.4973	8033.0000
2221	2222	419	0.6394	8033.0000
2222	2223	420	0.5249	8033.0000
2223	2224	421	0.4824	8033.0000
2224	2225	422	0.5853	8033.0000
2225	2226	423	0.6153	8033.0000
2226	2227	424	0.6983	8033.0000
2227	2228	425	0.5127	8033.0000
2228	2229	426	0.5096	8033.0000
2229	2230	427	0.4740	8033.0000
2230	2231	428	0.4962	8033.0000
2231	2232	429	0.3893	8033.0000
2232	2233	430	0.4304	8033.0000
2233	2234	431	0.5456	8033.0000
2234	2235	432	0.4577	8033.0000
2235	2236	433	0.6134	8033.0000
2236	2237	434	0.3815	8033.0000
2237	2238	435	0.5736	8033.0000
2238	2239	436	0.4920	8033.0000
2239	2240	437	0.4518	8033.0000
2240	2241	438	0.4803	8033.0000
2241	2242	439	0.5332	8033.0000
2242	2243	440	0.5324	8033.0000
2243	2244	441	0.6494	8033.0000
2244	2245	442	0.4632	8033.0000
2245	2246	443	0.3640	8033.0000
2246	2247	444	0.4191	8033.0000
2247	2248	445	0.5289	8033.0000
2248	2249	446	0.5699	8033.0000
2249	2250	447	0.5377	8033.0000
2250	2251	448	0.7193	8033.0000
2251	2252	449	0.6934	8033.0000
2252	2253	450	0.4873	8033.0000
2253	2254	451	0.4552	8033.0000
2254	2255	452	0.5001	8033.0000
2255	2256	453	0.5159	8033.0000
2256	2257	454	0.5864	8033.0000
2257	2258	455	0.5632	8033.0000
2258	2259	456	0.4079	8033.0000
2259	2260	457	0.4384	8033.0000
2260	2261	458	0.4786	8033.0000
2261	2262	459	0.5943	8033.0000
2262	2263	460	0.7174	8033.0000
2263	2264	461	0.6754	8033.0000
2264	2265	462	0.5657	8033.0000
2265	2266	463	0.5783	8033.0000
2266	2267	464	0.4874	8033.0000
2267	2268	465	0.6229	8033.0000
2268	2269	466	0.5131	8033.0000
2269	2270	467	0.5241	8033.0000
2270	2271	468	0.6955	8033.0000
2271	2272	469	0.4474	8033.0000
2272	2273	470	0.3845	8033.0000
2273	2274	471	0.5548	8033.0000
2274	2275	472	0.6288	8033.0000
2275	2276	473	0.5978	8033.0000
2276	2277	474	0.6998	8033.0000
2277	2278	475	0.6050	8033.0000
2278	2279	476	0.5583	8033.0000
2279	2280	477	0.5409	8033.0000
2280	2281	478	0.3803	8033.0000
2281	2282	479	0.5046	8033.0000
2282	2283	480	0.5517	8033.0000
2283	2284	481	0.5038	8033.0000
2284	2285	482	0.4854	8033.0000
2285	2286	483	0.4646	8033.0000
2286	2287	484	0.4586	8033.0000
2287	2288	485	0.5615	8033.0000
2288	2289	486	0.5310	8033.0000
2289	2290	487	0.5328	8033.0000
2290	2291	488	0.5323	8033.0000
2291	2292	489	0.4827	8033.0000
2292	2293	490	0.4488	8033.0000
2293	2294	491	0.4862	8033.0000
2294	2295	492	0.4199	8033.0000
2295	2296	493	0.3972	8033.0000
2296	2297	494	0.4256	8033.0000
2297	2298	495	0.4153	8033.0000
2298	2299	496	0.4786	8033.0000
2299	2300	497	0.5823	8033.0000
2300	2301	498	0.4578	8033.0000
2301	2302	499	0.4507	8033.0000
2302	2303	500	0.5389	8033.0000
2303	2304	501	0.5107	8033.0000
2304	2305	502	0.5713	8033.0000
2305	2306	503	0.7218	8033.0000
2306	2307	504	0.5005	8033.0000
2307	2308	505	0.4381	8033.0000
2308	2309	506	0.5392	8033.0000
2309	2310	507	0.3800	8033.0000
2310	2311	508	0.3800	8033.0000
2311	2312	509	0.3800	8033.0000
2312	2313	510	0.3800	8033.0000
2313	2314	511	0.3800	8033.0000
2314	2315	512	0.3800	8033.0000
2315	2316	513	0.3800	8033.0000
2316	2317	514	0.3800	8033.0000
2317	2318	515	0.3800	8033.0000
2318	2319	516	0.3800	8033.0000
2319	2320	517	0.3800	8033.0000
2320	2321	518	0.3800	8033.0000
2321	2322	519	0.3800	8033.0000
2322	2323	520	0.3800	8033.0000
2323	2324	521	0.3800	8033.0000
2324	2325	522	0.3800	8033.0000
2325	2326	523	0.3800	8033.0000
2326	2327	524	0.3800	8033.0000
2327	2328	525	0.3800	8033.0000
2328	2329	526	0.3800	8033.0000
2329	2330	527	0.3800	8033.0000
2330	2331	528	0.3800	8033.0000
2331	2332	529	0.3800	8033.0000
2332	2333	530	0.3800	8033.0000
2333	2334	531	0.3800	8033.0000
2334	2335	532	0.3800	8033.0000
2335	2336	533	0.3800	8033.0000
2336	2337	534	0.3800	8033.0000
2337	2338	535	0.3800	8033.0000
2338	2339	536	0.3800	8033.0000
2339	2340	537	0.3800	8033.0000
2340	2341	538	0.3800	8033.0000
2341	2342	539	0.3800	8033.0000
2342	2343	540	0.3800	8033.0000
2343	2344	541	0.3800	8033.0000
2344	2345	542	0.3800	8033.0000
2345	2346	543	0.3800	8033.0000
2346	2347	544	0.3800	8033.0000
2347	2348	545	0.3800	8033.0000
2348	2349	546	0.3800	8033.0000
2349	2350	547	0.3800	8033.0000
2350	2351	548	0.3800	8033.0000
2351	2352	549	0.3800	8033.0000
2352	2353	550	0.3800	8033.0000
2353	2354	551	0.3800	8033.0000
2354	2355	552	0.3800	8033.0000
2355	2356	553	0.3800	8033.0000
2356	2357	554	0.6397	8033.0000
2357	2358	555	0.6701	8033.0000
2358	2359	556	0.6164	8033.0000
2359	2360	557	0.4865	8033.0000
2360	2361	558	0.3939	8033.0000
2361	2362	559	0.5024	8033.0000
2362	2363	560	0.4281	8033.0000
2363	2364	561	0.4510	8033.0000
2364	2365	562	0.4664	8033.0000
2365	2366	563	0.4935	8033.0000
2366	2367	564	0.5599	8033.0000
2367	2368	565	0.4167	8033.0000
2368	2369	566	0.4732	8033.0000
2369	2370	567	0.4463	8033.0000
2370	2371	568	0.4141	8033.0000
2371	2372	569	0.6138	8033.0000
2372	2373	570	0.6702	8033.0000
2373	2374	571	0.4830	8033.0000
2374	2375	572	0.4447	8033.0000
2375	2376	573	0.4420	8033.0000
2376	2377	574	0.4552	8033.0000
2377	2378	575	0.5559	8033.0000
2378	2379	576	0.4878	8033.0000
2379	2380	577	0.5924	8033.0000
2380	2381	578	0.5915	8033.0000
2381	2382	579	0.5295	8033.0000
2382	2383	580	0.5431	8033.0000
2383	2384	581	0.4527	8033.0000
2384	2385	582	0.3341	8033.0000
2385	2386	583	0.3869	8033.0000
2386	2387	584	0.5003	8033.0000
2387	2388	585	0.4377	8033.0000
2388	2389	586	0.6171	8033.0000
2389	2390	587	0.5026	8033.0000
2390	2391	588	0.4390	8033.0000
2391	2392	589	0.5551	8033.0000
2392	2393	590	0.4199	8033.0000
2393	2394	591	0.6627	8033.0000
2394	2395	592	0.4909	8033.0000
2395	2396	593	0.4272	8033.0000
2396	2397	594	0.4802	8033.0000
2397	2398	595	0.3640	8033.0000
2398	2399	596	0.4143	8033.0000
2399	2400	597	0.4447	8033.0000
2400	2401	598	0.4884	8033.0000
2401	2402	599	0.5728	8033.0000
2402	2403	600	0.4367	8033.0000
2403	2404	601	0.4504	8033.0000
2404	2405	602	0.6035	8033.0000
2405	2406	603	0.4024	8033.0000
2406	2407	604	0.5488	8033.0000
2407	2408	605	0.6153	8033.0000
2408	2409	606	0.4528	8033.0000
2409	2410	607	0.4323	8033.0000
2410	2411	608	0.5740	8033.0000
2411	2412	609	0.3767	8033.0000
2412	2413	610	0.5373	8033.0000
2413	2414	611	0.4669	8033.0000
2414	2415	612	0.3854	8033.0000
2415	2416	613	0.5469	8033.0000
2416	2417	614	0.4679	8033.0000
2417	2418	615	0.5326	8033.0000
2418	2419	616	0.4638	8033.0000
2419	2420	617	0.4434	8033.0000
2420	2421	618	0.4285	8033.0000
2421	2422	619	0.5585	8033.0000
2422	2423	620	0.6187	8033.0000
2423	2424	621	0.4757	8033.0000
2424	2425	622	0.4240	8033.0000
2425	2426	623	0.4018	8033.0000
2426	2427	624	0.4545	8033.0000
2427	2428	625	0.3503	8033.0000
2428	2429	626	0.6110	8033.0000
2429	2430	627	0.5178	8033.0000
2430	2431	628	0.3276	8033.0000
2431	2432	629	0.4837	8033.0000
2432	2433	630	0.3931	8033.0000
2433	2434	631	0.4533	8033.0000
2434	2435	632	0.4735	8033.0000
2435	2436	633	0.4540	8033.0000
2436	2437	634	0.4758	8033.0000
2437	2438	635	0.4904	8033.0000
2438	2439	636	0.6120	8033.0000
2439	2440	637	0.4309	8033.0000
2440	2441	638	0.5333	8033.0000
2441	2442	639	0.4482	8033.0000
2442	2443	640	0.3779	8033.0000
2443	2444	641	0.3956	8033.0000
2444	2445	642	0.5268	8033.0000
2445	2446	643	0.5092	8033.0000
2446	2447	644	0.4993	8033.0000
2447	2448	645	0.5847	8033.0000
2448	2449	646	0.4835	8033.0000
2449	2450	647	0.5063	8033.0000
2450	2451	648	0.3873	8033.0000
2451	2452	649	0.4493	8033.0000
2452	2453	650	0.4567	8033.0000
2453	2454	651	0.4481	8033.0000
2454	2455	652	0.6444	8033.0000
2455	2456	653	0.6756	8033.0000
2456	2457	654	0.4858	8033.0000
2457	2458	655	0.3671	8033.0000
2458	2459	656	0.3968	8033.0000
2459	2460	657	0.5464	8033.0000
2460	2461	658	0.5539	8033.0000
2461	2462	659	0.5704	8033.0000
2462	2463	660	0.4046	8033.0000
2463	2464	661	0.3735	8033.0000
2464	2465	662	0.6312	8033.0000
2465	2466	663	0.4001	8033.0000
2466	2467	664	0.5437	8033.0000
2467	2468	665	0.4936	8033.0000
2468	2469	666	0.5651	8033.0000
2469	2470	667	0.5954	8033.0000
2470	2471	668	0.4828	8033.0000
2471	2472	669	0.5172	8033.0000
2472	2473	670	0.7826	8033.0000
2473	2474	671	0.5087	8033.0000
2474	2475	672	0.4893	8033.0000
2475	2476	673	0.5060	8033.0000
2476	2477	674	0.5535	8033.0000
2477	2478	675	0.4981	8033.0000
2478	2479	676	0.5811	8033.0000
2479	2480	677	0.8024	8033.0000
2480	2481	678	0.6140	8033.0000
2481	2482	679	0.5296	8033.0000
2482	2483	680	0.4845	8033.0000
2483	2484	681	0.5390	8033.0000
2484	2485	682	0.6228	8033.0000
2485	2486	683	0.6011	8033.0000
2486	2487	684	0.5105	8033.0000
2487	2488	685	0.4004	8033.0000
2488	2489	686	0.5663	8033.0000
2489	2490	687	0.3957	8033.0000
2490	2491	688	0.4089	8033.0000
2491	2492	689	0.5721	8033.0000
2492	2493	690	0.4183	8033.0000
2493	2494	691	0.5721	8033.0000
2494	2495	692	0.6508	8033.0000
2495	2496	693	0.4246	8033.0000
2496	2497	694	0.4566	8033.0000
2497	2498	695	0.3474	8033.0000
2498	2499	696	0.3980	8033.0000
2499	2500	697	0.3549	8033.0000
2500	2501	698	0.4972	8033.0000
2501	2502	699	0.4468	8033.0000
2502	2503	700	0.4542	8033.0000
2503	2504	701	0.5474	8033.0000
2504	2505	702	0.6870	8033.0000
2505	2506	703	0.4176	8033.0000
2506	2507	704	0.5253	8033.0000
2507	2508	705	0.5008	8033.0000
2508	2509	706	0.5563	8033.0000
2509	2510	707	0.5951	8033.0000
2510	2511	708	0.5289	8033.0000
2511	2512	709	0.4368	8033.0000
2512	2513	710	0.5537	8033.0000
2513	2514	711	0.4973	8033.0000
2514	2515	712	0.5840	8033.0000
2515	2516	713	0.2923	8033.0000
2516	2517	714	0.3463	8033.0000
2517	2518	715	0.4624	8033.0000
2518	2519	716	0.5476	8033.0000
2519	2520	717	0.5765	8033.0000
2520	2521	718	0.6081	8033.0000
2521	2522	719	0.4035	8033.0000
2522	2523	720	0.5132	8033.0000
2523	2524	721	0.5262	8033.0000
2524	2525	722	0.4070	8033.0000
2525	2526	723	0.4143	8033.0000
2526	2527	724	0.5988	8033.0000
2527	2528	725	0.4519	8033.0000
2528	2529	726	0.6159	8033.0000
2529	2530	727	0.6063	8033.0000
2530	2531	728	0.5884	8033.0000
2531	2532	729	0.4748	8033.0000
2532	2533	730	0.5832	8033.0000
2533	2534	731	0.5642	8033.0000
2534	2535	732	0.5335	8033.0000
2535	2536	733	0.6149	8033.0000
2536	2537	734	0.4990	8033.0000
2537	2538	735	0.4146	8033.0000
2538	2539	736	0.5544	8033.0000
2539	2540	737	0.3800	8033.0000
2540	2541	738	0.3800	8033.0000
