parp14 1 738 | parp14 1 1432 | 0.658 15.0
parp14 1 738 | parp14 1 1433 | 0.573 15.0
parp14 1 738 | parp14 1 1434 | 0.532 15.0
parp14 1 738 | parp14 1 1435 | 0.675 15.0
parp14 1 738 | parp14 1 1436 | 0.893 15.0
parp14 1 739 | parp14 1 1431 | 0.827 15.0
parp14 1 739 | parp14 1 1432 | 0.552 15.0
parp14 1 739 | parp14 1 1433 | 0.534 15.0
parp14 1 739 | parp14 1 1434 | 0.582 15.0
parp14 1 739 | parp14 1 1435 | 0.517 15.0
parp14 1 739 | parp14 1 1436 | 0.579 15.0
parp14 1 739 | parp14 1 1438 | 0.874 15.0
parp14 1 739 | parp14 1 1439 | 0.700 15.0
parp14 1 740 | parp14 1 1430 | 0.710 15.0
parp14 1 740 | parp14 1 1431 | 0.581 15.0
parp14 1 740 | parp14 1 1432 | 0.434 15.0
parp14 1 740 | parp14 1 1433 | 0.673 15.0
parp14 1 740 | parp14 1 1434 | 0.888 15.0
parp14 1 740 | parp14 1 1435 | 0.860 15.0
parp14 1 740 | parp14 1 1436 | 0.812 15.0
parp14 1 740 | parp14 1 1439 | 0.743 15.0
parp14 1 741 | parp14 1 1429 | 0.842 15.0
parp14 1 741 | parp14 1 1430 | 0.581 15.0
parp14 1 741 | parp14 1 1431 | 0.545 15.0
parp14 1 741 | parp14 1 1432 | 0.646 15.0
parp14 1 741 | parp14 1 1436 | 0.855 15.0
parp14 1 741 | parp14 1 1439 | 0.714 15.0
parp14 1 741 | parp14 1 1440 | 0.837 15.0
parp14 1 741 | parp14 1 1443 | 0.853 15.0
parp14 1 742 | parp14 1 1428 | 0.670 15.0
parp14 1 742 | parp14 1 1429 | 0.565 15.0
parp14 1 742 | parp14 1 1430 | 0.437 15.0
parp14 1 742 | parp14 1 1431 | 0.634 15.0
parp14 1 742 | parp14 1 1432 | 0.880 15.0
parp14 1 742 | parp14 1 1443 | 0.890 15.0
parp14 1 743 | parp14 1 1427 | 0.840 15.0
parp14 1 743 | parp14 1 1428 | 0.578 15.0
parp14 1 743 | parp14 1 1429 | 0.531 15.0
parp14 1 743 | parp14 1 1430 | 0.636 15.0
parp14 1 743 | parp14 1 1431 | 0.783 15.0
parp14 1 743 | parp14 1 1443 | 0.703 15.0
parp14 1 743 | parp14 1 1447 | 0.880 15.0
parp14 1 744 | parp14 1 1426 | 0.715 15.0
parp14 1 744 | parp14 1 1427 | 0.591 15.0
parp14 1 744 | parp14 1 1428 | 0.448 15.0
parp14 1 744 | parp14 1 1429 | 0.649 15.0
parp14 1 744 | parp14 1 1430 | 0.881 15.0
parp14 1 745 | parp14 1 1426 | 0.571 15.0
parp14 1 745 | parp14 1 1427 | 0.531 15.0
parp14 1 745 | parp14 1 1428 | 0.642 15.0
parp14 1 745 | parp14 1 1429 | 0.847 15.0
parp14 1 745 | parp14 1 1447 | 0.844 15.0
parp14 1 746 | parp14 1 1424 | 0.696 15.0
parp14 1 746 | parp14 1 1425 | 0.696 15.0
parp14 1 746 | parp14 1 1426 | 0.465 15.0
parp14 1 746 | parp14 1 1427 | 0.664 15.0
parp14 1 747 | parp14 1 1424 | 0.801 15.0
parp14 1 747 | parp14 1 1425 | 0.834 15.0
parp14 1 747 | parp14 1 1426 | 0.719 15.0
parp14 1 747 | parp14 1 1427 | 0.809 15.0
parp14 1 747 | parp14 1 1450 | 0.772 15.0
parp14 1 747 | parp14 1 1451 | 0.790 15.0
parp14 1 747 | parp14 1 1454 | 0.760 15.0
parp14 1 748 | parp14 1 1424 | 0.608 15.0
parp14 1 748 | parp14 1 1425 | 0.673 15.0
parp14 1 748 | parp14 1 1426 | 0.752 15.0
parp14 1 748 | parp14 1 1427 | 0.886 15.0
parp14 1 748 | parp14 1 1454 | 0.789 15.0
parp14 1 749 | parp14 1 1424 | 0.834 15.0
parp14 1 749 | parp14 1 1425 | 0.744 15.0
parp14 1 749 | parp14 1 1426 | 0.859 15.0
parp14 1 749 | parp14 1 1427 | 0.857 15.0
parp14 1 749 | parp14 1 1450 | 0.894 15.0
parp14 1 749 | parp14 1 1454 | 0.851 15.0
parp14 1 750 | parp14 1 1425 | 0.839 15.0
parp14 1 750 | parp14 1 1426 | 0.778 15.0
parp14 1 750 | parp14 1 1427 | 0.633 15.0
parp14 1 750 | parp14 1 1450 | 0.626 15.0
parp14 1 750 | parp14 1 1453 | 0.866 15.0
parp14 1 750 | parp14 1 1454 | 0.873 15.0
parp14 1 751 | parp14 1 1425 | 0.772 15.0
parp14 1 751 | parp14 1 1426 | 0.744 15.0
parp14 1 751 | parp14 1 1427 | 0.512 15.0
parp14 1 751 | parp14 1 1428 | 0.797 15.0
parp14 1 751 | parp14 1 1429 | 0.892 15.0
parp14 1 752 | parp14 1 1427 | 0.892 15.0
parp14 1 753 | parp14 1 1450 | 0.750 15.0
parp14 1 753 | parp14 1 1453 | 0.826 15.0
parp14 1 754 | parp14 1 1450 | 0.851 15.0
parp14 1 761 | parp14 1 1446 | 0.836 15.0
parp14 1 765 | parp14 1 1442 | 0.608 15.0
parp14 1 765 | parp14 1 1445 | 0.860 15.0
parp14 1 765 | parp14 1 1446 | 0.866 15.0
parp14 1 766 | parp14 1 1433 | 0.889 15.0
parp14 1 766 | parp14 1 1442 | 0.886 15.0
parp14 1 768 | parp14 1 1438 | 0.892 15.0
parp14 1 768 | parp14 1 1442 | 0.795 15.0
parp14 1 769 | parp14 1 1433 | 0.785 15.0
parp14 1 769 | parp14 1 1438 | 0.536 15.0
parp14 1 769 | parp14 1 1439 | 0.724 15.0
parp14 1 769 | parp14 1 1441 | 0.709 15.0
parp14 1 769 | parp14 1 1442 | 0.610 15.0
parp14 1 770 | parp14 1 1432 | 0.879 15.0
parp14 1 770 | parp14 1 1433 | 0.617 15.0
parp14 1 770 | parp14 1 1434 | 0.737 15.0
parp14 1 770 | parp14 1 1438 | 0.707 15.0
parp14 1 770 | parp14 1 1439 | 0.855 15.0
parp14 1 770 | parp14 1 1442 | 0.890 15.0
parp14 1 771 | parp14 1 1431 | 0.665 15.0
parp14 1 771 | parp14 1 1432 | 0.548 15.0
parp14 1 771 | parp14 1 1433 | 0.439 15.0
parp14 1 771 | parp14 1 1434 | 0.746 15.0
parp14 1 771 | parp14 1 1438 | 0.696 15.0
parp14 1 771 | parp14 1 1439 | 0.650 15.0
parp14 1 771 | parp14 1 1442 | 0.707 15.0
parp14 1 772 | parp14 1 1430 | 0.830 15.0
parp14 1 772 | parp14 1 1431 | 0.566 15.0
parp14 1 772 | parp14 1 1432 | 0.531 15.0
parp14 1 772 | parp14 1 1433 | 0.646 15.0
parp14 1 772 | parp14 1 1439 | 0.887 15.0
parp14 1 772 | parp14 1 1442 | 0.900 15.0
parp14 1 773 | parp14 1 1429 | 0.697 15.0
parp14 1 773 | parp14 1 1430 | 0.564 15.0
parp14 1 773 | parp14 1 1431 | 0.454 15.0
parp14 1 773 | parp14 1 1432 | 0.659 15.0
parp14 1 774 | parp14 1 1428 | 0.889 15.0
parp14 1 774 | parp14 1 1429 | 0.591 15.0
parp14 1 774 | parp14 1 1430 | 0.532 15.0
parp14 1 774 | parp14 1 1431 | 0.674 15.0
parp14 1 774 | parp14 1 1432 | 0.899 15.0
parp14 1 775 | parp14 1 1427 | 0.778 15.0
parp14 1 775 | parp14 1 1428 | 0.626 15.0
parp14 1 775 | parp14 1 1429 | 0.460 15.0
parp14 1 775 | parp14 1 1430 | 0.638 15.0
parp14 1 775 | parp14 1 1431 | 0.897 15.0
parp14 1 776 | parp14 1 1427 | 0.768 15.0
parp14 1 776 | parp14 1 1428 | 0.564 15.0
parp14 1 776 | parp14 1 1429 | 0.587 15.0
parp14 1 776 | parp14 1 1430 | 0.706 15.0
parp14 1 777 | parp14 1 1427 | 0.876 15.0
parp14 1 777 | parp14 1 1428 | 0.825 15.0
