i	j	b_idx	d[nm]	k[kJ/mol/nm^2]
1802	1803	0	0.3800	8033.0000
1803	1804	1	0.3800	8033.0000
1804	1805	2	0.3800	8033.0000
1805	1806	3	0.3800	8033.0000
1806	1807	4	0.3800	8033.0000
1807	1808	5	0.3800	8033.0000
1808	1809	6	0.3800	8033.0000
1809	1810	7	0.3800	8033.0000
1810	1811	8	0.3800	8033.0000
1811	1812	9	0.3800	8033.0000
1812	1813	10	0.3800	8033.0000
1813	1814	11	0.3800	8033.0000
1814	1815	12	0.3800	8033.0000
1815	1816	13	0.3800	8033.0000
1816	1817	14	0.3800	8033.0000
1817	1818	15	0.3800	8033.0000
1818	1819	16	0.3800	8033.0000
1819	1820	17	0.3800	8033.0000
1820	1821	18	0.3800	8033.0000
1821	1822	19	0.3800	8033.0000
1822	1823	20	0.3800	8033.0000
1823	1824	21	0.3800	8033.0000
1824	1825	22	0.3800	8033.0000
1825	1826	23	0.3800	8033.0000
1826	1827	24	0.3800	8033.0000
1827	1828	25	0.3800	8033.0000
1828	1829	26	0.3800	8033.0000
1829	1830	27	0.3800	8033.0000
1830	1831	28	0.3800	8033.0000
1831	1832	29	0.3800	8033.0000
1832	1833	30	0.3800	8033.0000
1833	1834	31	0.3800	8033.0000
1834	1835	32	0.3800	8033.0000
1835	1836	33	0.3800	8033.0000
1836	1837	34	0.3800	8033.0000
1837	1838	35	0.3800	8033.0000
1838	1839	36	0.3800	8033.0000
1839	1840	37	0.3800	8033.0000
1840	1841	38	0.3800	8033.0000
1841	1842	39	0.3800	8033.0000
1842	1843	40	0.3800	8033.0000
1843	1844	41	0.3800	8033.0000
1844	1845	42	0.3800	8033.0000
1845	1846	43	0.3800	8033.0000
1846	1847	44	0.3800	8033.0000
1847	1848	45	0.3800	8033.0000
1848	1849	46	0.3800	8033.0000
1849	1850	47	0.3800	8033.0000
1850	1851	48	0.3800	8033.0000
1851	1852	49	0.3800	8033.0000
1852	1853	50	0.3800	8033.0000
1853	1854	51	0.3800	8033.0000
1854	1855	52	0.3800	8033.0000
1855	1856	53	0.3800	8033.0000
1856	1857	54	0.3800	8033.0000
1857	1858	55	0.3800	8033.0000
1858	1859	56	0.3800	8033.0000
1859	1860	57	0.3800	8033.0000
1860	1861	58	0.5023	8033.0000
1861	1862	59	0.6173	8033.0000
1862	1863	60	0.5051	8033.0000
1863	1864	61	0.7200	8033.0000
1864	1865	62	0.5531	8033.0000
1865	1866	63	0.4154	8033.0000
1866	1867	64	0.4628	8033.0000
1867	1868	65	0.4482	8033.0000
1868	1869	66	0.5308	8033.0000
1869	1870	67	0.5548	8033.0000
1870	1871	68	0.4821	8033.0000
1871	1872	69	0.6577	8033.0000
1872	1873	70	0.5686	8033.0000
1873	1874	71	0.5310	8033.0000
1874	1875	72	0.4527	8033.0000
1875	1876	73	0.5924	8033.0000
1876	1877	74	0.5156	8033.0000
1877	1878	75	0.4666	8033.0000
1878	1879	76	0.6390	8033.0000
1879	1880	77	0.7101	8033.0000
1880	1881	78	0.4558	8033.0000
1881	1882	79	0.5773	8033.0000
1882	1883	80	0.4215	8033.0000
1883	1884	81	0.5296	8033.0000
1884	1885	82	0.5497	8033.0000
1885	1886	83	0.4323	8033.0000
1886	1887	84	0.5977	8033.0000
1887	1888	85	0.4542	8033.0000
1888	1889	86	0.6119	8033.0000
1889	1890	87	0.4021	8033.0000
1890	1891	88	0.5647	8033.0000
1891	1892	89	0.3281	8033.0000
1892	1893	90	0.4842	8033.0000
1893	1894	91	0.4484	8033.0000
1894	1895	92	0.4019	8033.0000
1895	1896	93	0.4486	8033.0000
1896	1897	94	0.4833	8033.0000
1897	1898	95	0.4226	8033.0000
1898	1899	96	0.3800	8033.0000
1899	1900	97	0.3800	8033.0000
1900	1901	98	0.3800	8033.0000
1901	1902	99	0.3800	8033.0000
1902	1903	100	0.3800	8033.0000
1903	1904	101	0.3800	8033.0000
1904	1905	102	0.3800	8033.0000
1905	1906	103	0.3800	8033.0000
1906	1907	104	0.3800	8033.0000
1907	1908	105	0.4589	8033.0000
1908	1909	106	0.5749	8033.0000
1909	1910	107	0.5016	8033.0000
1910	1911	108	0.5523	8033.0000
1911	1912	109	0.6412	8033.0000
1912	1913	110	0.6478	8033.0000
1913	1914	111	0.4998	8033.0000
1914	1915	112	0.5352	8033.0000
1915	1916	113	0.4379	8033.0000
1916	1917	114	0.3855	8033.0000
1917	1918	115	0.5024	8033.0000
1918	1919	116	0.6380	8033.0000
1919	1920	117	0.5742	8033.0000
1920	1921	118	0.5122	8033.0000
1921	1922	119	0.4104	8033.0000
1922	1923	120	0.4256	8033.0000
1923	1924	121	0.4975	8033.0000
1924	1925	122	0.7375	8033.0000
1925	1926	123	0.5413	8033.0000
1926	1927	124	0.4566	8033.0000
1927	1928	125	0.4697	8033.0000
1928	1929	126	0.4937	8033.0000
1929	1930	127	0.4149	8033.0000
1930	1931	128	0.5398	8033.0000
1931	1932	129	0.3971	8033.0000
1932	1933	130	0.3771	8033.0000
1933	1934	131	0.4612	8033.0000
1934	1935	132	0.4697	8033.0000
1935	1936	133	0.4000	8033.0000
1936	1937	134	0.4245	8033.0000
1937	1938	135	0.4924	8033.0000
1938	1939	136	0.3497	8033.0000
1939	1940	137	0.3639	8033.0000
1940	1941	138	0.4126	8033.0000
1941	1942	139	0.5100	8033.0000
1942	1943	140	0.5062	8033.0000
1943	1944	141	0.5231	8033.0000
1944	1945	142	0.5208	8033.0000
1945	1946	143	0.4891	8033.0000
1946	1947	144	0.5670	8033.0000
1947	1948	145	0.3384	8033.0000
1948	1949	146	0.3131	8033.0000
1949	1950	147	0.4423	8033.0000
1950	1951	148	0.4142	8033.0000
1951	1952	149	0.4409	8033.0000
1952	1953	150	0.4171	8033.0000
1953	1954	151	0.3954	8033.0000
1954	1955	152	0.4958	8033.0000
1955	1956	153	0.5323	8033.0000
1956	1957	154	0.5272	8033.0000
1957	1958	155	0.3635	8033.0000
1958	1959	156	0.3085	8033.0000
1959	1960	157	0.4610	8033.0000
1960	1961	158	0.6253	8033.0000
1961	1962	159	0.5300	8033.0000
1962	1963	160	0.5293	8033.0000
1963	1964	161	0.5199	8033.0000
1964	1965	162	0.6070	8033.0000
1965	1966	163	0.5160	8033.0000
1966	1967	164	0.5029	8033.0000
1967	1968	165	0.5782	8033.0000
1968	1969	166	0.6771	8033.0000
1969	1970	167	0.4923	8033.0000
1970	1971	168	0.4089	8033.0000
1971	1972	169	0.5815	8033.0000
1972	1973	170	0.4505	8033.0000
1973	1974	171	0.5611	8033.0000
1974	1975	172	0.4639	8033.0000
1975	1976	173	0.5319	8033.0000
1976	1977	174	0.3956	8033.0000
1977	1978	175	0.3817	8033.0000
1978	1979	176	0.3946	8033.0000
1979	1980	177	0.4015	8033.0000
1980	1981	178	0.4984	8033.0000
1981	1982	179	0.4011	8033.0000
1982	1983	180	0.3963	8033.0000
1983	1984	181	0.4138	8033.0000
1984	1985	182	0.3249	8033.0000
1985	1986	183	0.3788	8033.0000
1986	1987	184	0.3102	8033.0000
1987	1988	185	0.5016	8033.0000
1988	1989	186	0.6480	8033.0000
1989	1990	187	0.4297	8033.0000
1990	1991	188	0.4054	8033.0000
1991	1992	189	0.5029	8033.0000
1992	1993	190	0.5093	8033.0000
1993	1994	191	0.5310	8033.0000
1994	1995	192	0.4858	8033.0000
1995	1996	193	0.4969	8033.0000
1996	1997	194	0.5411	8033.0000
1997	1998	195	0.4059	8033.0000
1998	1999	196	0.3610	8033.0000
1999	2000	197	0.3446	8033.0000
2000	2001	198	0.6068	8033.0000
2001	2002	199	0.8441	8033.0000
2002	2003	200	0.5262	8033.0000
2003	2004	201	0.6683	8033.0000
2004	2005	202	0.6582	8033.0000
2005	2006	203	0.4606	8033.0000
2006	2007	204	0.5509	8033.0000
2007	2008	205	0.5905	8033.0000
2008	2009	206	0.5118	8033.0000
2009	2010	207	0.3524	8033.0000
2010	2011	208	0.4739	8033.0000
2011	2012	209	0.4147	8033.0000
2012	2013	210	0.4344	8033.0000
2013	2014	211	0.6156	8033.0000
2014	2015	212	0.5035	8033.0000
2015	2016	213	0.5986	8033.0000
2016	2017	214	0.5958	8033.0000
2017	2018	215	0.3918	8033.0000
2018	2019	216	0.4733	8033.0000
2019	2020	217	0.4107	8033.0000
2020	2021	218	0.4419	8033.0000
2021	2022	219	0.4514	8033.0000
2022	2023	220	0.4855	8033.0000
2023	2024	221	0.6962	8033.0000
2024	2025	222	0.4809	8033.0000
2025	2026	223	0.4442	8033.0000
2026	2027	224	0.3942	8033.0000
2027	2028	225	0.6630	8033.0000
2028	2029	226	0.6059	8033.0000
2029	2030	227	0.4459	8033.0000
2030	2031	228	0.4194	8033.0000
2031	2032	229	0.5765	8033.0000
2032	2033	230	0.5387	8033.0000
2033	2034	231	0.5071	8033.0000
2034	2035	232	0.4643	8033.0000
2035	2036	233	0.3836	8033.0000
2036	2037	234	0.4105	8033.0000
2037	2038	235	0.4052	8033.0000
2038	2039	236	0.4080	8033.0000
2039	2040	237	0.4136	8033.0000
2040	2041	238	0.4545	8033.0000
2041	2042	239	0.4444	8033.0000
2042	2043	240	0.3482	8033.0000
2043	2044	241	0.4063	8033.0000
2044	2045	242	0.4621	8033.0000
2045	2046	243	0.6494	8033.0000
2046	2047	244	0.7028	8033.0000
2047	2048	245	0.3757	8033.0000
2048	2049	246	0.5278	8033.0000
2049	2050	247	0.4359	8033.0000
2050	2051	248	0.5524	8033.0000
2051	2052	249	0.5016	8033.0000
2052	2053	250	0.4027	8033.0000
2053	2054	251	0.4938	8033.0000
2054	2055	252	0.5549	8033.0000
2055	2056	253	0.4475	8033.0000
2056	2057	254	0.4623	8033.0000
2057	2058	255	0.5261	8033.0000
2058	2059	256	0.5157	8033.0000
2059	2060	257	0.4502	8033.0000
2060	2061	258	0.6788	8033.0000
2061	2062	259	0.5032	8033.0000
2062	2063	260	0.4106	8033.0000
2063	2064	261	0.4272	8033.0000
2064	2065	262	0.5538	8033.0000
2065	2066	263	0.5417	8033.0000
2066	2067	264	0.3984	8033.0000
2067	2068	265	0.4754	8033.0000
2068	2069	266	0.5094	8033.0000
2069	2070	267	0.6472	8033.0000
2070	2071	268	0.5669	8033.0000
2071	2072	269	0.4328	8033.0000
2072	2073	270	0.5657	8033.0000
2073	2074	271	0.5124	8033.0000
2074	2075	272	0.4917	8033.0000
2075	2076	273	0.5656	8033.0000
2076	2077	274	0.4895	8033.0000
2077	2078	275	0.5758	8033.0000
2078	2079	276	0.4961	8033.0000
2079	2080	277	0.4321	8033.0000
2080	2081	278	0.4183	8033.0000
2081	2082	279	0.4364	8033.0000
2082	2083	280	0.5729	8033.0000
2083	2084	281	0.4547	8033.0000
2084	2085	282	0.4215	8033.0000
2085	2086	283	0.4413	8033.0000
2086	2087	284	0.4030	8033.0000
2087	2088	285	0.3523	8033.0000
2088	2089	286	0.4578	8033.0000
2089	2090	287	0.7203	8033.0000
2090	2091	288	0.4642	8033.0000
2091	2092	289	0.3503	8033.0000
2092	2093	290	0.3568	8033.0000
2093	2094	291	0.4822	8033.0000
2094	2095	292	0.6820	8033.0000
2095	2096	293	0.4783	8033.0000
2096	2097	294	0.4390	8033.0000
2097	2098	295	0.4200	8033.0000
2098	2099	296	0.3800	8033.0000
2099	2100	297	0.3800	8033.0000
2100	2101	298	0.3800	8033.0000
2101	2102	299	0.3800	8033.0000
2102	2103	300	0.3800	8033.0000
2103	2104	301	0.3800	8033.0000
2104	2105	302	0.3800	8033.0000
2105	2106	303	0.3800	8033.0000
2106	2107	304	0.3800	8033.0000
2107	2108	305	0.3800	8033.0000
2108	2109	306	0.3800	8033.0000
2109	2110	307	0.3800	8033.0000
2110	2111	308	0.3800	8033.0000
2111	2112	309	0.4722	8033.0000
2112	2113	310	0.5017	8033.0000
2113	2114	311	0.4628	8033.0000
2114	2115	312	0.4350	8033.0000
2115	2116	313	0.3975	8033.0000
2116	2117	314	0.4835	8033.0000
2117	2118	315	0.5641	8033.0000
2118	2119	316	0.4359	8033.0000
2119	2120	317	0.4762	8033.0000
2120	2121	318	0.5098	8033.0000
2121	2122	319	0.5474	8033.0000
2122	2123	320	0.4720	8033.0000
2123	2124	321	0.5039	8033.0000
2124	2125	322	0.5211	8033.0000
2125	2126	323	0.3920	8033.0000
2126	2127	324	0.6026	8033.0000
2127	2128	325	0.4352	8033.0000
2128	2129	326	0.4424	8033.0000
2129	2130	327	0.6571	8033.0000
2130	2131	328	0.4623	8033.0000
2131	2132	329	0.4338	8033.0000
2132	2133	330	0.4214	8033.0000
2133	2134	331	0.4852	8033.0000
2134	2135	332	0.4389	8033.0000
2135	2136	333	0.4620	8033.0000
2136	2137	334	0.4895	8033.0000
2137	2138	335	0.4052	8033.0000
2138	2139	336	0.3967	8033.0000
2139	2140	337	0.4856	8033.0000
2140	2141	338	0.3682	8033.0000
2141	2142	339	0.3833	8033.0000
2142	2143	340	0.6145	8033.0000
2143	2144	341	0.4548	8033.0000
2144	2145	342	0.4598	8033.0000
2145	2146	343	0.4236	8033.0000
2146	2147	344	0.3941	8033.0000
2147	2148	345	0.3424	8033.0000
2148	2149	346	0.4099	8033.0000
2149	2150	347	0.4023	8033.0000
2150	2151	348	0.5083	8033.0000
2151	2152	349	0.4916	8033.0000
2152	2153	350	0.4401	8033.0000
2153	2154	351	0.5225	8033.0000
2154	2155	352	0.5097	8033.0000
2155	2156	353	0.5675	8033.0000
2156	2157	354	0.5154	8033.0000
2157	2158	355	0.3173	8033.0000
2158	2159	356	0.3984	8033.0000
2159	2160	357	0.4862	8033.0000
2160	2161	358	0.6540	8033.0000
2161	2162	359	0.5785	8033.0000
2162	2163	360	0.4755	8033.0000
2163	2164	361	0.5397	8033.0000
2164	2165	362	0.6455	8033.0000
2165	2166	363	0.4593	8033.0000
2166	2167	364	0.4666	8033.0000
2167	2168	365	0.3819	8033.0000
2168	2169	366	0.5728	8033.0000
2169	2170	367	0.4737	8033.0000
2170	2171	368	0.4435	8033.0000
2171	2172	369	0.5324	8033.0000
2172	2173	370	0.6968	8033.0000
2173	2174	371	0.5272	8033.0000
2174	2175	372	0.7160	8033.0000
2175	2176	373	0.6609	8033.0000
2176	2177	374	0.4856	8033.0000
2177	2178	375	0.5329	8033.0000
2178	2179	376	0.4843	8033.0000
2179	2180	377	0.4552	8033.0000
2180	2181	378	0.4622	8033.0000
2181	2182	379	0.4166	8033.0000
2182	2183	380	0.4868	8033.0000
2183	2184	381	0.5149	8033.0000
2184	2185	382	0.3648	8033.0000
2185	2186	383	0.5514	8033.0000
2186	2187	384	0.5040	8033.0000
2187	2188	385	0.5131	8033.0000
2188	2189	386	0.5991	8033.0000
2189	2190	387	0.5087	8033.0000
2190	2191	388	0.4349	8033.0000
2191	2192	389	0.6317	8033.0000
2192	2193	390	0.5399	8033.0000
2193	2194	391	0.6425	8033.0000
2194	2195	392	0.5693	8033.0000
2195	2196	393	0.4391	8033.0000
2196	2197	394	0.5855	8033.0000
2197	2198	395	0.6574	8033.0000
2198	2199	396	0.5414	8033.0000
2199	2200	397	0.4342	8033.0000
2200	2201	398	0.4580	8033.0000
2201	2202	399	0.4991	8033.0000
2202	2203	400	0.5417	8033.0000
2203	2204	401	0.5131	8033.0000
2204	2205	402	0.4758	8033.0000
2205	2206	403	0.5453	8033.0000
2206	2207	404	0.5154	8033.0000
2207	2208	405	0.5745	8033.0000
2208	2209	406	0.4548	8033.0000
2209	2210	407	0.5489	8033.0000
2210	2211	408	0.4725	8033.0000
2211	2212	409	0.6412	8033.0000
2212	2213	410	0.5923	8033.0000
2213	2214	411	0.4822	8033.0000
2214	2215	412	0.4739	8033.0000
2215	2216	413	0.5360	8033.0000
2216	2217	414	0.5795	8033.0000
2217	2218	415	0.5595	8033.0000
2218	2219	416	0.4895	8033.0000
2219	2220	417	0.5043	8033.0000
2220	2221	418	0.5356	8033.0000
2221	2222	419	0.6118	8033.0000
2222	2223	420	0.5125	8033.0000
2223	2224	421	0.4703	8033.0000
2224	2225	422	0.4029	8033.0000
2225	2226	423	0.4618	8033.0000
2226	2227	424	0.4139	8033.0000
2227	2228	425	0.4580	8033.0000
2228	2229	426	0.4836	8033.0000
2229	2230	427	0.4103	8033.0000
2230	2231	428	0.4121	8033.0000
2231	2232	429	0.4799	8033.0000
2232	2233	430	0.3614	8033.0000
2233	2234	431	0.3849	8033.0000
2234	2235	432	0.4026	8033.0000
2235	2236	433	0.4974	8033.0000
2236	2237	434	0.5732	8033.0000
2237	2238	435	0.5874	8033.0000
2238	2239	436	0.5443	8033.0000
2239	2240	437	0.5616	8033.0000
2240	2241	438	0.3678	8033.0000
2241	2242	439	0.5088	8033.0000
2242	2243	440	0.4110	8033.0000
2243	2244	441	0.3459	8033.0000
2244	2245	442	0.4924	8033.0000
2245	2246	443	0.5060	8033.0000
2246	2247	444	0.4619	8033.0000
2247	2248	445	0.5177	8033.0000
2248	2249	446	0.6084	8033.0000
2249	2250	447	0.5213	8033.0000
2250	2251	448	0.5401	8033.0000
2251	2252	449	0.4389	8033.0000
2252	2253	450	0.4887	8033.0000
2253	2254	451	0.5851	8033.0000
2254	2255	452	0.4570	8033.0000
2255	2256	453	0.4542	8033.0000
2256	2257	454	0.5244	8033.0000
2257	2258	455	0.4508	8033.0000
2258	2259	456	0.5960	8033.0000
2259	2260	457	0.4827	8033.0000
2260	2261	458	0.5648	8033.0000
2261	2262	459	0.5925	8033.0000
2262	2263	460	0.5968	8033.0000
2263	2264	461	0.4301	8033.0000
2264	2265	462	0.4455	8033.0000
2265	2266	463	0.4837	8033.0000
2266	2267	464	0.6128	8033.0000
2267	2268	465	0.5851	8033.0000
2268	2269	466	0.4447	8033.0000
2269	2270	467	0.6035	8033.0000
2270	2271	468	0.3902	8033.0000
2271	2272	469	0.4206	8033.0000
2272	2273	470	0.4128	8033.0000
2273	2274	471	0.5487	8033.0000
2274	2275	472	0.5421	8033.0000
2275	2276	473	0.5393	8033.0000
2276	2277	474	0.6586	8033.0000
2277	2278	475	0.5528	8033.0000
2278	2279	476	0.5365	8033.0000
2279	2280	477	0.4407	8033.0000
2280	2281	478	0.5759	8033.0000
2281	2282	479	0.4167	8033.0000
2282	2283	480	0.4528	8033.0000
2283	2284	481	0.6233	8033.0000
2284	2285	482	0.4866	8033.0000
2285	2286	483	0.5031	8033.0000
2286	2287	484	0.5042	8033.0000
2287	2288	485	0.6690	8033.0000
2288	2289	486	0.4783	8033.0000
2289	2290	487	0.5981	8033.0000
2290	2291	488	0.5460	8033.0000
2291	2292	489	0.5003	8033.0000
2292	2293	490	0.4130	8033.0000
2293	2294	491	0.4713	8033.0000
2294	2295	492	0.5296	8033.0000
2295	2296	493	0.3800	8033.0000
2296	2297	494	0.3800	8033.0000
2297	2298	495	0.3800	8033.0000
2298	2299	496	0.3800	8033.0000
2299	2300	497	0.3800	8033.0000
2300	2301	498	0.3800	8033.0000
2301	2302	499	0.3800	8033.0000
2302	2303	500	0.3800	8033.0000
2303	2304	501	0.3800	8033.0000
2304	2305	502	0.3800	8033.0000
2305	2306	503	0.3800	8033.0000
2306	2307	504	0.3800	8033.0000
2307	2308	505	0.3800	8033.0000
2308	2309	506	0.3800	8033.0000
2309	2310	507	0.3800	8033.0000
2310	2311	508	0.3800	8033.0000
2311	2312	509	0.3800	8033.0000
2312	2313	510	0.3800	8033.0000
2313	2314	511	0.3800	8033.0000
2314	2315	512	0.3800	8033.0000
2315	2316	513	0.3800	8033.0000
2316	2317	514	0.4367	8033.0000
2317	2318	515	0.4145	8033.0000
2318	2319	516	0.4835	8033.0000
2319	2320	517	0.5133	8033.0000
2320	2321	518	0.5400	8033.0000
2321	2322	519	0.4734	8033.0000
2322	2323	520	0.4254	8033.0000
2323	2324	521	0.5581	8033.0000
2324	2325	522	0.4842	8033.0000
2325	2326	523	0.3924	8033.0000
2326	2327	524	0.5317	8033.0000
2327	2328	525	0.5464	8033.0000
2328	2329	526	0.6123	8033.0000
2329	2330	527	0.6426	8033.0000
2330	2331	528	0.5097	8033.0000
2331	2332	529	0.5122	8033.0000
2332	2333	530	0.4395	8033.0000
2333	2334	531	0.5980	8033.0000
2334	2335	532	0.4831	8033.0000
2335	2336	533	0.4769	8033.0000
2336	2337	534	0.7246	8033.0000
2337	2338	535	0.6237	8033.0000
2338	2339	536	0.4651	8033.0000
2339	2340	537	0.5056	8033.0000
2340	2341	538	0.3965	8033.0000
2341	2342	539	0.3800	8033.0000
2342	2343	540	0.3800	8033.0000
2343	2344	541	0.5171	8033.0000
2344	2345	542	0.5293	8033.0000
2345	2346	543	0.4160	8033.0000
2346	2347	544	0.4906	8033.0000
2347	2348	545	0.5597	8033.0000
2348	2349	546	0.6142	8033.0000
2349	2350	547	0.4447	8033.0000
2350	2351	548	0.5122	8033.0000
2351	2352	549	0.5946	8033.0000
2352	2353	550	0.4813	8033.0000
2353	2354	551	0.4535	8033.0000
2354	2355	552	0.6409	8033.0000
2355	2356	553	0.4147	8033.0000
2356	2357	554	0.6228	8033.0000
2357	2358	555	0.6671	8033.0000
2358	2359	556	0.4087	8033.0000
2359	2360	557	0.5246	8033.0000
2360	2361	558	0.5874	8033.0000
2361	2362	559	0.5170	8033.0000
2362	2363	560	0.4697	8033.0000
2363	2364	561	0.5013	8033.0000
2364	2365	562	0.5035	8033.0000
2365	2366	563	0.5103	8033.0000
2366	2367	564	0.5508	8033.0000
2367	2368	565	0.5485	8033.0000
2368	2369	566	0.5438	8033.0000
2369	2370	567	0.4003	8033.0000
2370	2371	568	0.4111	8033.0000
2371	2372	569	0.4368	8033.0000
2372	2373	570	0.4072	8033.0000
2373	2374	571	0.4379	8033.0000
2374	2375	572	0.4741	8033.0000
2375	2376	573	0.5682	8033.0000
2376	2377	574	0.5277	8033.0000
2377	2378	575	0.4965	8033.0000
2378	2379	576	0.4564	8033.0000
2379	2380	577	0.3549	8033.0000
2380	2381	578	0.4509	8033.0000
2381	2382	579	0.4570	8033.0000
2382	2383	580	0.6268	8033.0000
2383	2384	581	0.4663	8033.0000
2384	2385	582	0.5634	8033.0000
2385	2386	583	0.5975	8033.0000
2386	2387	584	0.5087	8033.0000
2387	2388	585	0.5361	8033.0000
2388	2389	586	0.5017	8033.0000
2389	2390	587	0.3364	8033.0000
2390	2391	588	0.6361	8033.0000
2391	2392	589	0.5236	8033.0000
2392	2393	590	0.3739	8033.0000
2393	2394	591	0.5532	8033.0000
2394	2395	592	0.4563	8033.0000
2395	2396	593	0.5716	8033.0000
2396	2397	594	0.4867	8033.0000
2397	2398	595	0.4358	8033.0000
2398	2399	596	0.4822	8033.0000
2399	2400	597	0.5188	8033.0000
2400	2401	598	0.5151	8033.0000
2401	2402	599	0.5055	8033.0000
2402	2403	600	0.6152	8033.0000
2403	2404	601	0.5422	8033.0000
2404	2405	602	0.4734	8033.0000
2405	2406	603	0.4775	8033.0000
2406	2407	604	0.5021	8033.0000
2407	2408	605	0.5671	8033.0000
2408	2409	606	0.5422	8033.0000
2409	2410	607	0.5373	8033.0000
2410	2411	608	0.6034	8033.0000
2411	2412	609	0.5168	8033.0000
2412	2413	610	0.5028	8033.0000
2413	2414	611	0.5193	8033.0000
2414	2415	612	0.7566	8033.0000
2415	2416	613	0.5113	8033.0000
2416	2417	614	0.6388	8033.0000
2417	2418	615	0.5953	8033.0000
2418	2419	616	0.6287	8033.0000
2419	2420	617	0.3916	8033.0000
2420	2421	618	0.5509	8033.0000
2421	2422	619	0.7814	8033.0000
2422	2423	620	0.6528	8033.0000
2423	2424	621	0.3964	8033.0000
2424	2425	622	0.3800	8033.0000
2425	2426	623	0.3800	8033.0000
2426	2427	624	0.3800	8033.0000
2427	2428	625	0.3800	8033.0000
2428	2429	626	0.3800	8033.0000
2429	2430	627	0.3800	8033.0000
2430	2431	628	0.3800	8033.0000
2431	2432	629	0.3800	8033.0000
2432	2433	630	0.3800	8033.0000
2433	2434	631	0.3800	8033.0000
2434	2435	632	0.3800	8033.0000
2435	2436	633	0.3800	8033.0000
2436	2437	634	0.3800	8033.0000
2437	2438	635	0.3800	8033.0000
2438	2439	636	0.3800	8033.0000
2439	2440	637	0.3800	8033.0000
2440	2441	638	0.3800	8033.0000
2441	2442	639	0.3800	8033.0000
2442	2443	640	0.3800	8033.0000
2443	2444	641	0.3800	8033.0000
2444	2445	642	0.5169	8033.0000
2445	2446	643	0.5488	8033.0000
2446	2447	644	0.5487	8033.0000
2447	2448	645	0.4035	8033.0000
2448	2449	646	0.4552	8033.0000
2449	2450	647	0.3545	8033.0000
2450	2451	648	0.4116	8033.0000
2451	2452	649	0.4453	8033.0000
2452	2453	650	0.5208	8033.0000
2453	2454	651	0.5917	8033.0000
2454	2455	652	0.5226	8033.0000
2455	2456	653	0.5044	8033.0000
2456	2457	654	0.4734	8033.0000
2457	2458	655	0.5584	8033.0000
2458	2459	656	0.6688	8033.0000
2459	2460	657	0.5281	8033.0000
2460	2461	658	0.6087	8033.0000
2461	2462	659	0.5526	8033.0000
2462	2463	660	0.6233	8033.0000
2463	2464	661	0.5970	8033.0000
2464	2465	662	0.5406	8033.0000
2465	2466	663	0.4568	8033.0000
2466	2467	664	0.3539	8033.0000
2467	2468	665	0.6016	8033.0000
2468	2469	666	0.4886	8033.0000
2469	2470	667	0.4509	8033.0000
2470	2471	668	0.5424	8033.0000
2471	2472	669	0.4577	8033.0000
2472	2473	670	0.4790	8033.0000
2473	2474	671	0.6700	8033.0000
2474	2475	672	0.4619	8033.0000
2475	2476	673	0.4725	8033.0000
2476	2477	674	0.5798	8033.0000
2477	2478	675	0.5225	8033.0000
2478	2479	676	0.5324	8033.0000
2479	2480	677	0.4749	8033.0000
2480	2481	678	0.5380	8033.0000
2481	2482	679	0.4784	8033.0000
2482	2483	680	0.3511	8033.0000
2483	2484	681	0.5321	8033.0000
2484	2485	682	0.4629	8033.0000
2485	2486	683	0.7531	8033.0000
2486	2487	684	0.6599	8033.0000
2487	2488	685	0.6583	8033.0000
2488	2489	686	0.5840	8033.0000
2489	2490	687	0.5863	8033.0000
2490	2491	688	0.5810	8033.0000
2491	2492	689	0.5854	8033.0000
2492	2493	690	0.5776	8033.0000
2493	2494	691	0.5681	8033.0000
2494	2495	692	0.5567	8033.0000
2495	2496	693	0.5350	8033.0000
2496	2497	694	0.6020	8033.0000
2497	2498	695	0.6648	8033.0000
2498	2499	696	0.4292	8033.0000
2499	2500	697	0.4694	8033.0000
2500	2501	698	0.4175	8033.0000
2501	2502	699	0.4104	8033.0000
2502	2503	700	0.7077	8033.0000
2503	2504	701	0.6341	8033.0000
2504	2505	702	0.4602	8033.0000
2505	2506	703	0.6869	8033.0000
2506	2507	704	0.5665	8033.0000
2507	2508	705	0.4663	8033.0000
2508	2509	706	0.3598	8033.0000
2509	2510	707	0.6546	8033.0000
2510	2511	708	0.5842	8033.0000
2511	2512	709	0.3785	8033.0000
2512	2513	710	0.5849	8033.0000
2513	2514	711	0.4685	8033.0000
2514	2515	712	0.5045	8033.0000
2515	2516	713	0.4398	8033.0000
2516	2517	714	0.4138	8033.0000
2517	2518	715	0.6722	8033.0000
2518	2519	716	0.4847	8033.0000
2519	2520	717	0.3523	8033.0000
2520	2521	718	0.4190	8033.0000
2521	2522	719	0.5817	8033.0000
2522	2523	720	0.7124	8033.0000
2523	2524	721	0.5598	8033.0000
2524	2525	722	0.4634	8033.0000
2525	2526	723	0.6156	8033.0000
2526	2527	724	0.3834	8033.0000
2527	2528	725	0.3816	8033.0000
2528	2529	726	0.4726	8033.0000
2529	2530	727	0.4965	8033.0000
2530	2531	728	0.4002	8033.0000
2531	2532	729	0.5015	8033.0000
2532	2533	730	0.4589	8033.0000
2533	2534	731	0.5868	8033.0000
2534	2535	732	0.3811	8033.0000
2535	2536	733	0.3714	8033.0000
2536	2537	734	0.4078	8033.0000
2537	2538	735	0.5300	8033.0000
2538	2539	736	0.6310	8033.0000
2539	2540	737	0.5794	8033.0000
2540	2541	738	0.5560	8033.0000
2541	2542	739	0.5629	8033.0000
2542	2543	740	0.4842	8033.0000
2543	2544	741	0.6137	8033.0000
2544	2545	742	0.4857	8033.0000
2545	2546	743	0.5617	8033.0000
2546	2547	744	0.4158	8033.0000
2547	2548	745	0.4533	8033.0000
2548	2549	746	0.5861	8033.0000
2549	2550	747	0.5303	8033.0000
2550	2551	748	0.4531	8033.0000
2551	2552	749	0.6115	8033.0000
2552	2553	750	0.5556	8033.0000
2553	2554	751	0.4592	8033.0000
2554	2555	752	0.3992	8033.0000
2555	2556	753	0.3683	8033.0000
2556	2557	754	0.3610	8033.0000
2557	2558	755	0.5817	8033.0000
2558	2559	756	0.5173	8033.0000
2559	2560	757	0.4933	8033.0000
2560	2561	758	0.4843	8033.0000
2561	2562	759	0.6380	8033.0000
2562	2563	760	0.4832	8033.0000
2563	2564	761	0.6681	8033.0000
2564	2565	762	0.4520	8033.0000
2565	2566	763	0.5177	8033.0000
2566	2567	764	0.4978	8033.0000
2567	2568	765	0.4490	8033.0000
2568	2569	766	0.4992	8033.0000
2569	2570	767	0.3446	8033.0000
2570	2571	768	0.4433	8033.0000
2571	2572	769	0.5991	8033.0000
2572	2573	770	0.5327	8033.0000
2573	2574	771	0.5230	8033.0000
2574	2575	772	0.3814	8033.0000
2575	2576	773	0.3931	8033.0000
2576	2577	774	0.4643	8033.0000
2577	2578	775	0.4183	8033.0000
2578	2579	776	0.4866	8033.0000
2579	2580	777	0.5271	8033.0000
2580	2581	778	0.4247	8033.0000
2581	2582	779	0.3646	8033.0000
2582	2583	780	0.3982	8033.0000
2583	2584	781	0.3902	8033.0000
2584	2585	782	0.4921	8033.0000
2585	2586	783	0.4431	8033.0000
2586	2587	784	0.3463	8033.0000
2587	2588	785	0.4456	8033.0000
2588	2589	786	0.3144	8033.0000
2589	2590	787	0.4243	8033.0000
2590	2591	788	0.4248	8033.0000
2591	2592	789	0.4206	8033.0000
2592	2593	790	0.4223	8033.0000
2593	2594	791	0.5478	8033.0000
2594	2595	792	0.4624	8033.0000
2595	2596	793	0.3912	8033.0000
2596	2597	794	0.4173	8033.0000
2597	2598	795	0.4327	8033.0000
2598	2599	796	0.4308	8033.0000
2599	2600	797	0.4346	8033.0000
2600	2601	798	0.4286	8033.0000
2601	2602	799	0.3774	8033.0000
2602	2603	800	0.3898	8033.0000
2603	2604	801	0.5295	8033.0000
2604	2605	802	0.5089	8033.0000
2605	2606	803	0.4594	8033.0000
2606	2607	804	0.5754	8033.0000
2607	2608	805	0.4459	8033.0000
2608	2609	806	0.4825	8033.0000
2609	2610	807	0.6060	8033.0000
2610	2611	808	0.3663	8033.0000
2611	2612	809	0.4354	8033.0000
2612	2613	810	0.6037	8033.0000
2613	2614	811	0.5313	8033.0000
2614	2615	812	0.4355	8033.0000
2615	2616	813	0.3679	8033.0000
2616	2617	814	0.5112	8033.0000
2617	2618	815	0.4181	8033.0000
2618	2619	816	0.6788	8033.0000
2619	2620	817	0.5487	8033.0000
2620	2621	818	0.6301	8033.0000
2621	2622	819	0.4122	8033.0000
2622	2623	820	0.4787	8033.0000
2623	2624	821	0.4755	8033.0000
2624	2625	822	0.6354	8033.0000
2625	2626	823	0.3800	8033.0000
2626	2627	824	0.3800	8033.0000
2627	2628	825	0.3800	8033.0000
2628	2629	826	0.3800	8033.0000
2629	2630	827	0.3800	8033.0000
2630	2631	828	0.3800	8033.0000
2631	2632	829	0.3800	8033.0000
2632	2633	830	0.3800	8033.0000
2633	2634	831	0.3800	8033.0000
2634	2635	832	0.3800	8033.0000
2635	2636	833	0.3800	8033.0000
2636	2637	834	0.3800	8033.0000
2637	2638	835	0.3800	8033.0000
2638	2639	836	0.3800	8033.0000
2639	2640	837	0.3800	8033.0000
2640	2641	838	0.3800	8033.0000
2641	2642	839	0.3800	8033.0000
2642	2643	840	0.3800	8033.0000
2643	2644	841	0.3800	8033.0000
2644	2645	842	0.3800	8033.0000
2645	2646	843	0.3800	8033.0000
2646	2647	844	0.3800	8033.0000
2647	2648	845	0.3800	8033.0000
2648	2649	846	0.3800	8033.0000
2649	2650	847	0.3800	8033.0000
2650	2651	848	0.3800	8033.0000
2651	2652	849	0.3800	8033.0000
2652	2653	850	0.3800	8033.0000
2653	2654	851	0.3800	8033.0000
2654	2655	852	0.3800	8033.0000
