parp9 1 60 | parp9 1 519 | 0.796 350.0
parp9 1 60 | parp9 1 520 | 0.571 350.0
parp9 1 60 | parp9 1 521 | 0.537 350.0
parp9 1 60 | parp9 1 522 | 0.608 350.0
parp9 1 60 | parp9 1 523 | 0.704 350.0
parp9 1 60 | parp9 1 524 | 0.692 350.0
parp9 1 60 | parp9 1 527 | 0.742 350.0
parp9 1 61 | parp9 1 518 | 0.697 350.0
parp9 1 61 | parp9 1 519 | 0.561 350.0
parp9 1 61 | parp9 1 520 | 0.454 350.0
parp9 1 61 | parp9 1 521 | 0.668 350.0
parp9 1 61 | parp9 1 522 | 0.889 350.0
parp9 1 61 | parp9 1 527 | 0.835 350.0
parp9 1 62 | parp9 1 517 | 0.809 350.0
parp9 1 62 | parp9 1 518 | 0.584 350.0
parp9 1 62 | parp9 1 519 | 0.513 350.0
parp9 1 62 | parp9 1 520 | 0.658 350.0
parp9 1 62 | parp9 1 521 | 0.874 350.0
parp9 1 62 | parp9 1 527 | 0.785 350.0
parp9 1 62 | parp9 1 531 | 0.877 350.0
parp9 1 63 | parp9 1 516 | 0.609 350.0
parp9 1 63 | parp9 1 517 | 0.569 350.0
parp9 1 63 | parp9 1 518 | 0.466 350.0
parp9 1 63 | parp9 1 519 | 0.630 350.0
parp9 1 63 | parp9 1 520 | 0.895 350.0
parp9 1 64 | parp9 1 516 | 0.528 350.0
parp9 1 64 | parp9 1 517 | 0.504 350.0
parp9 1 64 | parp9 1 518 | 0.644 350.0
parp9 1 64 | parp9 1 519 | 0.765 350.0
parp9 1 64 | parp9 1 531 | 0.779 350.0
parp9 1 64 | parp9 1 534 | 0.877 350.0
parp9 1 64 | parp9 1 535 | 0.899 350.0
parp9 1 65 | parp9 1 516 | 0.423 350.0
parp9 1 65 | parp9 1 517 | 0.649 350.0
parp9 1 65 | parp9 1 518 | 0.873 350.0
parp9 1 66 | parp9 1 516 | 0.519 350.0
parp9 1 66 | parp9 1 517 | 0.719 350.0
parp9 1 66 | parp9 1 538 | 0.837 350.0
parp9 1 67 | parp9 1 516 | 0.806 350.0
parp9 1 70 | parp9 1 538 | 0.731 350.0
parp9 1 71 | parp9 1 516 | 0.759 350.0
parp9 1 71 | parp9 1 517 | 0.870 350.0
parp9 1 85 | parp9 1 519 | 0.889 350.0
parp9 1 85 | parp9 1 530 | 0.650 350.0
parp9 1 85 | parp9 1 533 | 0.892 350.0
parp9 1 85 | parp9 1 534 | 0.891 350.0
parp9 1 88 | parp9 1 530 | 0.812 350.0
parp9 1 89 | parp9 1 521 | 0.869 350.0
parp9 1 89 | parp9 1 525 | 0.881 350.0
parp9 1 89 | parp9 1 526 | 0.534 350.0
parp9 1 89 | parp9 1 527 | 0.759 350.0
parp9 1 89 | parp9 1 529 | 0.682 350.0
parp9 1 89 | parp9 1 530 | 0.587 350.0
parp9 1 90 | parp9 1 521 | 0.690 350.0
parp9 1 90 | parp9 1 522 | 0.836 350.0
parp9 1 90 | parp9 1 523 | 0.886 350.0
parp9 1 90 | parp9 1 526 | 0.650 350.0
parp9 1 90 | parp9 1 527 | 0.861 350.0
parp9 1 90 | parp9 1 530 | 0.861 350.0
parp9 1 91 | parp9 1 519 | 0.644 350.0
parp9 1 91 | parp9 1 520 | 0.564 350.0
parp9 1 91 | parp9 1 521 | 0.472 350.0
parp9 1 91 | parp9 1 522 | 0.775 350.0
parp9 1 91 | parp9 1 523 | 0.876 350.0
parp9 1 91 | parp9 1 526 | 0.654 350.0
parp9 1 91 | parp9 1 527 | 0.675 350.0
parp9 1 91 | parp9 1 530 | 0.715 350.0
parp9 1 92 | parp9 1 518 | 0.817 350.0
parp9 1 92 | parp9 1 519 | 0.590 350.0
parp9 1 92 | parp9 1 520 | 0.506 350.0
parp9 1 92 | parp9 1 521 | 0.633 350.0
parp9 1 93 | parp9 1 517 | 0.668 350.0
parp9 1 93 | parp9 1 518 | 0.551 350.0
parp9 1 93 | parp9 1 519 | 0.463 350.0
parp9 1 93 | parp9 1 520 | 0.623 350.0
parp9 1 93 | parp9 1 521 | 0.874 350.0
parp9 1 94 | parp9 1 516 | 0.840 350.0
parp9 1 94 | parp9 1 517 | 0.573 350.0
parp9 1 94 | parp9 1 518 | 0.511 350.0
parp9 1 94 | parp9 1 519 | 0.676 350.0
parp9 1 94 | parp9 1 520 | 0.864 350.0
parp9 1 95 | parp9 1 516 | 0.606 350.0
parp9 1 95 | parp9 1 517 | 0.476 350.0
parp9 1 95 | parp9 1 518 | 0.627 350.0
parp9 1 96 | parp9 1 516 | 0.510 350.0
parp9 1 96 | parp9 1 517 | 0.598 350.0
parp9 1 96 | parp9 1 518 | 0.678 350.0
