i	j	b_idx	d[nm]	k[kJ/mol/nm^2]
1	2	0	0.3800	8033.0000
2	3	1	0.3800	8033.0000
3	4	2	0.3800	8033.0000
4	5	3	0.3800	8033.0000
5	6	4	0.3800	8033.0000
6	7	5	0.3800	8033.0000
7	8	6	0.3800	8033.0000
8	9	7	0.3800	8033.0000
9	10	8	0.3800	8033.0000
10	11	9	0.3800	8033.0000
11	12	10	0.3800	8033.0000
12	13	11	0.3800	8033.0000
13	14	12	0.3800	8033.0000
14	15	13	0.3800	8033.0000
15	16	14	0.3800	8033.0000
16	17	15	0.3800	8033.0000
17	18	16	0.3800	8033.0000
18	19	17	0.3800	8033.0000
19	20	18	0.3800	8033.0000
20	21	19	0.3800	8033.0000
21	22	20	0.3800	8033.0000
22	23	21	0.3800	8033.0000
23	24	22	0.3800	8033.0000
24	25	23	0.3800	8033.0000
25	26	24	0.3800	8033.0000
26	27	25	0.3800	8033.0000
27	28	26	0.3800	8033.0000
28	29	27	0.3800	8033.0000
29	30	28	0.3800	8033.0000
30	31	29	0.3800	8033.0000
31	32	30	0.3800	8033.0000
32	33	31	0.3800	8033.0000
33	34	32	0.3800	8033.0000
34	35	33	0.3800	8033.0000
35	36	34	0.3800	8033.0000
36	37	35	0.3800	8033.0000
37	38	36	0.3800	8033.0000
38	39	37	0.3800	8033.0000
39	40	38	0.3800	8033.0000
40	41	39	0.3800	8033.0000
41	42	40	0.3800	8033.0000
42	43	41	0.3800	8033.0000
43	44	42	0.3800	8033.0000
44	45	43	0.3800	8033.0000
45	46	44	0.3800	8033.0000
46	47	45	0.3800	8033.0000
47	48	46	0.3800	8033.0000
48	49	47	0.3800	8033.0000
49	50	48	0.3800	8033.0000
50	51	49	0.3800	8033.0000
51	52	50	0.3800	8033.0000
52	53	51	0.3800	8033.0000
53	54	52	0.3800	8033.0000
54	55	53	0.3800	8033.0000
55	56	54	0.3800	8033.0000
56	57	55	0.3800	8033.0000
57	58	56	0.3800	8033.0000
58	59	57	0.3800	8033.0000
59	60	58	0.5192	8033.0000
60	61	59	0.6348	8033.0000
61	62	60	0.5031	8033.0000
62	63	61	0.7229	8033.0000
63	64	62	0.5548	8033.0000
64	65	63	0.4207	8033.0000
65	66	64	0.4635	8033.0000
66	67	65	0.4481	8033.0000
67	68	66	0.5678	8033.0000
68	69	67	0.5193	8033.0000
69	70	68	0.4830	8033.0000
70	71	69	0.6543	8033.0000
71	72	70	0.5165	8033.0000
72	73	71	0.5614	8033.0000
73	74	72	0.4542	8033.0000
74	75	73	0.6267	8033.0000
75	76	74	0.5095	8033.0000
76	77	75	0.4693	8033.0000
77	78	76	0.6386	8033.0000
78	79	77	0.7004	8033.0000
79	80	78	0.3700	8033.0000
80	81	79	0.5725	8033.0000
81	82	80	0.4146	8033.0000
82	83	81	0.5255	8033.0000
83	84	82	0.5439	8033.0000
84	85	83	0.4354	8033.0000
85	86	84	0.5979	8033.0000
86	87	85	0.4232	8033.0000
87	88	86	0.6114	8033.0000
88	89	87	0.4034	8033.0000
89	90	88	0.5628	8033.0000
90	91	89	0.3302	8033.0000
91	92	90	0.4646	8033.0000
92	93	91	0.4711	8033.0000
93	94	92	0.4158	8033.0000
94	95	93	0.4393	8033.0000
95	96	94	0.4874	8033.0000
96	97	95	0.4233	8033.0000
97	98	96	0.3800	8033.0000
98	99	97	0.3800	8033.0000
99	100	98	0.3800	8033.0000
100	101	99	0.3800	8033.0000
101	102	100	0.3800	8033.0000
102	103	101	0.3800	8033.0000
103	104	102	0.3800	8033.0000
104	105	103	0.3800	8033.0000
105	106	104	0.3800	8033.0000
106	107	105	0.4657	8033.0000
107	108	106	0.5466	8033.0000
108	109	107	0.5000	8033.0000
109	110	108	0.5519	8033.0000
110	111	109	0.6388	8033.0000
111	112	110	0.6328	8033.0000
112	113	111	0.5003	8033.0000
113	114	112	0.5392	8033.0000
114	115	113	0.4313	8033.0000
115	116	114	0.3843	8033.0000
116	117	115	0.5359	8033.0000
117	118	116	0.6210	8033.0000
118	119	117	0.5798	8033.0000
119	120	118	0.5149	8033.0000
120	121	119	0.4087	8033.0000
121	122	120	0.4251	8033.0000
122	123	121	0.4939	8033.0000
123	124	122	0.7414	8033.0000
124	125	123	0.5404	8033.0000
125	126	124	0.4585	8033.0000
126	127	125	0.4675	8033.0000
127	128	126	0.4965	8033.0000
128	129	127	0.4134	8033.0000
129	130	128	0.5423	8033.0000
130	131	129	0.3989	8033.0000
131	132	130	0.3765	8033.0000
132	133	131	0.4585	8033.0000
133	134	132	0.4681	8033.0000
134	135	133	0.4007	8033.0000
135	136	134	0.4238	8033.0000
136	137	135	0.4909	8033.0000
137	138	136	0.3477	8033.0000
138	139	137	0.3641	8033.0000
139	140	138	0.4119	8033.0000
140	141	139	0.5135	8033.0000
141	142	140	0.5000	8033.0000
142	143	141	0.5200	8033.0000
143	144	142	0.5147	8033.0000
144	145	143	0.4963	8033.0000
145	146	144	0.5736	8033.0000
146	147	145	0.3291	8033.0000
147	148	146	0.3156	8033.0000
148	149	147	0.4454	8033.0000
149	150	148	0.4099	8033.0000
150	151	149	0.4396	8033.0000
151	152	150	0.4239	8033.0000
152	153	151	0.3945	8033.0000
153	154	152	0.4954	8033.0000
154	155	153	0.5027	8033.0000
155	156	154	0.5313	8033.0000
156	157	155	0.3643	8033.0000
157	158	156	0.3079	8033.0000
158	159	157	0.4509	8033.0000
159	160	158	0.6373	8033.0000
160	161	159	0.5352	8033.0000
161	162	160	0.5341	8033.0000
162	163	161	0.5825	8033.0000
163	164	162	0.5696	8033.0000
164	165	163	0.5141	8033.0000
165	166	164	0.5131	8033.0000
166	167	165	0.5962	8033.0000
167	168	166	0.6775	8033.0000
168	169	167	0.4867	8033.0000
169	170	168	0.4101	8033.0000
170	171	169	0.5833	8033.0000
171	172	170	0.4453	8033.0000
172	173	171	0.5606	8033.0000
173	174	172	0.4666	8033.0000
174	175	173	0.5336	8033.0000
175	176	174	0.4045	8033.0000
176	177	175	0.3718	8033.0000
177	178	176	0.3944	8033.0000
178	179	177	0.3947	8033.0000
179	180	178	0.5307	8033.0000
180	181	179	0.3987	8033.0000
181	182	180	0.3958	8033.0000
182	183	181	0.4142	8033.0000
183	184	182	0.3182	8033.0000
184	185	183	0.3830	8033.0000
185	186	184	0.3094	8033.0000
186	187	185	0.5091	8033.0000
187	188	186	0.6547	8033.0000
188	189	187	0.4268	8033.0000
189	190	188	0.3971	8033.0000
190	191	189	0.5032	8033.0000
191	192	190	0.5114	8033.0000
192	193	191	0.5286	8033.0000
193	194	192	0.4866	8033.0000
194	195	193	0.4980	8033.0000
195	196	194	0.5427	8033.0000
196	197	195	0.4055	8033.0000
197	198	196	0.3594	8033.0000
198	199	197	0.3429	8033.0000
199	200	198	0.5801	8033.0000
200	201	199	0.8603	8033.0000
201	202	200	0.5341	8033.0000
202	203	201	0.6460	8033.0000
203	204	202	0.5512	8033.0000
204	205	203	0.5505	8033.0000
205	206	204	0.5711	8033.0000
206	207	205	0.5926	8033.0000
207	208	206	0.5112	8033.0000
208	209	207	0.3523	8033.0000
209	210	208	0.4734	8033.0000
210	211	209	0.4092	8033.0000
211	212	210	0.4313	8033.0000
212	213	211	0.6162	8033.0000
213	214	212	0.4857	8033.0000
214	215	213	0.6293	8033.0000
215	216	214	0.5788	8033.0000
216	217	215	0.3911	8033.0000
217	218	216	0.4750	8033.0000
218	219	217	0.4068	8033.0000
219	220	218	0.4396	8033.0000
220	221	219	0.4498	8033.0000
221	222	220	0.4882	8033.0000
222	223	221	0.6963	8033.0000
223	224	222	0.4757	8033.0000
224	225	223	0.4457	8033.0000
225	226	224	0.3793	8033.0000
226	227	225	0.7419	8033.0000
227	228	226	0.5366	8033.0000
228	229	227	0.4465	8033.0000
229	230	228	0.4208	8033.0000
230	231	229	0.5775	8033.0000
231	232	230	0.5399	8033.0000
232	233	231	0.5082	8033.0000
233	234	232	0.4655	8033.0000
234	235	233	0.3819	8033.0000
235	236	234	0.4097	8033.0000
236	237	235	0.4033	8033.0000
237	238	236	0.4050	8033.0000
238	239	237	0.4443	8033.0000
239	240	238	0.4156	8033.0000
240	241	239	0.4449	8033.0000
241	242	240	0.3465	8033.0000
242	243	241	0.4057	8033.0000
243	244	242	0.4680	8033.0000
244	245	243	0.6370	8033.0000
245	246	244	0.7057	8033.0000
246	247	245	0.3710	8033.0000
247	248	246	0.5273	8033.0000
248	249	247	0.4366	8033.0000
249	250	248	0.5533	8033.0000
250	251	249	0.4996	8033.0000
251	252	250	0.4002	8033.0000
252	253	251	0.4856	8033.0000
253	254	252	0.5568	8033.0000
254	255	253	0.4472	8033.0000
255	256	254	0.4622	8033.0000
256	257	255	0.5280	8033.0000
257	258	256	0.5119	8033.0000
258	259	257	0.4403	8033.0000
259	260	258	0.6470	8033.0000
260	261	259	0.4560	8033.0000
261	262	260	0.4093	8033.0000
262	263	261	0.4263	8033.0000
263	264	262	0.5581	8033.0000
264	265	263	0.5304	8033.0000
265	266	264	0.4246	8033.0000
266	267	265	0.4710	8033.0000
267	268	266	0.5298	8033.0000
268	269	267	0.6550	8033.0000
269	270	268	0.5767	8033.0000
270	271	269	0.4143	8033.0000
271	272	270	0.5633	8033.0000
272	273	271	0.5122	8033.0000
273	274	272	0.4824	8033.0000
274	275	273	0.5689	8033.0000
275	276	274	0.4905	8033.0000
276	277	275	0.5760	8033.0000
277	278	276	0.4968	8033.0000
278	279	277	0.4323	8033.0000
279	280	278	0.4193	8033.0000
280	281	279	0.4421	8033.0000
281	282	280	0.5692	8033.0000
282	283	281	0.4541	8033.0000
283	284	282	0.4211	8033.0000
284	285	283	0.4406	8033.0000
285	286	284	0.4020	8033.0000
286	287	285	0.3514	8033.0000
287	288	286	0.4592	8033.0000
288	289	287	0.7207	8033.0000
289	290	288	0.4610	8033.0000
290	291	289	0.3510	8033.0000
291	292	290	0.3562	8033.0000
292	293	291	0.4774	8033.0000
293	294	292	0.6838	8033.0000
294	295	293	0.4688	8033.0000
295	296	294	0.4385	8033.0000
296	297	295	0.4165	8033.0000
297	298	296	0.3800	8033.0000
298	299	297	0.3800	8033.0000
299	300	298	0.3800	8033.0000
300	301	299	0.3800	8033.0000
301	302	300	0.3800	8033.0000
302	303	301	0.3800	8033.0000
303	304	302	0.3800	8033.0000
304	305	303	0.3800	8033.0000
305	306	304	0.3800	8033.0000
306	307	305	0.3800	8033.0000
307	308	306	0.3800	8033.0000
308	309	307	0.3800	8033.0000
309	310	308	0.3800	8033.0000
310	311	309	0.4777	8033.0000
311	312	310	0.4724	8033.0000
312	313	311	0.4714	8033.0000
313	314	312	0.4321	8033.0000
314	315	313	0.3952	8033.0000
315	316	314	0.4846	8033.0000
316	317	315	0.5656	8033.0000
317	318	316	0.4275	8033.0000
318	319	317	0.4815	8033.0000
319	320	318	0.4976	8033.0000
320	321	319	0.5441	8033.0000
321	322	320	0.4709	8033.0000
322	323	321	0.5013	8033.0000
323	324	322	0.5188	8033.0000
324	325	323	0.3859	8033.0000
325	326	324	0.6029	8033.0000
326	327	325	0.4405	8033.0000
327	328	326	0.4361	8033.0000
328	329	327	0.6524	8033.0000
329	330	328	0.4777	8033.0000
330	331	329	0.4253	8033.0000
331	332	330	0.4181	8033.0000
332	333	331	0.4836	8033.0000
333	334	332	0.4394	8033.0000
334	335	333	0.4610	8033.0000
335	336	334	0.4861	8033.0000
336	337	335	0.4067	8033.0000
337	338	336	0.3999	8033.0000
338	339	337	0.4859	8033.0000
339	340	338	0.3676	8033.0000
340	341	339	0.3868	8033.0000
341	342	340	0.6151	8033.0000
342	343	341	0.4722	8033.0000
343	344	342	0.4553	8033.0000
344	345	343	0.4258	8033.0000
345	346	344	0.3937	8033.0000
346	347	345	0.3424	8033.0000
347	348	346	0.4103	8033.0000
348	349	347	0.4017	8033.0000
349	350	348	0.5089	8033.0000
350	351	349	0.4908	8033.0000
351	352	350	0.4416	8033.0000
352	353	351	0.5245	8033.0000
353	354	352	0.5340	8033.0000
354	355	353	0.5587	8033.0000
355	356	354	0.4952	8033.0000
356	357	355	0.3187	8033.0000
357	358	356	0.3998	8033.0000
358	359	357	0.4731	8033.0000
359	360	358	0.6495	8033.0000
360	361	359	0.5783	8033.0000
361	362	360	0.4795	8033.0000
362	363	361	0.5411	8033.0000
363	364	362	0.6517	8033.0000
364	365	363	0.4586	8033.0000
365	366	364	0.4678	8033.0000
366	367	365	0.3817	8033.0000
367	368	366	0.5723	8033.0000
368	369	367	0.4704	8033.0000
369	370	368	0.4441	8033.0000
370	371	369	0.5391	8033.0000
371	372	370	0.6848	8033.0000
372	373	371	0.5616	8033.0000
373	374	372	0.7001	8033.0000
374	375	373	0.6613	8033.0000
375	376	374	0.4911	8033.0000
376	377	375	0.5310	8033.0000
377	378	376	0.4871	8033.0000
378	379	377	0.4600	8033.0000
379	380	378	0.4582	8033.0000
380	381	379	0.4176	8033.0000
381	382	380	0.4829	8033.0000
382	383	381	0.5164	8033.0000
383	384	382	0.3638	8033.0000
384	385	383	0.5525	8033.0000
385	386	384	0.5050	8033.0000
386	387	385	0.5115	8033.0000
387	388	386	0.5989	8033.0000
388	389	387	0.5086	8033.0000
389	390	388	0.4298	8033.0000
390	391	389	0.6315	8033.0000
391	392	390	0.5429	8033.0000
392	393	391	0.6408	8033.0000
393	394	392	0.5709	8033.0000
394	395	393	0.4378	8033.0000
395	396	394	0.5863	8033.0000
396	397	395	0.6631	8033.0000
397	398	396	0.5381	8033.0000
398	399	397	0.4356	8033.0000
399	400	398	0.4640	8033.0000
400	401	399	0.4966	8033.0000
401	402	400	0.5371	8033.0000
402	403	401	0.5160	8033.0000
403	404	402	0.4799	8033.0000
404	405	403	0.5476	8033.0000
405	406	404	0.5123	8033.0000
406	407	405	0.5723	8033.0000
407	408	406	0.4993	8033.0000
408	409	407	0.5372	8033.0000
409	410	408	0.4703	8033.0000
410	411	409	0.6388	8033.0000
411	412	410	0.5908	8033.0000
412	413	411	0.4835	8033.0000
413	414	412	0.4720	8033.0000
414	415	413	0.5351	8033.0000
415	416	414	0.5811	8033.0000
416	417	415	0.5609	8033.0000
417	418	416	0.4909	8033.0000
418	419	417	0.5098	8033.0000
419	420	418	0.5325	8033.0000
420	421	419	0.5990	8033.0000
421	422	420	0.5087	8033.0000
422	423	421	0.4608	8033.0000
423	424	422	0.4009	8033.0000
424	425	423	0.4645	8033.0000
425	426	424	0.4157	8033.0000
426	427	425	0.4593	8033.0000
427	428	426	0.4800	8033.0000
428	429	427	0.4105	8033.0000
429	430	428	0.4108	8033.0000
430	431	429	0.4806	8033.0000
431	432	430	0.3619	8033.0000
432	433	431	0.3819	8033.0000
433	434	432	0.4051	8033.0000
434	435	433	0.5048	8033.0000
435	436	434	0.5720	8033.0000
436	437	435	0.5825	8033.0000
437	438	436	0.5463	8033.0000
438	439	437	0.5816	8033.0000
439	440	438	0.4628	8033.0000
440	441	439	0.5060	8033.0000
441	442	440	0.4114	8033.0000
442	443	441	0.3450	8033.0000
443	444	442	0.4935	8033.0000
444	445	443	0.5055	8033.0000
445	446	444	0.4612	8033.0000
446	447	445	0.5177	8033.0000
447	448	446	0.6111	8033.0000
448	449	447	0.5143	8033.0000
449	450	448	0.5425	8033.0000
450	451	449	0.4373	8033.0000
451	452	450	0.4876	8033.0000
452	453	451	0.5857	8033.0000
453	454	452	0.4584	8033.0000
454	455	453	0.4475	8033.0000
455	456	454	0.5224	8033.0000
456	457	455	0.4480	8033.0000
457	458	456	0.5970	8033.0000
458	459	457	0.4789	8033.0000
459	460	458	0.6653	8033.0000
460	461	459	0.5432	8033.0000
461	462	460	0.5713	8033.0000
462	463	461	0.4279	8033.0000
463	464	462	0.4452	8033.0000
464	465	463	0.4907	8033.0000
465	466	464	0.6082	8033.0000
466	467	465	0.5859	8033.0000
467	468	466	0.4450	8033.0000
468	469	467	0.5280	8033.0000
469	470	468	0.5137	8033.0000
470	471	469	0.4161	8033.0000
471	472	470	0.4085	8033.0000
472	473	471	0.5500	8033.0000
473	474	472	0.5463	8033.0000
474	475	473	0.5460	8033.0000
475	476	474	0.6566	8033.0000
476	477	475	0.5478	8033.0000
477	478	476	0.5385	8033.0000
478	479	477	0.4419	8033.0000
479	480	478	0.5741	8033.0000
480	481	479	0.4189	8033.0000
481	482	480	0.4524	8033.0000
482	483	481	0.6212	8033.0000
483	484	482	0.4838	8033.0000
484	485	483	0.5106	8033.0000
485	486	484	0.4872	8033.0000
486	487	485	0.6363	8033.0000
487	488	486	0.5039	8033.0000
488	489	487	0.6056	8033.0000
489	490	488	0.5471	8033.0000
490	491	489	0.4827	8033.0000
491	492	490	0.4025	8033.0000
492	493	491	0.4731	8033.0000
493	494	492	0.5007	8033.0000
494	495	493	0.3800	8033.0000
495	496	494	0.3800	8033.0000
496	497	495	0.3800	8033.0000
497	498	496	0.3800	8033.0000
498	499	497	0.3800	8033.0000
499	500	498	0.3800	8033.0000
500	501	499	0.3800	8033.0000
501	502	500	0.3800	8033.0000
502	503	501	0.3800	8033.0000
503	504	502	0.3800	8033.0000
504	505	503	0.3800	8033.0000
505	506	504	0.3800	8033.0000
506	507	505	0.3800	8033.0000
507	508	506	0.3800	8033.0000
508	509	507	0.3800	8033.0000
509	510	508	0.3800	8033.0000
510	511	509	0.3800	8033.0000
511	512	510	0.3800	8033.0000
512	513	511	0.3800	8033.0000
513	514	512	0.3800	8033.0000
514	515	513	0.3800	8033.0000
515	516	514	0.4415	8033.0000
516	517	515	0.4155	8033.0000
517	518	516	0.5132	8033.0000
518	519	517	0.4889	8033.0000
519	520	518	0.4961	8033.0000
520	521	519	0.4891	8033.0000
521	522	520	0.3996	8033.0000
522	523	521	0.5715	8033.0000
523	524	522	0.4565	8033.0000
524	525	523	0.3992	8033.0000
525	526	524	0.5383	8033.0000
526	527	525	0.5359	8033.0000
527	528	526	0.7219	8033.0000
528	529	527	0.4769	8033.0000
529	530	528	0.5119	8033.0000
530	531	529	0.5129	8033.0000
531	532	530	0.4351	8033.0000
532	533	531	0.5971	8033.0000
533	534	532	0.4804	8033.0000
534	535	533	0.4781	8033.0000
535	536	534	0.6848	8033.0000
536	537	535	0.6014	8033.0000
537	538	536	0.4728	8033.0000
538	539	537	0.5024	8033.0000
539	540	538	0.4002	8033.0000
540	541	539	0.3800	8033.0000
541	542	540	0.3800	8033.0000
542	543	541	0.5174	8033.0000
543	544	542	0.5228	8033.0000
544	545	543	0.4115	8033.0000
545	546	544	0.4903	8033.0000
546	547	545	0.5972	8033.0000
547	548	546	0.5526	8033.0000
548	549	547	0.4500	8033.0000
549	550	548	0.5223	8033.0000
550	551	549	0.5977	8033.0000
551	552	550	0.4765	8033.0000
552	553	551	0.4922	8033.0000
553	554	552	0.6507	8033.0000
554	555	553	0.4129	8033.0000
555	556	554	0.5811	8033.0000
556	557	555	0.7054	8033.0000
557	558	556	0.4064	8033.0000
558	559	557	0.5360	8033.0000
559	560	558	0.5809	8033.0000
560	561	559	0.5187	8033.0000
561	562	560	0.4698	8033.0000
562	563	561	0.4669	8033.0000
563	564	562	0.5109	8033.0000
564	565	563	0.5250	8033.0000
565	566	564	0.5570	8033.0000
566	567	565	0.5890	8033.0000
567	568	566	0.5168	8033.0000
568	569	567	0.4011	8033.0000
569	570	568	0.4073	8033.0000
570	571	569	0.4247	8033.0000
571	572	570	0.4349	8033.0000
572	573	571	0.4206	8033.0000
573	574	572	0.4723	8033.0000
574	575	573	0.5566	8033.0000
575	576	574	0.5167	8033.0000
576	577	575	0.4947	8033.0000
577	578	576	0.4355	8033.0000
578	579	577	0.3897	8033.0000
579	580	578	0.4285	8033.0000
580	581	579	0.5301	8033.0000
581	582	580	0.5424	8033.0000
582	583	581	0.4718	8033.0000
583	584	582	0.5545	8033.0000
584	585	583	0.6058	8033.0000
585	586	584	0.5114	8033.0000
586	587	585	0.5380	8033.0000
587	588	586	0.5080	8033.0000
588	589	587	0.3375	8033.0000
589	590	588	0.6300	8033.0000
590	591	589	0.4892	8033.0000
591	592	590	0.3622	8033.0000
592	593	591	0.5523	8033.0000
593	594	592	0.4585	8033.0000
594	595	593	0.5739	8033.0000
595	596	594	0.4836	8033.0000
596	597	595	0.4360	8033.0000
597	598	596	0.4802	8033.0000
598	599	597	0.5365	8033.0000
599	600	598	0.5151	8033.0000
600	601	599	0.5066	8033.0000
601	602	600	0.6194	8033.0000
602	603	601	0.5358	8033.0000
603	604	602	0.4890	8033.0000
604	605	603	0.4772	8033.0000
605	606	604	0.5032	8033.0000
606	607	605	0.5629	8033.0000
607	608	606	0.5423	8033.0000
608	609	607	0.5448	8033.0000
609	610	608	0.6143	8033.0000
610	611	609	0.4529	8033.0000
611	612	610	0.5180	8033.0000
612	613	611	0.5286	8033.0000
613	614	612	0.7874	8033.0000
614	615	613	0.5007	8033.0000
615	616	614	0.6693	8033.0000
616	617	615	0.5650	8033.0000
617	618	616	0.6025	8033.0000
618	619	617	0.3837	8033.0000
619	620	618	0.5518	8033.0000
620	621	619	0.8696	8033.0000
621	622	620	0.5898	8033.0000
622	623	621	0.3939	8033.0000
623	624	622	0.3800	8033.0000
624	625	623	0.3800	8033.0000
625	626	624	0.3800	8033.0000
626	627	625	0.3800	8033.0000
627	628	626	0.3800	8033.0000
628	629	627	0.3800	8033.0000
629	630	628	0.3800	8033.0000
630	631	629	0.3800	8033.0000
631	632	630	0.3800	8033.0000
632	633	631	0.3800	8033.0000
633	634	632	0.3800	8033.0000
634	635	633	0.3800	8033.0000
635	636	634	0.3800	8033.0000
636	637	635	0.3800	8033.0000
637	638	636	0.3800	8033.0000
638	639	637	0.3800	8033.0000
639	640	638	0.3800	8033.0000
640	641	639	0.3800	8033.0000
641	642	640	0.3800	8033.0000
642	643	641	0.3800	8033.0000
643	644	642	0.5134	8033.0000
644	645	643	0.6146	8033.0000
645	646	644	0.4916	8033.0000
646	647	645	0.4026	8033.0000
647	648	646	0.4563	8033.0000
648	649	647	0.3557	8033.0000
649	650	648	0.4088	8033.0000
650	651	649	0.4467	8033.0000
651	652	650	0.5201	8033.0000
652	653	651	0.5722	8033.0000
653	654	652	0.5276	8033.0000
654	655	653	0.5020	8033.0000
655	656	654	0.4710	8033.0000
656	657	655	0.5579	8033.0000
657	658	656	0.6746	8033.0000
658	659	657	0.5245	8033.0000
659	660	658	0.6037	8033.0000
660	661	659	0.5544	8033.0000
661	662	660	0.6190	8033.0000
662	663	661	0.5939	8033.0000
663	664	662	0.5405	8033.0000
664	665	663	0.4582	8033.0000
665	666	664	0.3545	8033.0000
666	667	665	0.6062	8033.0000
667	668	666	0.4857	8033.0000
668	669	667	0.4503	8033.0000
669	670	668	0.5438	8033.0000
670	671	669	0.4582	8033.0000
671	672	670	0.4706	8033.0000
672	673	671	0.6751	8033.0000
673	674	672	0.4588	8033.0000
674	675	673	0.4737	8033.0000
675	676	674	0.5788	8033.0000
676	677	675	0.5218	8033.0000
677	678	676	0.5348	8033.0000
678	679	677	0.4563	8033.0000
679	680	678	0.5587	8033.0000
680	681	679	0.4787	8033.0000
681	682	680	0.3509	8033.0000
682	683	681	0.5332	8033.0000
683	684	682	0.4640	8033.0000
684	685	683	0.7537	8033.0000
685	686	684	0.6444	8033.0000
686	687	685	0.6670	8033.0000
687	688	686	0.5698	8033.0000
688	689	687	0.6058	8033.0000
689	690	688	0.5683	8033.0000
690	691	689	0.5793	8033.0000
691	692	690	0.5842	8033.0000
692	693	691	0.5910	8033.0000
693	694	692	0.5332	8033.0000
694	695	693	0.5390	8033.0000
695	696	694	0.5797	8033.0000
696	697	695	0.6958	8033.0000
697	698	696	0.4337	8033.0000
698	699	697	0.4689	8033.0000
699	700	698	0.4191	8033.0000
700	701	699	0.4113	8033.0000
701	702	700	0.6873	8033.0000
702	703	701	0.6494	8033.0000
703	704	702	0.4592	8033.0000
704	705	703	0.6892	8033.0000
705	706	704	0.5662	8033.0000
706	707	705	0.4678	8033.0000
707	708	706	0.3604	8033.0000
708	709	707	0.6628	8033.0000
709	710	708	0.5980	8033.0000
710	711	709	0.3795	8033.0000
711	712	710	0.5846	8033.0000
712	713	711	0.4701	8033.0000
713	714	712	0.5058	8033.0000
714	715	713	0.4409	8033.0000
715	716	714	0.4134	8033.0000
716	717	715	0.6784	8033.0000
717	718	716	0.4768	8033.0000
718	719	717	0.3575	8033.0000
719	720	718	0.4211	8033.0000
720	721	719	0.6195	8033.0000
721	722	720	0.6643	8033.0000
722	723	721	0.4127	8033.0000
723	724	722	0.5718	8033.0000
724	725	723	0.6264	8033.0000
725	726	724	0.4144	8033.0000
726	727	725	0.3697	8033.0000
727	728	726	0.4589	8033.0000
728	729	727	0.5225	8033.0000
729	730	728	0.4250	8033.0000
730	731	729	0.5085	8033.0000
731	732	730	0.4581	8033.0000
732	733	731	0.5870	8033.0000
733	734	732	0.3810	8033.0000
734	735	733	0.3695	8033.0000
735	736	734	0.4079	8033.0000
736	737	735	0.5351	8033.0000
737	738	736	0.6300	8033.0000
738	739	737	0.5782	8033.0000
739	740	738	0.5555	8033.0000
740	741	739	0.5697	8033.0000
741	742	740	0.4799	8033.0000
742	743	741	0.6196	8033.0000
743	744	742	0.4827	8033.0000
744	745	743	0.5619	8033.0000
745	746	744	0.4144	8033.0000
746	747	745	0.4529	8033.0000
747	748	746	0.5796	8033.0000
748	749	747	0.5384	8033.0000
749	750	748	0.4521	8033.0000
750	751	749	0.5963	8033.0000
751	752	750	0.5525	8033.0000
752	753	751	0.4349	8033.0000
753	754	752	0.4238	8033.0000
754	755	753	0.3686	8033.0000
755	756	754	0.3616	8033.0000
756	757	755	0.5772	8033.0000
757	758	756	0.5257	8033.0000
758	759	757	0.4929	8033.0000
759	760	758	0.4805	8033.0000
760	761	759	0.6402	8033.0000
761	762	760	0.4844	8033.0000
762	763	761	0.6686	8033.0000
763	764	762	0.4490	8033.0000
764	765	763	0.5195	8033.0000
765	766	764	0.4962	8033.0000
766	767	765	0.4493	8033.0000
767	768	766	0.4989	8033.0000
768	769	767	0.3454	8033.0000
769	770	768	0.4429	8033.0000
770	771	769	0.5983	8033.0000
771	772	770	0.5329	8033.0000
772	773	771	0.4941	8033.0000
773	774	772	0.3391	8033.0000
774	775	773	0.4925	8033.0000
775	776	774	0.3627	8033.0000
776	777	775	0.4316	8033.0000
777	778	776	0.4930	8033.0000
778	779	777	0.5251	8033.0000
779	780	778	0.4013	8033.0000
780	781	779	0.3617	8033.0000
781	782	780	0.4026	8033.0000
782	783	781	0.3926	8033.0000
783	784	782	0.4879	8033.0000
784	785	783	0.4548	8033.0000
785	786	784	0.3538	8033.0000
786	787	785	0.4507	8033.0000
787	788	786	0.3079	8033.0000
788	789	787	0.4225	8033.0000
789	790	788	0.4610	8033.0000
790	791	789	0.4315	8033.0000
791	792	790	0.4081	8033.0000
792	793	791	0.5567	8033.0000
793	794	792	0.4657	8033.0000
794	795	793	0.3914	8033.0000
795	796	794	0.4170	8033.0000
796	797	795	0.4354	8033.0000
797	798	796	0.4331	8033.0000
798	799	797	0.4345	8033.0000
799	800	798	0.4300	8033.0000
800	801	799	0.3999	8033.0000
801	802	800	0.3757	8033.0000
802	803	801	0.5305	8033.0000
803	804	802	0.5136	8033.0000
804	805	803	0.4587	8033.0000
805	806	804	0.5776	8033.0000
806	807	805	0.4447	8033.0000
807	808	806	0.4784	8033.0000
808	809	807	0.6061	8033.0000
809	810	808	0.3621	8033.0000
810	811	809	0.4287	8033.0000
811	812	810	0.5930	8033.0000
812	813	811	0.5354	8033.0000
813	814	812	0.4368	8033.0000
814	815	813	0.3701	8033.0000
815	816	814	0.5094	8033.0000
816	817	815	0.4199	8033.0000
817	818	816	0.6808	8033.0000
818	819	817	0.5469	8033.0000
819	820	818	0.6349	8033.0000
820	821	819	0.4123	8033.0000
821	822	820	0.4789	8033.0000
822	823	821	0.4742	8033.0000
823	824	822	0.6165	8033.0000
824	825	823	0.3800	8033.0000
825	826	824	0.3800	8033.0000
826	827	825	0.3800	8033.0000
827	828	826	0.3800	8033.0000
828	829	827	0.3800	8033.0000
829	830	828	0.3800	8033.0000
830	831	829	0.3800	8033.0000
831	832	830	0.3800	8033.0000
832	833	831	0.3800	8033.0000
833	834	832	0.3800	8033.0000
834	835	833	0.3800	8033.0000
835	836	834	0.3800	8033.0000
836	837	835	0.3800	8033.0000
837	838	836	0.3800	8033.0000
838	839	837	0.3800	8033.0000
839	840	838	0.3800	8033.0000
840	841	839	0.3800	8033.0000
841	842	840	0.3800	8033.0000
842	843	841	0.3800	8033.0000
843	844	842	0.3800	8033.0000
844	845	843	0.3800	8033.0000
845	846	844	0.3800	8033.0000
846	847	845	0.3800	8033.0000
847	848	846	0.3800	8033.0000
848	849	847	0.3800	8033.0000
849	850	848	0.3800	8033.0000
850	851	849	0.3800	8033.0000
851	852	850	0.3800	8033.0000
852	853	851	0.3800	8033.0000
853	854	852	0.3800	8033.0000
