i	j	b_idx	d[nm]	k[kJ/mol/nm^2]
678	679	0	0.3800	8033.0000
679	680	1	0.3800	8033.0000
680	681	2	0.3800	8033.0000
681	682	3	0.3800	8033.0000
682	683	4	0.3800	8033.0000
683	684	5	0.3800	8033.0000
684	685	6	0.3800	8033.0000
685	686	7	0.3800	8033.0000
686	687	8	0.3800	8033.0000
687	688	9	0.3800	8033.0000
688	689	10	0.3800	8033.0000
689	690	11	0.3800	8033.0000
690	691	12	0.3800	8033.0000
691	692	13	0.3800	8033.0000
692	693	14	0.3800	8033.0000
693	694	15	0.3800	8033.0000
694	695	16	0.3800	8033.0000
695	696	17	0.3800	8033.0000
696	697	18	0.3800	8033.0000
697	698	19	0.3800	8033.0000
698	699	20	0.3800	8033.0000
699	700	21	0.3800	8033.0000
700	701	22	0.3800	8033.0000
701	702	23	0.3800	8033.0000
702	703	24	0.3800	8033.0000
703	704	25	0.3800	8033.0000
704	705	26	0.3800	8033.0000
705	706	27	0.3800	8033.0000
706	707	28	0.3800	8033.0000
707	708	29	0.3800	8033.0000
708	709	30	0.3800	8033.0000
709	710	31	0.3800	8033.0000
710	711	32	0.3800	8033.0000
711	712	33	0.3800	8033.0000
712	713	34	0.3800	8033.0000
713	714	35	0.3800	8033.0000
714	715	36	0.3800	8033.0000
715	716	37	0.3800	8033.0000
716	717	38	0.3800	8033.0000
717	718	39	0.3800	8033.0000
718	719	40	0.3800	8033.0000
719	720	41	0.3800	8033.0000
720	721	42	0.3800	8033.0000
721	722	43	0.3800	8033.0000
722	723	44	0.3800	8033.0000
723	724	45	0.3800	8033.0000
724	725	46	0.3800	8033.0000
725	726	47	0.3800	8033.0000
726	727	48	0.3800	8033.0000
727	728	49	0.3800	8033.0000
728	729	50	0.3800	8033.0000
729	730	51	0.3800	8033.0000
730	731	52	0.3800	8033.0000
731	732	53	0.3800	8033.0000
732	733	54	0.3800	8033.0000
733	734	55	0.3800	8033.0000
734	735	56	0.3800	8033.0000
735	736	57	0.3800	8033.0000
736	737	58	0.3800	8033.0000
737	738	59	0.3800	8033.0000
738	739	60	0.3800	8033.0000
739	740	61	0.3800	8033.0000
740	741	62	0.3800	8033.0000
741	742	63	0.3800	8033.0000
742	743	64	0.3800	8033.0000
743	744	65	0.3800	8033.0000
744	745	66	0.3800	8033.0000
745	746	67	0.3800	8033.0000
746	747	68	0.3800	8033.0000
747	748	69	0.3800	8033.0000
748	749	70	0.3800	8033.0000
749	750	71	0.3800	8033.0000
750	751	72	0.3800	8033.0000
751	752	73	0.3800	8033.0000
752	753	74	0.3800	8033.0000
753	754	75	0.3800	8033.0000
754	755	76	0.3800	8033.0000
755	756	77	0.3800	8033.0000
756	757	78	0.3800	8033.0000
757	758	79	0.3800	8033.0000
758	759	80	0.3800	8033.0000
759	760	81	0.3800	8033.0000
760	761	82	0.3800	8033.0000
761	762	83	0.3800	8033.0000
762	763	84	0.3800	8033.0000
763	764	85	0.3800	8033.0000
764	765	86	0.3800	8033.0000
765	766	87	0.3800	8033.0000
766	767	88	0.3800	8033.0000
767	768	89	0.3800	8033.0000
768	769	90	0.3800	8033.0000
769	770	91	0.3800	8033.0000
770	771	92	0.3800	8033.0000
771	772	93	0.3800	8033.0000
772	773	94	0.3800	8033.0000
773	774	95	0.3800	8033.0000
774	775	96	0.3800	8033.0000
775	776	97	0.3800	8033.0000
776	777	98	0.3800	8033.0000
777	778	99	0.3800	8033.0000
778	779	100	0.3800	8033.0000
779	780	101	0.3800	8033.0000
780	781	102	0.3800	8033.0000
781	782	103	0.3800	8033.0000
782	783	104	0.3800	8033.0000
783	784	105	0.3800	8033.0000
784	785	106	0.3800	8033.0000
785	786	107	0.3800	8033.0000
786	787	108	0.3800	8033.0000
787	788	109	0.3800	8033.0000
788	789	110	0.3800	8033.0000
789	790	111	0.3800	8033.0000
790	791	112	0.3800	8033.0000
791	792	113	0.3800	8033.0000
792	793	114	0.3800	8033.0000
793	794	115	0.3800	8033.0000
794	795	116	0.6052	8033.0000
795	796	117	0.6138	8033.0000
796	797	118	0.5685	8033.0000
797	798	119	0.5046	8033.0000
798	799	120	0.4334	8033.0000
799	800	121	0.4376	8033.0000
800	801	122	0.3706	8033.0000
801	802	123	0.3577	8033.0000
802	803	124	0.4495	8033.0000
803	804	125	0.5661	8033.0000
804	805	126	0.5612	8033.0000
805	806	127	0.5013	8033.0000
806	807	128	0.4257	8033.0000
807	808	129	0.4888	8033.0000
808	809	130	0.5306	8033.0000
809	810	131	0.6284	8033.0000
810	811	132	0.5713	8033.0000
811	812	133	0.5902	8033.0000
812	813	134	0.4944	8033.0000
813	814	135	0.3992	8033.0000
814	815	136	0.5950	8033.0000
815	816	137	0.5015	8033.0000
816	817	138	0.5747	8033.0000
817	818	139	0.5410	8033.0000
818	819	140	0.5504	8033.0000
819	820	141	0.5840	8033.0000
820	821	142	0.5569	8033.0000
821	822	143	0.7177	8033.0000
822	823	144	0.5479	8033.0000
823	824	145	0.7619	8033.0000
824	825	146	0.5449	8033.0000
825	826	147	0.6328	8033.0000
826	827	148	0.5831	8033.0000
827	828	149	0.5485	8033.0000
828	829	150	0.5916	8033.0000
829	830	151	0.5479	8033.0000
830	831	152	0.5907	8033.0000
831	832	153	0.5039	8033.0000
832	833	154	0.5421	8033.0000
833	834	155	0.5773	8033.0000
834	835	156	0.4899	8033.0000
835	836	157	0.4532	8033.0000
836	837	158	0.4954	8033.0000
837	838	159	0.6377	8033.0000
838	839	160	0.5611	8033.0000
839	840	161	0.4671	8033.0000
840	841	162	0.3960	8033.0000
841	842	163	0.4030	8033.0000
842	843	164	0.4940	8033.0000
843	844	165	0.4678	8033.0000
844	845	166	0.4215	8033.0000
845	846	167	0.5476	8033.0000
846	847	168	0.6610	8033.0000
847	848	169	0.4357	8033.0000
848	849	170	0.4048	8033.0000
849	850	171	0.4692	8033.0000
850	851	172	0.4041	8033.0000
851	852	173	0.5324	8033.0000
852	853	174	0.6193	8033.0000
853	854	175	0.5656	8033.0000
854	855	176	0.4528	8033.0000
855	856	177	0.5161	8033.0000
856	857	178	0.6213	8033.0000
857	858	179	0.5694	8033.0000
858	859	180	0.5851	8033.0000
859	860	181	0.5697	8033.0000
860	861	182	0.4908	8033.0000
861	862	183	0.5672	8033.0000
862	863	184	0.5980	8033.0000
863	864	185	0.5691	8033.0000
864	865	186	0.5885	8033.0000
865	866	187	0.5300	8033.0000
866	867	188	0.5514	8033.0000
867	868	189	0.5949	8033.0000
868	869	190	0.5649	8033.0000
869	870	191	0.6326	8033.0000
870	871	192	0.5270	8033.0000
871	872	193	0.4855	8033.0000
872	873	194	0.5003	8033.0000
873	874	195	0.5151	8033.0000
874	875	196	0.5813	8033.0000
875	876	197	0.6206	8033.0000
876	877	198	0.6521	8033.0000
877	878	199	0.5756	8033.0000
878	879	200	0.3605	8033.0000
879	880	201	0.4917	8033.0000
880	881	202	0.4508	8033.0000
881	882	203	0.4274	8033.0000
882	883	204	0.5356	8033.0000
883	884	205	0.4309	8033.0000
884	885	206	0.4431	8033.0000
885	886	207	0.5137	8033.0000
886	887	208	0.4524	8033.0000
887	888	209	0.4141	8033.0000
888	889	210	0.3582	8033.0000
889	890	211	0.3543	8033.0000
890	891	212	0.4793	8033.0000
891	892	213	0.5765	8033.0000
892	893	214	0.4938	8033.0000
893	894	215	0.4600	8033.0000
894	895	216	0.3941	8033.0000
895	896	217	0.5856	8033.0000
896	897	218	0.4859	8033.0000
897	898	219	0.4227	8033.0000
898	899	220	0.3686	8033.0000
899	900	221	0.4334	8033.0000
900	901	222	0.4371	8033.0000
901	902	223	0.4373	8033.0000
902	903	224	0.4046	8033.0000
903	904	225	0.4971	8033.0000
904	905	226	0.4093	8033.0000
905	906	227	0.4026	8033.0000
906	907	228	0.3984	8033.0000
907	908	229	0.5684	8033.0000
908	909	230	0.5740	8033.0000
909	910	231	0.5195	8033.0000
910	911	232	0.4337	8033.0000
911	912	233	0.4507	8033.0000
912	913	234	0.3225	8033.0000
913	914	235	0.3590	8033.0000
914	915	236	0.4072	8033.0000
915	916	237	0.4353	8033.0000
916	917	238	0.3983	8033.0000
917	918	239	0.4262	8033.0000
918	919	240	0.4254	8033.0000
919	920	241	0.4081	8033.0000
920	921	242	0.3908	8033.0000
921	922	243	0.3550	8033.0000
922	923	244	0.4505	8033.0000
923	924	245	0.4342	8033.0000
924	925	246	0.3965	8033.0000
925	926	247	0.4207	8033.0000
926	927	248	0.4392	8033.0000
927	928	249	0.4864	8033.0000
928	929	250	0.4651	8033.0000
929	930	251	0.4156	8033.0000
930	931	252	0.3721	8033.0000
931	932	253	0.3814	8033.0000
932	933	254	0.4189	8033.0000
933	934	255	0.3442	8033.0000
934	935	256	0.3577	8033.0000
935	936	257	0.4151	8033.0000
936	937	258	0.3446	8033.0000
937	938	259	0.4221	8033.0000
938	939	260	0.3180	8033.0000
939	940	261	0.5090	8033.0000
940	941	262	0.3453	8033.0000
941	942	263	0.3489	8033.0000
942	943	264	0.4015	8033.0000
943	944	265	0.4113	8033.0000
944	945	266	0.4258	8033.0000
945	946	267	0.3580	8033.0000
946	947	268	0.3664	8033.0000
947	948	269	0.4217	8033.0000
948	949	270	0.3672	8033.0000
949	950	271	0.4917	8033.0000
950	951	272	0.3650	8033.0000
951	952	273	0.5057	8033.0000
952	953	274	0.4854	8033.0000
953	954	275	0.3813	8033.0000
954	955	276	0.4244	8033.0000
955	956	277	0.3759	8033.0000
956	957	278	0.4885	8033.0000
957	958	279	0.4167	8033.0000
958	959	280	0.4355	8033.0000
959	960	281	0.4508	8033.0000
960	961	282	0.4522	8033.0000
961	962	283	0.4616	8033.0000
962	963	284	0.4806	8033.0000
963	964	285	0.4598	8033.0000
964	965	286	0.5809	8033.0000
965	966	287	0.8849	8033.0000
966	967	288	0.6203	8033.0000
967	968	289	0.4429	8033.0000
968	969	290	0.4254	8033.0000
969	970	291	0.3803	8033.0000
970	971	292	0.4823	8033.0000
971	972	293	0.6232	8033.0000
972	973	294	0.6197	8033.0000
973	974	295	0.4921	8033.0000
974	975	296	0.3801	8033.0000
975	976	297	0.3868	8033.0000
976	977	298	0.3533	8033.0000
977	978	299	0.3800	8033.0000
978	979	300	0.3800	8033.0000
979	980	301	0.3800	8033.0000
980	981	302	0.3800	8033.0000
981	982	303	0.3800	8033.0000
982	983	304	0.3800	8033.0000
983	984	305	0.3800	8033.0000
984	985	306	0.3800	8033.0000
985	986	307	0.3800	8033.0000
986	987	308	0.3800	8033.0000
987	988	309	0.3800	8033.0000
988	989	310	0.3800	8033.0000
989	990	311	0.3800	8033.0000
990	991	312	0.3800	8033.0000
991	992	313	0.3800	8033.0000
992	993	314	0.3800	8033.0000
993	994	315	0.3800	8033.0000
994	995	316	0.3800	8033.0000
995	996	317	0.5608	8033.0000
996	997	318	0.4849	8033.0000
997	998	319	0.5069	8033.0000
998	999	320	0.4054	8033.0000
999	1000	321	0.4579	8033.0000
1000	1001	322	0.6763	8033.0000
1001	1002	323	0.4401	8033.0000
1002	1003	324	0.5219	8033.0000
1003	1004	325	0.6761	8033.0000
1004	1005	326	0.4913	8033.0000
1005	1006	327	0.4408	8033.0000
1006	1007	328	0.4825	8033.0000
1007	1008	329	0.4337	8033.0000
1008	1009	330	0.4827	8033.0000
1009	1010	331	0.5270	8033.0000
1010	1011	332	0.4622	8033.0000
1011	1012	333	0.4962	8033.0000
1012	1013	334	0.4577	8033.0000
1013	1014	335	0.7105	8033.0000
1014	1015	336	0.5094	8033.0000
1015	1016	337	0.4222	8033.0000
1016	1017	338	0.4014	8033.0000
1017	1018	339	0.4419	8033.0000
1018	1019	340	0.5759	8033.0000
1019	1020	341	0.5507	8033.0000
1020	1021	342	0.6454	8033.0000
1021	1022	343	0.4968	8033.0000
1022	1023	344	0.5634	8033.0000
1023	1024	345	0.5686	8033.0000
1024	1025	346	0.5283	8033.0000
1025	1026	347	0.4264	8033.0000
1026	1027	348	0.5277	8033.0000
1027	1028	349	0.5114	8033.0000
1028	1029	350	0.5247	8033.0000
1029	1030	351	0.5337	8033.0000
1030	1031	352	0.5346	8033.0000
1031	1032	353	0.4980	8033.0000
1032	1033	354	0.5782	8033.0000
1033	1034	355	0.4120	8033.0000
1034	1035	356	0.4456	8033.0000
1035	1036	357	0.5310	8033.0000
1036	1037	358	0.5467	8033.0000
1037	1038	359	0.5118	8033.0000
1038	1039	360	0.6247	8033.0000
1039	1040	361	0.6388	8033.0000
1040	1041	362	0.5401	8033.0000
1041	1042	363	0.4878	8033.0000
1042	1043	364	0.4411	8033.0000
1043	1044	365	0.5689	8033.0000
1044	1045	366	0.5119	8033.0000
1045	1046	367	0.5120	8033.0000
1046	1047	368	0.4604	8033.0000
1047	1048	369	0.5197	8033.0000
1048	1049	370	0.6339	8033.0000
1049	1050	371	0.7174	8033.0000
1050	1051	372	0.5374	8033.0000
1051	1052	373	0.4206	8033.0000
1052	1053	374	0.5119	8033.0000
1053	1054	375	0.3800	8033.0000
1054	1055	376	0.3800	8033.0000
1055	1056	377	0.3800	8033.0000
1056	1057	378	0.3800	8033.0000
1057	1058	379	0.3800	8033.0000
1058	1059	380	0.3800	8033.0000
1059	1060	381	0.3800	8033.0000
1060	1061	382	0.3800	8033.0000
1061	1062	383	0.3800	8033.0000
1062	1063	384	0.3800	8033.0000
1063	1064	385	0.3800	8033.0000
1064	1065	386	0.3800	8033.0000
1065	1066	387	0.3800	8033.0000
1066	1067	388	0.3800	8033.0000
1067	1068	389	0.3800	8033.0000
1068	1069	390	0.3800	8033.0000
1069	1070	391	0.3800	8033.0000
1070	1071	392	0.3800	8033.0000
1071	1072	393	0.3800	8033.0000
1072	1073	394	0.3800	8033.0000
1073	1074	395	0.3800	8033.0000
1074	1075	396	0.3800	8033.0000
1075	1076	397	0.3800	8033.0000
1076	1077	398	0.3800	8033.0000
1077	1078	399	0.3800	8033.0000
1078	1079	400	0.3800	8033.0000
1079	1080	401	0.3800	8033.0000
1080	1081	402	0.3800	8033.0000
1081	1082	403	0.3800	8033.0000
1082	1083	404	0.3800	8033.0000
1083	1084	405	0.3800	8033.0000
1084	1085	406	0.3800	8033.0000
1085	1086	407	0.3800	8033.0000
1086	1087	408	0.3800	8033.0000
1087	1088	409	0.3800	8033.0000
1088	1089	410	0.3800	8033.0000
1089	1090	411	0.3800	8033.0000
1090	1091	412	0.3800	8033.0000
1091	1092	413	0.3800	8033.0000
1092	1093	414	0.3800	8033.0000
1093	1094	415	0.3800	8033.0000
1094	1095	416	0.3800	8033.0000
1095	1096	417	0.3800	8033.0000
1096	1097	418	0.3800	8033.0000
1097	1098	419	0.3800	8033.0000
1098	1099	420	0.3800	8033.0000
1099	1100	421	0.3800	8033.0000
1100	1101	422	0.3800	8033.0000
1101	1102	423	0.3800	8033.0000
1102	1103	424	0.3800	8033.0000
1103	1104	425	0.3800	8033.0000
1104	1105	426	0.3800	8033.0000
1105	1106	427	0.3800	8033.0000
1106	1107	428	0.3800	8033.0000
1107	1108	429	0.3800	8033.0000
1108	1109	430	0.3800	8033.0000
1109	1110	431	0.3800	8033.0000
1110	1111	432	0.3800	8033.0000
1111	1112	433	0.3800	8033.0000
1112	1113	434	0.3800	8033.0000
1113	1114	435	0.3800	8033.0000
1114	1115	436	0.3800	8033.0000
1115	1116	437	0.3800	8033.0000
1116	1117	438	0.3800	8033.0000
1117	1118	439	0.3800	8033.0000
1118	1119	440	0.3800	8033.0000
1119	1120	441	0.3800	8033.0000
1120	1121	442	0.3800	8033.0000
1121	1122	443	0.3800	8033.0000
1122	1123	444	0.3800	8033.0000
1123	1124	445	0.3800	8033.0000
1124	1125	446	0.3800	8033.0000
1125	1126	447	0.3800	8033.0000
1126	1127	448	0.4828	8033.0000
1127	1128	449	0.4431	8033.0000
1128	1129	450	0.4095	8033.0000
1129	1130	451	0.4878	8033.0000
1130	1131	452	0.5327	8033.0000
1131	1132	453	0.4421	8033.0000
1132	1133	454	0.4358	8033.0000
1133	1134	455	0.4833	8033.0000
1134	1135	456	0.6481	8033.0000
1135	1136	457	0.4763	8033.0000
1136	1137	458	0.6791	8033.0000
1137	1138	459	0.4332	8033.0000
1138	1139	460	0.7576	8033.0000
1139	1140	461	0.4600	8033.0000
1140	1141	462	0.4705	8033.0000
1141	1142	463	0.4710	8033.0000
1142	1143	464	0.4689	8033.0000
1143	1144	465	0.6405	8033.0000
1144	1145	466	0.3888	8033.0000
1145	1146	467	0.4302	8033.0000
1146	1147	468	0.3482	8033.0000
1147	1148	469	0.5359	8033.0000
1148	1149	470	0.5374	8033.0000
1149	1150	471	0.6103	8033.0000
1150	1151	472	0.3492	8033.0000
1151	1152	473	0.4331	8033.0000
1152	1153	474	0.4950	8033.0000
1153	1154	475	0.6717	8033.0000
1154	1155	476	0.5006	8033.0000
1155	1156	477	0.4642	8033.0000
1156	1157	478	0.3951	8033.0000
1157	1158	479	0.4604	8033.0000
1158	1159	480	0.5567	8033.0000
1159	1160	481	0.5202	8033.0000
1160	1161	482	0.3881	8033.0000
1161	1162	483	0.4015	8033.0000
1162	1163	484	0.6256	8033.0000
1163	1164	485	0.7120	8033.0000
1164	1165	486	0.5270	8033.0000
1165	1166	487	0.4235	8033.0000
1166	1167	488	0.4937	8033.0000
1167	1168	489	0.4846	8033.0000
1168	1169	490	0.5114	8033.0000
1169	1170	491	0.5495	8033.0000
1170	1171	492	0.4715	8033.0000
1171	1172	493	0.6116	8033.0000
1172	1173	494	0.7080	8033.0000
1173	1174	495	0.4733	8033.0000
1174	1175	496	0.5717	8033.0000
1175	1176	497	0.5892	8033.0000
1176	1177	498	0.4759	8033.0000
1177	1178	499	0.4411	8033.0000
1178	1179	500	0.5648	8033.0000
1179	1180	501	0.5733	8033.0000
1180	1181	502	0.4374	8033.0000
1181	1182	503	0.6831	8033.0000
1182	1183	504	0.6171	8033.0000
1183	1184	505	0.5805	8033.0000
1184	1185	506	0.5080	8033.0000
1185	1186	507	0.3877	8033.0000
1186	1187	508	0.3787	8033.0000
1187	1188	509	0.5722	8033.0000
1188	1189	510	0.3936	8033.0000
1189	1190	511	0.6183	8033.0000
1190	1191	512	0.4230	8033.0000
1191	1192	513	0.3829	8033.0000
1192	1193	514	0.5135	8033.0000
1193	1194	515	0.7296	8033.0000
1194	1195	516	0.4559	8033.0000
1195	1196	517	0.5080	8033.0000
1196	1197	518	0.4670	8033.0000
1197	1198	519	0.4839	8033.0000
1198	1199	520	0.3940	8033.0000
1199	1200	521	0.6378	8033.0000
1200	1201	522	0.5849	8033.0000
1201	1202	523	0.3557	8033.0000
1202	1203	524	0.5844	8033.0000
1203	1204	525	0.6684	8033.0000
1204	1205	526	0.5015	8033.0000
1205	1206	527	0.5095	8033.0000
1206	1207	528	0.5382	8033.0000
1207	1208	529	0.4838	8033.0000
1208	1209	530	0.4687	8033.0000
1209	1210	531	0.5120	8033.0000
1210	1211	532	0.3533	8033.0000
1211	1212	533	0.3850	8033.0000
1212	1213	534	0.5231	8033.0000
1213	1214	535	0.5719	8033.0000
1214	1215	536	0.4390	8033.0000
1215	1216	537	0.5047	8033.0000
1216	1217	538	0.5161	8033.0000
1217	1218	539	0.3800	8033.0000
1218	1219	540	0.3800	8033.0000
1219	1220	541	0.3800	8033.0000
1220	1221	542	0.3800	8033.0000
1221	1222	543	0.3800	8033.0000
1222	1223	544	0.3800	8033.0000
1223	1224	545	0.3800	8033.0000
1224	1225	546	0.3800	8033.0000
1225	1226	547	0.3800	8033.0000
1226	1227	548	0.3800	8033.0000
1227	1228	549	0.3800	8033.0000
1228	1229	550	0.3800	8033.0000
1229	1230	551	0.3800	8033.0000
1230	1231	552	0.3800	8033.0000
1231	1232	553	0.3800	8033.0000
1232	1233	554	0.3800	8033.0000
1233	1234	555	0.3800	8033.0000
1234	1235	556	0.3800	8033.0000
1235	1236	557	0.3800	8033.0000
1236	1237	558	0.3800	8033.0000
1237	1238	559	0.3800	8033.0000
1238	1239	560	0.3800	8033.0000
1239	1240	561	0.3800	8033.0000
1240	1241	562	0.3800	8033.0000
1241	1242	563	0.3800	8033.0000
1242	1243	564	0.3800	8033.0000
1243	1244	565	0.3800	8033.0000
1244	1245	566	0.3800	8033.0000
1245	1246	567	0.3800	8033.0000
1246	1247	568	0.3800	8033.0000
1247	1248	569	0.3800	8033.0000
1248	1249	570	0.3800	8033.0000
1249	1250	571	0.3800	8033.0000
1250	1251	572	0.3800	8033.0000
1251	1252	573	0.3800	8033.0000
1252	1253	574	0.3800	8033.0000
1253	1254	575	0.3800	8033.0000
1254	1255	576	0.3800	8033.0000
1255	1256	577	0.3800	8033.0000
1256	1257	578	0.3800	8033.0000
1257	1258	579	0.3800	8033.0000
1258	1259	580	0.3800	8033.0000
1259	1260	581	0.3800	8033.0000
1260	1261	582	0.3800	8033.0000
1261	1262	583	0.3800	8033.0000
1262	1263	584	0.3800	8033.0000
1263	1264	585	0.3800	8033.0000
1264	1265	586	0.3800	8033.0000
1265	1266	587	0.3800	8033.0000
1266	1267	588	0.3800	8033.0000
1267	1268	589	0.3800	8033.0000
1268	1269	590	0.3800	8033.0000
1269	1270	591	0.3800	8033.0000
1270	1271	592	0.3800	8033.0000
1271	1272	593	0.3800	8033.0000
1272	1273	594	0.3800	8033.0000
1273	1274	595	0.3800	8033.0000
1274	1275	596	0.3800	8033.0000
1275	1276	597	0.3800	8033.0000
1276	1277	598	0.3800	8033.0000
1277	1278	599	0.3800	8033.0000
1278	1279	600	0.3800	8033.0000
1279	1280	601	0.3800	8033.0000
1280	1281	602	0.3800	8033.0000
1281	1282	603	0.3800	8033.0000
1282	1283	604	0.3800	8033.0000
1283	1284	605	0.3800	8033.0000
1284	1285	606	0.3800	8033.0000
1285	1286	607	0.3800	8033.0000
1286	1287	608	0.3800	8033.0000
1287	1288	609	0.3800	8033.0000
1288	1289	610	0.3800	8033.0000
1289	1290	611	0.3800	8033.0000
1290	1291	612	0.3800	8033.0000
1291	1292	613	0.3800	8033.0000
1292	1293	614	0.3800	8033.0000
1293	1294	615	0.3800	8033.0000
1294	1295	616	0.3800	8033.0000
1295	1296	617	0.3800	8033.0000
1296	1297	618	0.3800	8033.0000
1297	1298	619	0.3800	8033.0000
1298	1299	620	0.3800	8033.0000
1299	1300	621	0.3800	8033.0000
1300	1301	622	0.3800	8033.0000
1301	1302	623	0.3800	8033.0000
1302	1303	624	0.3800	8033.0000
1303	1304	625	0.3800	8033.0000
1304	1305	626	0.3800	8033.0000
1305	1306	627	0.3800	8033.0000
1306	1307	628	0.3800	8033.0000
1307	1308	629	0.3800	8033.0000
1308	1309	630	0.3800	8033.0000
1309	1310	631	0.3800	8033.0000
1310	1311	632	0.3800	8033.0000
1311	1312	633	0.3800	8033.0000
1312	1313	634	0.3800	8033.0000
1313	1314	635	0.3800	8033.0000
1314	1315	636	0.3800	8033.0000
1315	1316	637	0.3800	8033.0000
1316	1317	638	0.3800	8033.0000
1317	1318	639	0.3800	8033.0000
1318	1319	640	0.3800	8033.0000
1319	1320	641	0.3800	8033.0000
1320	1321	642	0.3800	8033.0000
1321	1322	643	0.3800	8033.0000
1322	1323	644	0.3800	8033.0000
1323	1324	645	0.3800	8033.0000
1324	1325	646	0.3800	8033.0000
1325	1326	647	0.3800	8033.0000
1326	1327	648	0.3800	8033.0000
1327	1328	649	0.3800	8033.0000
1328	1329	650	0.3800	8033.0000
1329	1330	651	0.3800	8033.0000
1330	1331	652	0.3800	8033.0000
1331	1332	653	0.3800	8033.0000
1332	1333	654	0.3800	8033.0000
1333	1334	655	0.3800	8033.0000
1334	1335	656	0.3800	8033.0000
1335	1336	657	0.3800	8033.0000
1336	1337	658	0.3800	8033.0000
1337	1338	659	0.3800	8033.0000
1338	1339	660	0.3800	8033.0000
1339	1340	661	0.3800	8033.0000
1340	1341	662	0.3800	8033.0000
1341	1342	663	0.3800	8033.0000
1342	1343	664	0.3800	8033.0000
1343	1344	665	0.3800	8033.0000
1344	1345	666	0.3800	8033.0000
1345	1346	667	0.3800	8033.0000
1346	1347	668	0.3800	8033.0000
1347	1348	669	0.3800	8033.0000
1348	1349	670	0.3800	8033.0000
1349	1350	671	0.3800	8033.0000
1350	1351	672	0.3800	8033.0000
1351	1352	673	0.3800	8033.0000
1352	1353	674	0.3800	8033.0000
1353	1354	675	0.3800	8033.0000
1354	1355	676	0.3800	8033.0000
1355	1356	677	0.3800	8033.0000
1356	1357	678	0.3800	8033.0000
