parp14 1 739 | parp14 1 1431 | 0.824 350.0
parp14 1 739 | parp14 1 1432 | 0.586 350.0
parp14 1 739 | parp14 1 1433 | 0.565 350.0
parp14 1 739 | parp14 1 1434 | 0.621 350.0
parp14 1 739 | parp14 1 1435 | 0.559 350.0
parp14 1 739 | parp14 1 1436 | 0.554 350.0
parp14 1 739 | parp14 1 1438 | 0.900 350.0
parp14 1 739 | parp14 1 1439 | 0.708 350.0
parp14 1 740 | parp14 1 1430 | 0.685 350.0
parp14 1 740 | parp14 1 1431 | 0.580 350.0
parp14 1 740 | parp14 1 1432 | 0.456 350.0
parp14 1 740 | parp14 1 1433 | 0.676 350.0
parp14 1 740 | parp14 1 1434 | 0.896 350.0
parp14 1 740 | parp14 1 1435 | 0.885 350.0
parp14 1 740 | parp14 1 1436 | 0.796 350.0
parp14 1 740 | parp14 1 1439 | 0.741 350.0
parp14 1 741 | parp14 1 1429 | 0.825 350.0
parp14 1 741 | parp14 1 1430 | 0.582 350.0
parp14 1 741 | parp14 1 1431 | 0.559 350.0
parp14 1 741 | parp14 1 1432 | 0.674 350.0
parp14 1 741 | parp14 1 1433 | 0.900 350.0
parp14 1 741 | parp14 1 1436 | 0.841 350.0
parp14 1 741 | parp14 1 1439 | 0.710 350.0
parp14 1 741 | parp14 1 1440 | 0.809 350.0
parp14 1 741 | parp14 1 1443 | 0.842 350.0
parp14 1 742 | parp14 1 1428 | 0.637 350.0
parp14 1 742 | parp14 1 1429 | 0.559 350.0
parp14 1 742 | parp14 1 1430 | 0.437 350.0
parp14 1 742 | parp14 1 1431 | 0.639 350.0
parp14 1 742 | parp14 1 1432 | 0.881 350.0
parp14 1 742 | parp14 1 1443 | 0.880 350.0
parp14 1 743 | parp14 1 1427 | 0.814 350.0
parp14 1 743 | parp14 1 1428 | 0.551 350.0
parp14 1 743 | parp14 1 1429 | 0.511 350.0
parp14 1 743 | parp14 1 1430 | 0.634 350.0
parp14 1 743 | parp14 1 1431 | 0.792 350.0
parp14 1 743 | parp14 1 1443 | 0.713 350.0
parp14 1 743 | parp14 1 1447 | 0.876 350.0
parp14 1 744 | parp14 1 1427 | 0.600 350.0
parp14 1 744 | parp14 1 1428 | 0.444 350.0
parp14 1 744 | parp14 1 1429 | 0.646 350.0
parp14 1 744 | parp14 1 1430 | 0.873 350.0
parp14 1 745 | parp14 1 1427 | 0.532 350.0
parp14 1 745 | parp14 1 1428 | 0.619 350.0
parp14 1 745 | parp14 1 1429 | 0.785 350.0
parp14 1 745 | parp14 1 1447 | 0.812 350.0
parp14 1 745 | parp14 1 1450 | 0.894 350.0
parp14 1 746 | parp14 1 1427 | 0.659 350.0
parp14 1 746 | parp14 1 1428 | 0.854 350.0
parp14 1 747 | parp14 1 1427 | 0.777 350.0
parp14 1 747 | parp14 1 1450 | 0.800 350.0
parp14 1 747 | parp14 1 1451 | 0.829 350.0
parp14 1 748 | parp14 1 1427 | 0.840 350.0
parp14 1 749 | parp14 1 1427 | 0.859 350.0
parp14 1 749 | parp14 1 1450 | 0.874 350.0
parp14 1 750 | parp14 1 1427 | 0.633 350.0
parp14 1 750 | parp14 1 1450 | 0.612 350.0
parp14 1 750 | parp14 1 1451 | 0.889 350.0
parp14 1 750 | parp14 1 1453 | 0.878 350.0
parp14 1 751 | parp14 1 1427 | 0.511 350.0
parp14 1 751 | parp14 1 1428 | 0.826 350.0
parp14 1 751 | parp14 1 1429 | 0.897 350.0
parp14 1 752 | parp14 1 1427 | 0.889 350.0
parp14 1 753 | parp14 1 1450 | 0.760 350.0
parp14 1 753 | parp14 1 1453 | 0.856 350.0
parp14 1 754 | parp14 1 1450 | 0.854 350.0
parp14 1 761 | parp14 1 1446 | 0.850 350.0
parp14 1 765 | parp14 1 1442 | 0.626 350.0
parp14 1 765 | parp14 1 1445 | 0.862 350.0
parp14 1 765 | parp14 1 1446 | 0.863 350.0
parp14 1 766 | parp14 1 1433 | 0.899 350.0
parp14 1 766 | parp14 1 1442 | 0.891 350.0
parp14 1 768 | parp14 1 1442 | 0.816 350.0
parp14 1 769 | parp14 1 1433 | 0.793 350.0
parp14 1 769 | parp14 1 1438 | 0.545 350.0
parp14 1 769 | parp14 1 1439 | 0.743 350.0
parp14 1 769 | parp14 1 1441 | 0.724 350.0
parp14 1 769 | parp14 1 1442 | 0.618 350.0
parp14 1 770 | parp14 1 1432 | 0.890 350.0
parp14 1 770 | parp14 1 1433 | 0.640 350.0
parp14 1 770 | parp14 1 1434 | 0.759 350.0
parp14 1 770 | parp14 1 1438 | 0.719 350.0
parp14 1 770 | parp14 1 1439 | 0.863 350.0
parp14 1 770 | parp14 1 1442 | 0.881 350.0
parp14 1 771 | parp14 1 1431 | 0.646 350.0
parp14 1 771 | parp14 1 1432 | 0.549 350.0
parp14 1 771 | parp14 1 1433 | 0.437 350.0
parp14 1 771 | parp14 1 1434 | 0.736 350.0
parp14 1 771 | parp14 1 1438 | 0.696 350.0
parp14 1 771 | parp14 1 1439 | 0.650 350.0
parp14 1 771 | parp14 1 1442 | 0.710 350.0
parp14 1 772 | parp14 1 1430 | 0.811 350.0
parp14 1 772 | parp14 1 1431 | 0.565 350.0
parp14 1 772 | parp14 1 1432 | 0.512 350.0
parp14 1 772 | parp14 1 1433 | 0.638 350.0
parp14 1 772 | parp14 1 1439 | 0.888 350.0
parp14 1 773 | parp14 1 1429 | 0.670 350.0
parp14 1 773 | parp14 1 1430 | 0.563 350.0
parp14 1 773 | parp14 1 1431 | 0.457 350.0
parp14 1 773 | parp14 1 1432 | 0.646 350.0
parp14 1 773 | parp14 1 1433 | 0.894 350.0
parp14 1 773 | parp14 1 1442 | 0.880 350.0
parp14 1 774 | parp14 1 1428 | 0.846 350.0
parp14 1 774 | parp14 1 1429 | 0.588 350.0
parp14 1 774 | parp14 1 1430 | 0.518 350.0
parp14 1 774 | parp14 1 1431 | 0.658 350.0
parp14 1 774 | parp14 1 1432 | 0.846 350.0
parp14 1 775 | parp14 1 1427 | 0.691 350.0
parp14 1 775 | parp14 1 1428 | 0.595 350.0
parp14 1 775 | parp14 1 1429 | 0.472 350.0
parp14 1 775 | parp14 1 1430 | 0.629 350.0
parp14 1 775 | parp14 1 1431 | 0.883 350.0
parp14 1 776 | parp14 1 1427 | 0.657 350.0
parp14 1 776 | parp14 1 1428 | 0.491 350.0
parp14 1 776 | parp14 1 1429 | 0.586 350.0
parp14 1 776 | parp14 1 1430 | 0.686 350.0
parp9 1 60 | parp9 1 519 | 0.805 350.0
parp9 1 60 | parp9 1 520 | 0.564 350.0
parp9 1 60 | parp9 1 521 | 0.547 350.0
parp9 1 60 | parp9 1 522 | 0.623 350.0
parp9 1 60 | parp9 1 523 | 0.723 350.0
parp9 1 60 | parp9 1 524 | 0.698 350.0
parp9 1 60 | parp9 1 527 | 0.767 350.0
parp9 1 61 | parp9 1 518 | 0.681 350.0
parp9 1 61 | parp9 1 519 | 0.557 350.0
parp9 1 61 | parp9 1 520 | 0.442 350.0
parp9 1 61 | parp9 1 521 | 0.667 350.0
parp9 1 61 | parp9 1 522 | 0.897 350.0
parp9 1 61 | parp9 1 527 | 0.840 350.0
parp9 1 62 | parp9 1 517 | 0.808 350.0
parp9 1 62 | parp9 1 518 | 0.583 350.0
parp9 1 62 | parp9 1 519 | 0.514 350.0
parp9 1 62 | parp9 1 520 | 0.650 350.0
parp9 1 62 | parp9 1 521 | 0.869 350.0
parp9 1 62 | parp9 1 527 | 0.787 350.0
parp9 1 62 | parp9 1 531 | 0.885 350.0
parp9 1 63 | parp9 1 516 | 0.612 350.0
parp9 1 63 | parp9 1 517 | 0.568 350.0
parp9 1 63 | parp9 1 518 | 0.458 350.0
parp9 1 63 | parp9 1 519 | 0.619 350.0
parp9 1 63 | parp9 1 520 | 0.882 350.0
parp9 1 64 | parp9 1 516 | 0.522 350.0
parp9 1 64 | parp9 1 517 | 0.500 350.0
parp9 1 64 | parp9 1 518 | 0.637 350.0
parp9 1 64 | parp9 1 519 | 0.743 350.0
parp9 1 64 | parp9 1 531 | 0.774 350.0
parp9 1 64 | parp9 1 534 | 0.890 350.0
parp9 1 65 | parp9 1 516 | 0.418 350.0
parp9 1 65 | parp9 1 517 | 0.647 350.0
parp9 1 65 | parp9 1 518 | 0.873 350.0
parp9 1 66 | parp9 1 516 | 0.517 350.0
parp9 1 66 | parp9 1 517 | 0.715 350.0
parp9 1 66 | parp9 1 538 | 0.836 350.0
parp9 1 67 | parp9 1 516 | 0.810 350.0
parp9 1 70 | parp9 1 538 | 0.703 350.0
parp9 1 71 | parp9 1 516 | 0.759 350.0
parp9 1 71 | parp9 1 517 | 0.863 350.0
parp9 1 85 | parp9 1 519 | 0.888 350.0
parp9 1 85 | parp9 1 530 | 0.663 350.0
parp9 1 85 | parp9 1 534 | 0.896 350.0
parp9 1 88 | parp9 1 530 | 0.817 350.0
parp9 1 89 | parp9 1 521 | 0.838 350.0
parp9 1 89 | parp9 1 526 | 0.542 350.0
parp9 1 89 | parp9 1 527 | 0.752 350.0
parp9 1 89 | parp9 1 529 | 0.714 350.0
parp9 1 89 | parp9 1 530 | 0.596 350.0
parp9 1 90 | parp9 1 520 | 0.895 350.0
parp9 1 90 | parp9 1 521 | 0.664 350.0
parp9 1 90 | parp9 1 522 | 0.787 350.0
parp9 1 90 | parp9 1 523 | 0.875 350.0
parp9 1 90 | parp9 1 526 | 0.680 350.0
parp9 1 90 | parp9 1 527 | 0.861 350.0
parp9 1 90 | parp9 1 530 | 0.875 350.0
parp9 1 91 | parp9 1 519 | 0.653 350.0
parp9 1 91 | parp9 1 520 | 0.555 350.0
parp9 1 91 | parp9 1 521 | 0.453 350.0
parp9 1 91 | parp9 1 522 | 0.748 350.0
parp9 1 91 | parp9 1 523 | 0.874 350.0
parp9 1 91 | parp9 1 526 | 0.684 350.0
parp9 1 91 | parp9 1 527 | 0.674 350.0
parp9 1 91 | parp9 1 530 | 0.723 350.0
parp9 1 92 | parp9 1 518 | 0.819 350.0
parp9 1 92 | parp9 1 519 | 0.590 350.0
parp9 1 92 | parp9 1 520 | 0.502 350.0
parp9 1 92 | parp9 1 521 | 0.628 350.0
parp9 1 93 | parp9 1 517 | 0.659 350.0
parp9 1 93 | parp9 1 518 | 0.555 350.0
parp9 1 93 | parp9 1 519 | 0.458 350.0
parp9 1 93 | parp9 1 520 | 0.618 350.0
parp9 1 93 | parp9 1 521 | 0.869 350.0
parp9 1 94 | parp9 1 516 | 0.856 350.0
parp9 1 94 | parp9 1 517 | 0.584 350.0
parp9 1 94 | parp9 1 518 | 0.511 350.0
parp9 1 94 | parp9 1 519 | 0.667 350.0
parp9 1 94 | parp9 1 520 | 0.848 350.0
parp9 1 95 | parp9 1 516 | 0.617 350.0
parp9 1 95 | parp9 1 517 | 0.474 350.0
parp9 1 95 | parp9 1 518 | 0.620 350.0
parp9 1 95 | parp9 1 519 | 0.880 350.0
parp9 1 96 | parp9 1 516 | 0.510 350.0
parp9 1 96 | parp9 1 517 | 0.583 350.0
parp9 1 96 | parp9 1 518 | 0.660 350.0
