i j d[nm] fc
1812 1814 0.5928 700.0000
1812 1831 0.8419 700.0000
1812 1856 0.7152 700.0000
1812 1857 0.4351 700.0000
1812 1858 0.7773 700.0000
1812 1859 0.7052 700.0000
1812 1865 0.6169 700.0000
1812 1868 0.8289 700.0000
1812 1869 0.8125 700.0000
1812 1887 0.6798 700.0000
1812 1888 0.6836 700.0000
1813 1815 0.8571 700.0000
1813 1850 0.8202 700.0000
1813 1854 0.6928 700.0000
1813 1855 0.7735 700.0000
1813 1856 0.6505 700.0000
1813 1857 0.6699 700.0000
1813 1887 0.7101 700.0000
1813 1888 0.4369 700.0000
1814 1816 0.6852 700.0000
1814 1827 0.7717 700.0000
1814 1831 0.8485 700.0000
1814 1844 0.8885 700.0000
1814 1853 0.7345 700.0000
1814 1854 0.5876 700.0000
1814 1855 0.5106 700.0000
1814 1856 0.8598 700.0000
1814 1857 0.6578 700.0000
1814 1885 0.6548 700.0000
1814 1886 0.7295 700.0000
1814 1887 0.5907 700.0000
1814 1888 0.6133 700.0000
1815 1817 0.8435 700.0000
1815 1850 0.8869 700.0000
1815 1851 0.6745 700.0000
1815 1852 0.7436 700.0000
1815 1853 0.5044 700.0000
1815 1854 0.5292 700.0000
1815 1855 0.7865 700.0000
1815 1885 0.8368 700.0000
1815 1886 0.5721 700.0000
1815 1887 0.8780 700.0000
1815 1888 0.7496 700.0000
1816 1818 0.6033 700.0000
1816 1819 0.7245 700.0000
1816 1823 0.7348 700.0000
1816 1827 0.8207 700.0000
1816 1852 0.8576 700.0000
1816 1853 0.4644 700.0000
1816 1854 0.6978 700.0000
1816 1855 0.6612 700.0000
1816 1876 0.8269 700.0000
1816 1883 0.6838 700.0000
1816 1884 0.6449 700.0000
1816 1885 0.6174 700.0000
1816 1886 0.6660 700.0000
1817 1819 0.8049 700.0000
1817 1853 0.8262 700.0000
1817 1878 0.8432 700.0000
1817 1883 0.5789 700.0000
1817 1884 0.6261 700.0000
1817 1886 0.8946 700.0000
1818 1820 0.7471 700.0000
1818 1823 0.6597 700.0000
1818 1853 0.7996 700.0000
1818 1876 0.8993 700.0000
1818 1878 0.6270 700.0000
1818 1879 0.8157 700.0000
1818 1883 0.6828 700.0000
1818 1884 0.8910 700.0000
1819 1821 0.7503 700.0000
1819 1823 0.6388 700.0000
1819 1852 0.6837 700.0000
1819 1853 0.5854 700.0000
1819 1855 0.8408 700.0000
1820 1822 0.7193 700.0000
1820 1823 0.4544 700.0000
1820 1824 0.6904 700.0000
1820 1825 0.8229 700.0000
1820 1846 0.8557 700.0000
1820 1853 0.7994 700.0000
1820 1855 0.8059 700.0000
1821 1823 0.6017 700.0000
1821 1824 0.5900 700.0000
1821 1825 0.5950 700.0000
1822 1825 0.6106 700.0000
1822 1826 0.6118 700.0000
1822 1878 0.7110 700.0000
1822 1879 0.7205 700.0000
1823 1825 0.6850 700.0000
1823 1826 0.5285 700.0000
1823 1827 0.5789 700.0000
1823 1853 0.8472 700.0000
1823 1855 0.7461 700.0000
1823 1876 0.7766 700.0000
1823 1878 0.7144 700.0000
1824 1826 0.8606 700.0000
1824 1827 0.6865 700.0000
1824 1828 0.5755 700.0000
1824 1843 0.8385 700.0000
1824 1844 0.4639 700.0000
1824 1845 0.6330 700.0000
1824 1846 0.6913 700.0000
1824 1855 0.7112 700.0000
1825 1827 0.8425 700.0000
1825 1828 0.7050 700.0000
1825 1829 0.8347 700.0000
1826 1828 0.8107 700.0000
1826 1829 0.6372 700.0000
1826 1830 0.8120 700.0000
1826 1876 0.6098 700.0000
1826 1877 0.7011 700.0000
1826 1878 0.6728 700.0000
1827 1829 0.6617 700.0000
1827 1830 0.6176 700.0000
1827 1831 0.5704 700.0000
1827 1832 0.8976 700.0000
1827 1844 0.6486 700.0000
1827 1855 0.6811 700.0000
1827 1857 0.8344 700.0000
1827 1876 0.6747 700.0000
1827 1885 0.7707 700.0000
1828 1830 0.8882 700.0000
1828 1831 0.7089 700.0000
1828 1832 0.5593 700.0000
1828 1842 0.5553 700.0000
1828 1843 0.6016 700.0000
1828 1844 0.4675 700.0000
1828 1845 0.8780 700.0000
1828 1857 0.8350 700.0000
1829 1831 0.6997 700.0000
1829 1832 0.4850 700.0000
1829 1833 0.6314 700.0000
1829 1836 0.8609 700.0000
1829 1842 0.8287 700.0000
1830 1832 0.7935 700.0000
1830 1833 0.5763 700.0000
1830 1834 0.8808 700.0000
1830 1836 0.4937 700.0000
1830 1837 0.4733 700.0000
1830 1838 0.8073 700.0000
1830 1839 0.8205 700.0000
1830 1868 0.8874 700.0000
1830 1874 0.6646 700.0000
1830 1875 0.7510 700.0000
1830 1876 0.6492 700.0000
1830 1885 0.7846 700.0000
1831 1833 0.6936 700.0000
1831 1836 0.8080 700.0000
1831 1837 0.5333 700.0000
1831 1838 0.7480 700.0000
1831 1839 0.6524 700.0000
1831 1840 0.6774 700.0000
1831 1842 0.6440 700.0000
1831 1844 0.8266 700.0000
1831 1857 0.6705 700.0000
1831 1859 0.7353 700.0000
1831 1864 0.8833 700.0000
1831 1868 0.6933 700.0000
1831 1874 0.7675 700.0000
1831 1885 0.8449 700.0000
1832 1834 0.8259 700.0000
1832 1837 0.8719 700.0000
1832 1839 0.7127 700.0000
1832 1840 0.4762 700.0000
1832 1841 0.6336 700.0000
1832 1842 0.4702 700.0000
1832 1843 0.8229 700.0000
1832 1859 0.8642 700.0000
1833 1835 0.5681 700.0000
1833 1836 0.4454 700.0000
1833 1837 0.5128 700.0000
1833 1838 0.6127 700.0000
1833 1839 0.5474 700.0000
1833 1840 0.6405 700.0000
1834 1836 0.5931 700.0000
1834 1837 0.5832 700.0000
1834 1838 0.4488 700.0000
1834 1839 0.4523 700.0000
1834 1840 0.6673 700.0000
1834 1864 0.8522 700.0000
1834 1867 0.7447 700.0000
1835 1837 0.7899 700.0000
1835 1838 0.7764 700.0000
1835 1839 0.8696 700.0000
1836 1838 0.6522 700.0000
1836 1839 0.7725 700.0000
1836 1871 0.8214 700.0000
1836 1874 0.8377 700.0000
1836 1875 0.8680 700.0000
1837 1839 0.4800 700.0000
1837 1840 0.7615 700.0000
1837 1864 0.8219 700.0000
1837 1867 0.7479 700.0000
1837 1868 0.5444 700.0000
1837 1871 0.6206 700.0000
1837 1874 0.6464 700.0000
1838 1840 0.6650 700.0000
1838 1863 0.8296 700.0000
1838 1864 0.5799 700.0000
1838 1867 0.4228 700.0000
1838 1868 0.5222 700.0000
1838 1870 0.8998 700.0000
1838 1871 0.6902 700.0000
1839 1841 0.8679 700.0000
1839 1842 0.8032 700.0000
1839 1859 0.7251 700.0000
1839 1861 0.8328 700.0000
1839 1863 0.7539 700.0000
1839 1864 0.4506 700.0000
1839 1865 0.8614 700.0000
1839 1867 0.5107 700.0000
1839 1868 0.6302 700.0000
1840 1842 0.5043 700.0000
1840 1859 0.5710 700.0000
1840 1860 0.7267 700.0000
1840 1861 0.6894 700.0000
1840 1863 0.8534 700.0000
1840 1864 0.5611 700.0000
1840 1867 0.8041 700.0000
1840 1868 0.8946 700.0000
1841 1843 0.7760 700.0000
1841 1859 0.7138 700.0000
1841 1860 0.4827 700.0000
1841 1861 0.6746 700.0000
1842 1844 0.6618 700.0000
1842 1857 0.6385 700.0000
1842 1858 0.6732 700.0000
1842 1859 0.5078 700.0000
1842 1860 0.6975 700.0000
1842 1864 0.8942 700.0000
1843 1845 0.6634 700.0000
1843 1856 0.7694 700.0000
1843 1857 0.5962 700.0000
1843 1858 0.4507 700.0000
1843 1859 0.7122 700.0000
1843 1860 0.8312 700.0000
1844 1846 0.7316 700.0000
1844 1855 0.6448 700.0000
1844 1856 0.7230 700.0000
1844 1857 0.5654 700.0000
1844 1858 0.7144 700.0000
1845 1847 0.6742 700.0000
1845 1854 0.8550 700.0000
1845 1855 0.5979 700.0000
1845 1856 0.4862 700.0000
1845 1857 0.6917 700.0000
1845 1858 0.7276 700.0000
1846 1848 0.6862 700.0000
1846 1850 0.8013 700.0000
1846 1853 0.8493 700.0000
1846 1854 0.7352 700.0000
1846 1855 0.5931 700.0000
1846 1856 0.7724 700.0000
1847 1849 0.5684 700.0000
1847 1850 0.4443 700.0000
1847 1851 0.8294 700.0000
1847 1854 0.7143 700.0000
1847 1855 0.8348 700.0000
1847 1856 0.6448 700.0000
1848 1850 0.8136 700.0000
1849 1851 0.8696 700.0000
1850 1852 0.7465 700.0000
1850 1853 0.7761 700.0000
1850 1854 0.4909 700.0000
1850 1855 0.8283 700.0000
1850 1856 0.8973 700.0000
1851 1853 0.5457 700.0000
1851 1854 0.4741 700.0000
1851 1855 0.8675 700.0000
1852 1854 0.6091 700.0000
1852 1855 0.8883 700.0000
1853 1855 0.4986 700.0000
1854 1888 0.8651 700.0000
1855 1857 0.7750 700.0000
1856 1858 0.5197 700.0000
1857 1859 0.5592 700.0000
1857 1865 0.8131 700.0000
1858 1860 0.7607 700.0000
1859 1861 0.6771 700.0000
1859 1863 0.8031 700.0000
1859 1864 0.5524 700.0000
1859 1865 0.5382 700.0000
1859 1868 0.8319 700.0000
1860 1864 0.8088 700.0000
1861 1863 0.5264 700.0000
1861 1864 0.5575 700.0000
1861 1865 0.8666 700.0000
1861 1867 0.8662 700.0000
1862 1864 0.7628 700.0000
1862 1865 0.6290 700.0000
1862 1866 0.5369 700.0000
1863 1865 0.6461 700.0000
1863 1866 0.4609 700.0000
1863 1867 0.4775 700.0000
1863 1868 0.8605 700.0000
1864 1866 0.5909 700.0000
1864 1867 0.4010 700.0000
1864 1868 0.6170 700.0000
1864 1869 0.8479 700.0000
1865 1867 0.7667 700.0000
1865 1868 0.6060 700.0000
1865 1869 0.5842 700.0000
1866 1868 0.7338 700.0000
1866 1869 0.6221 700.0000
1866 1870 0.7459 700.0000
1867 1869 0.8119 700.0000
1867 1870 0.7240 700.0000
1867 1871 0.8584 700.0000
1868 1870 0.7203 700.0000
1868 1871 0.5862 700.0000
1868 1872 0.6745 700.0000
1868 1874 0.6825 700.0000
1868 1887 0.8094 700.0000
1869 1871 0.7735 700.0000
1869 1872 0.6472 700.0000
1869 1874 0.8900 700.0000
1869 1887 0.7089 700.0000
1870 1872 0.7598 700.0000
1871 1873 0.5791 700.0000
1871 1874 0.5546 700.0000
1872 1874 0.4933 700.0000
1872 1885 0.8492 700.0000
1872 1887 0.6803 700.0000
1873 1875 0.7458 700.0000
1873 1885 0.8518 700.0000
1874 1876 0.8424 700.0000
1874 1884 0.7983 700.0000
1874 1885 0.4760 700.0000
1874 1886 0.8012 700.0000
1874 1887 0.6974 700.0000
1875 1877 0.7123 700.0000
1875 1882 0.6471 700.0000
1875 1883 0.6092 700.0000
1875 1884 0.6154 700.0000
1875 1885 0.6666 700.0000
1876 1878 0.5982 700.0000
1876 1882 0.6831 700.0000
1876 1883 0.4334 700.0000
1876 1884 0.6626 700.0000
1876 1885 0.6519 700.0000
1877 1879 0.7306 700.0000
1877 1880 0.6733 700.0000
1877 1881 0.7061 700.0000
1877 1882 0.5762 700.0000
1877 1883 0.6525 700.0000
1878 1880 0.7229 700.0000
1878 1881 0.5762 700.0000
1878 1882 0.6863 700.0000
1878 1883 0.5811 700.0000
1879 1881 0.5570 700.0000
1879 1882 0.8956 700.0000
1880 1882 0.8461 700.0000
1881 1883 0.7296 700.0000
1882 1884 0.6911 700.0000
1883 1885 0.6683 700.0000
1884 1886 0.5680 700.0000
1885 1887 0.6547 700.0000
1886 1888 0.7849 700.0000
1939 1941 0.6666 700.0000
1939 1975 0.7658 700.0000
1939 1976 0.5847 700.0000
1939 1977 0.4295 700.0000
1939 1978 0.6489 700.0000
1939 1979 0.6527 700.0000
1939 1981 0.8640 700.0000
1939 1982 0.6243 700.0000
1940 1942 0.6839 700.0000
1940 1966 0.8826 700.0000
1940 1974 0.6396 700.0000
1940 1975 0.5846 700.0000
1940 1976 0.5151 700.0000
1940 1977 0.6593 700.0000
1940 1982 0.8131 700.0000
1941 1943 0.6505 700.0000
1941 1973 0.8587 700.0000
1941 1974 0.5620 700.0000
1941 1975 0.4160 700.0000
1941 1976 0.6958 700.0000
1941 1977 0.8318 700.0000
1941 1982 0.6868 700.0000
1942 1944 0.8110 700.0000
1942 1972 0.6054 700.0000
1942 1973 0.7699 700.0000
1942 1974 0.5125 700.0000
1942 1975 0.6923 700.0000
1943 1945 0.5214 700.0000
1943 1946 0.8795 700.0000
1943 1947 0.8325 700.0000
1943 1948 0.7462 700.0000
1943 1953 0.7650 700.0000
1943 1971 0.7452 700.0000
1943 1972 0.6044 700.0000
1943 1973 0.4793 700.0000
1943 1974 0.7480 700.0000
1943 1975 0.6571 700.0000
1943 1985 0.8954 700.0000
1943 1989 0.8648 700.0000
1944 1946 0.4859 700.0000
1944 1947 0.4984 700.0000
1944 1948 0.6602 700.0000
1944 1971 0.5839 700.0000
1944 1972 0.6110 700.0000
1944 1973 0.7826 700.0000
1945 1947 0.6532 700.0000
1945 1948 0.6051 700.0000
1945 1949 0.8070 700.0000
1945 1950 0.8550 700.0000
1945 1953 0.5665 700.0000
1945 1968 0.8843 700.0000
1945 1971 0.4512 700.0000
1945 1972 0.6098 700.0000
1945 1973 0.5266 700.0000
1946 1948 0.7081 700.0000
1946 1971 0.5625 700.0000
1946 1972 0.8298 700.0000
1947 1949 0.8326 700.0000
1947 1989 0.8380 700.0000
1947 1993 0.6504 700.0000
1948 1952 0.5418 700.0000
1948 1953 0.6341 700.0000
1948 1989 0.5870 700.0000
1948 1992 0.7928 700.0000
1948 1993 0.7193 700.0000
1949 1951 0.5016 700.0000
1949 1952 0.3812 700.0000
1949 1953 0.5270 700.0000
1949 1954 0.8178 700.0000
1950 1952 0.7848 700.0000
1950 1953 0.5173 700.0000
1950 1954 0.7582 700.0000
1951 1953 0.7568 700.0000
1951 1954 0.6613 700.0000
1951 1955 0.8539 700.0000
1952 1954 0.7037 700.0000
1952 1955 0.7310 700.0000
1952 1956 0.8111 700.0000
1952 1988 0.7167 700.0000
1952 1989 0.6870 700.0000
1952 1992 0.6354 700.0000
1953 1956 0.7304 700.0000
1953 1965 0.8717 700.0000
1953 1973 0.6662 700.0000
1954 1956 0.5345 700.0000
1954 1957 0.5499 700.0000
1954 1958 0.6906 700.0000
1954 1965 0.8796 700.0000
1955 1957 0.6958 700.0000
1955 1958 0.4670 700.0000
1955 1959 0.5481 700.0000
1955 1960 0.8486 700.0000
1955 1988 0.6764 700.0000
1956 1958 0.6436 700.0000
1956 1959 0.5694 700.0000
1956 1960 0.5854 700.0000
1956 1961 0.8594 700.0000
1956 1963 0.7283 700.0000
1956 1965 0.7560 700.0000
1956 1975 0.8514 700.0000
1956 1985 0.5733 700.0000
1956 1988 0.7451 700.0000
1956 1989 0.8173 700.0000
1957 1959 0.6760 700.0000
1957 1960 0.5862 700.0000
1957 1961 0.5639 700.0000
1957 1962 0.8206 700.0000
1957 1963 0.6568 700.0000
1957 1965 0.7135 700.0000
1958 1960 0.6427 700.0000
1958 1961 0.6461 700.0000
1959 1961 0.7150 700.0000
1959 1963 0.8952 700.0000
1959 1981 0.7624 700.0000
1959 1984 0.6364 700.0000
1959 1985 0.6847 700.0000
1959 1988 0.7330 700.0000
1960 1962 0.5572 700.0000
1960 1963 0.5286 700.0000
1960 1978 0.8478 700.0000
1960 1981 0.4847 700.0000
1960 1982 0.8375 700.0000
1960 1984 0.6484 700.0000
1960 1985 0.6801 700.0000
1961 1963 0.5959 700.0000
1961 1981 0.8099 700.0000
1962 1964 0.7051 700.0000
1962 1976 0.8223 700.0000
1962 1977 0.6942 700.0000
1962 1978 0.7064 700.0000
1962 1981 0.6352 700.0000
1963 1965 0.6106 700.0000
1963 1975 0.6318 700.0000
1963 1976 0.5733 700.0000
1963 1977 0.5936 700.0000
1963 1978 0.7818 700.0000
1963 1981 0.6302 700.0000
1963 1982 0.8136 700.0000
1963 1985 0.8652 700.0000
1964 1966 0.7237 700.0000
1964 1975 0.7791 700.0000
1964 1976 0.4318 700.0000
1964 1977 0.6677 700.0000
1965 1967 0.7587 700.0000
1965 1973 0.6370 700.0000
1965 1974 0.7895 700.0000
1965 1975 0.5887 700.0000
1965 1976 0.7664 700.0000
1966 1968 0.7333 700.0000
1966 1973 0.7445 700.0000
1966 1974 0.4486 700.0000
1966 1975 0.7165 700.0000
1966 1976 0.7250 700.0000
1967 1969 0.7625 700.0000
1967 1972 0.8894 700.0000
1967 1973 0.6334 700.0000
1967 1974 0.8127 700.0000
1968 1970 0.6846 700.0000
1968 1971 0.6194 700.0000
1968 1972 0.5165 700.0000
1968 1973 0.5915 700.0000
1968 1974 0.6791 700.0000
1969 1971 0.7461 700.0000
1969 1972 0.6985 700.0000
1970 1972 0.6006 700.0000
1971 1973 0.6307 700.0000
1972 1974 0.6758 700.0000
1973 1975 0.6940 700.0000
1974 1976 0.7460 700.0000
1975 1977 0.6914 700.0000
1975 1982 0.6772 700.0000
1975 1985 0.8053 700.0000
1976 1978 0.8057 700.0000
1976 1981 0.8921 700.0000
1976 1982 0.8185 700.0000
1977 1979 0.7905 700.0000
1977 1981 0.6076 700.0000
1977 1982 0.6301 700.0000
1978 1980 0.5167 700.0000
1978 1981 0.4197 700.0000
1978 1982 0.6478 700.0000
1978 1983 0.8887 700.0000
1978 1984 0.8348 700.0000
1979 1981 0.7336 700.0000
1979 1982 0.5819 700.0000
1979 1983 0.5565 700.0000
1979 1984 0.8899 700.0000
1980 1982 0.7528 700.0000
1980 1983 0.5930 700.0000
1980 1984 0.5626 700.0000
1981 1983 0.7327 700.0000
1981 1984 0.4951 700.0000
1981 1985 0.6683 700.0000
1982 1984 0.7292 700.0000
1982 1985 0.5240 700.0000
1982 1986 0.7243 700.0000
1983 1985 0.7327 700.0000
1983 1986 0.6502 700.0000
1983 1987 0.6604 700.0000
1984 1987 0.7175 700.0000
1985 1987 0.7217 700.0000
1985 1988 0.6169 700.0000
1985 1989 0.6012 700.0000
1985 1990 0.8952 700.0000
1986 1988 0.8075 700.0000
1986 1989 0.6011 700.0000
1986 1990 0.5507 700.0000
1986 1991 0.8685 700.0000
1987 1989 0.7484 700.0000
1987 1990 0.6152 700.0000
1987 1991 0.5555 700.0000
1988 1990 0.6718 700.0000
1988 1991 0.5646 700.0000
1988 1992 0.5562 700.0000
1989 1991 0.6900 700.0000
1989 1992 0.5997 700.0000
1989 1993 0.7379 700.0000
1990 1992 0.6646 700.0000
1990 1993 0.5957 700.0000
1990 1994 0.6142 700.0000
1991 1993 0.8629 700.0000
1991 1994 0.6551 700.0000
1991 1995 0.6942 700.0000
1992 1994 0.6996 700.0000
1992 1995 0.4807 700.0000
1992 1996 0.6904 700.0000
1993 1995 0.7790 700.0000
1993 1996 0.5422 700.0000
1993 1997 0.5825 700.0000
1994 1996 0.6297 700.0000
1994 1997 0.6281 700.0000
1994 1998 0.6336 700.0000
1995 1997 0.8331 700.0000
1995 1998 0.5992 700.0000
1995 1999 0.6486 700.0000
1996 1998 0.6246 700.0000
1996 1999 0.5321 700.0000
1996 2000 0.6222 700.0000
1997 1999 0.7628 700.0000
1997 2000 0.5525 700.0000
1997 2001 0.7416 700.0000
1998 2000 0.8059 700.0000
1998 2001 0.6924 700.0000
1998 2002 0.8698 700.0000
1999 2001 0.8227 700.0000
1999 2002 0.7916 700.0000
2000 2002 0.8384 700.0000
2034 2036 0.4422 700.0000
2034 2037 0.8090 700.0000
2034 2079 0.8571 700.0000
2034 2092 0.8714 700.0000
2035 2037 0.7949 700.0000
2035 2079 0.5914 700.0000
2035 2080 0.5733 700.0000
2035 2081 0.7498 700.0000
2035 2088 0.6881 700.0000
2035 2089 0.8561 700.0000
2035 2092 0.6722 700.0000
2036 2038 0.6050 700.0000
2036 2077 0.6153 700.0000
2036 2078 0.7195 700.0000
2036 2079 0.6378 700.0000
2036 2080 0.8284 700.0000
2037 2039 0.7075 700.0000
2037 2076 0.8921 700.0000
2037 2077 0.7398 700.0000
2037 2078 0.5170 700.0000
2037 2079 0.8064 700.0000
2037 2080 0.6767 700.0000
2037 2092 0.5772 700.0000
2037 2095 0.6885 700.0000
2037 2096 0.7620 700.0000
2038 2040 0.7782 700.0000
2038 2071 0.6950 700.0000
2038 2072 0.8564 700.0000
2038 2075 0.5680 700.0000
2038 2076 0.6207 700.0000
2038 2077 0.5136 700.0000
2038 2078 0.7448 700.0000
2039 2041 0.6980 700.0000
2039 2042 0.8311 700.0000
2039 2043 0.7623 700.0000
2039 2044 0.6283 700.0000
2039 2075 0.5359 700.0000
2039 2076 0.4454 700.0000
2039 2077 0.6792 700.0000
2039 2078 0.6882 700.0000
2039 2099 0.7408 700.0000
2040 2042 0.5363 700.0000
2040 2043 0.4925 700.0000
2040 2044 0.7088 700.0000
2040 2045 0.8715 700.0000
2040 2074 0.6838 700.0000
2040 2075 0.5029 700.0000
2040 2076 0.6376 700.0000
2040 2099 0.8494 700.0000
2041 2043 0.7409 700.0000
2041 2044 0.5934 700.0000
2041 2045 0.5075 700.0000
2041 2070 0.7812 700.0000
2041 2072 0.8460 700.0000
2041 2073 0.8189 700.0000
2041 2074 0.5474 700.0000
2041 2075 0.6240 700.0000
2041 2076 0.5879 700.0000
2042 2044 0.7168 700.0000
2042 2045 0.4993 700.0000
2042 2046 0.8028 700.0000
2042 2074 0.7029 700.0000
2042 2075 0.8579 700.0000
2043 2045 0.7965 700.0000
2043 2046 0.7107 700.0000
2043 2099 0.7555 700.0000
2043 2103 0.5550 700.0000
2044 2046 0.8670 700.0000
2044 2047 0.5837 700.0000
2044 2048 0.5245 700.0000
2044 2068 0.8063 700.0000
2044 2076 0.6187 700.0000
2044 2078 0.8009 700.0000
2044 2099 0.7333 700.0000
2045 2047 0.8469 700.0000
2045 2048 0.6325 700.0000
2045 2049 0.8221 700.0000
2046 2048 0.8374 700.0000
2046 2049 0.5844 700.0000
2046 2050 0.5350 700.0000
2046 2051 0.8077 700.0000
2046 2102 0.7046 700.0000
2046 2103 0.7197 700.0000
2047 2049 0.8709 700.0000
2047 2050 0.6270 700.0000
2047 2051 0.4587 700.0000
2047 2052 0.7449 700.0000
2047 2054 0.7251 700.0000
2047 2055 0.7860 700.0000
2047 2095 0.7661 700.0000
2047 2098 0.7204 700.0000
2047 2099 0.5460 700.0000
2047 2102 0.6117 700.0000
2047 2103 0.7742 700.0000
2048 2050 0.7989 700.0000
2048 2051 0.6732 700.0000
2048 2052 0.5746 700.0000
2048 2053 0.8785 700.0000
2048 2055 0.7472 700.0000
2049 2051 0.7825 700.0000
2049 2052 0.7848 700.0000
2050 2052 0.6836 700.0000
2050 2102 0.7083 700.0000
2051 2053 0.6635 700.0000
2051 2054 0.5503 700.0000
2051 2055 0.8191 700.0000
2051 2098 0.7629 700.0000
2051 2102 0.7220 700.0000
2052 2054 0.7057 700.0000
2052 2055 0.7626 700.0000
2052 2056 0.7986 700.0000
2053 2055 0.6994 700.0000
2053 2056 0.5518 700.0000
2053 2057 0.6720 700.0000
2054 2056 0.7077 700.0000
2054 2057 0.4874 700.0000
2054 2058 0.5936 700.0000
2054 2094 0.8022 700.0000
2054 2095 0.7934 700.0000
2054 2098 0.6371 700.0000
2055 2057 0.6024 700.0000
2055 2058 0.5568 700.0000
2055 2059 0.5918 700.0000
2055 2066 0.6252 700.0000
2055 2095 0.7352 700.0000
2056 2058 0.6771 700.0000
2056 2059 0.5087 700.0000
2056 2060 0.6080 700.0000
2056 2066 0.8302 700.0000
2057 2059 0.6160 700.0000
2057 2060 0.5377 700.0000
2057 2061 0.6398 700.0000
2057 2062 0.8018 700.0000
2058 2060 0.7095 700.0000
2058 2061 0.6027 700.0000
2058 2062 0.5541 700.0000
2058 2063 0.8288 700.0000
2058 2064 0.6885 700.0000
2058 2066 0.7820 700.0000
2058 2090 0.8342 700.0000
2058 2091 0.5756 700.0000
2058 2094 0.6309 700.0000
2058 2095 0.7390 700.0000
2059 2062 0.7804 700.0000
2059 2063 0.6483 700.0000
2059 2064 0.4665 700.0000
2059 2065 0.5368 700.0000
2059 2066 0.5492 700.0000
2059 2080 0.8725 700.0000
2059 2081 0.8989 700.0000
2059 2091 0.8738 700.0000
2060 2062 0.8350 700.0000
2060 2063 0.7489 700.0000
2060 2064 0.8098 700.0000
2061 2063 0.8618 700.0000
2061 2090 0.8197 700.0000
2061 2091 0.8096 700.0000
2061 2094 0.8196 700.0000
2062 2064 0.6205 700.0000
2062 2086 0.7099 700.0000
2062 2087 0.5288 700.0000
2062 2088 0.7718 700.0000
2062 2090 0.5452 700.0000
2062 2091 0.5085 700.0000
2062 2094 0.7703 700.0000
2063 2065 0.6600 700.0000
2063 2081 0.8159 700.0000
2063 2082 0.6263 700.0000
2063 2083 0.6024 700.0000
2063 2085 0.6233 700.0000
2063 2086 0.4905 700.0000
2063 2087 0.7282 700.0000
2063 2088 0.7796 700.0000
2063 2091 0.8605 700.0000
2064 2066 0.6474 700.0000
2064 2080 0.6753 700.0000
2064 2081 0.5856 700.0000
2064 2082 0.5980 700.0000
2064 2083 0.7245 700.0000
2064 2085 0.8846 700.0000
2064 2086 0.6515 700.0000
2064 2087 0.7920 700.0000
2064 2088 0.6597 700.0000
2064 2091 0.7047 700.0000
2065 2067 0.6705 700.0000
2065 2079 0.8226 700.0000
2065 2080 0.7303 700.0000
2065 2081 0.4440 700.0000
2065 2082 0.6764 700.0000
2065 2083 0.7643 700.0000
2066 2068 0.6483 700.0000
2066 2078 0.6170 700.0000
2066 2079 0.6463 700.0000
2066 2080 0.5199 700.0000
2066 2081 0.6877 700.0000
2066 2091 0.8989 700.0000
2066 2095 0.8747 700.0000
2067 2069 0.6135 700.0000
2067 2077 0.8587 700.0000
2067 2078 0.7445 700.0000
2067 2079 0.4862 700.0000
2067 2080 0.7747 700.0000
2067 2081 0.6776 700.0000
2068 2070 0.7834 700.0000
2068 2076 0.6817 700.0000
2068 2077 0.6731 700.0000
2068 2078 0.5781 700.0000
2068 2079 0.7869 700.0000
2069 2071 0.6865 700.0000
2069 2076 0.7118 700.0000
2069 2077 0.5003 700.0000
2069 2078 0.7449 700.0000
2069 2079 0.7347 700.0000
2070 2072 0.6106 700.0000
2070 2073 0.7115 700.0000
2070 2074 0.8730 700.0000
2070 2075 0.7852 700.0000
2070 2076 0.6097 700.0000
2070 2077 0.7471 700.0000
2071 2073 0.7123 700.0000
2071 2074 0.8638 700.0000
2071 2075 0.5598 700.0000
2071 2076 0.6161 700.0000
2071 2077 0.5495 700.0000
2072 2074 0.5633 700.0000
2072 2075 0.4637 700.0000
2072 2076 0.7233 700.0000
2072 2077 0.8372 700.0000
2073 2075 0.6790 700.0000
2074 2076 0.8321 700.0000
2075 2077 0.7130 700.0000
2076 2078 0.6080 700.0000
2077 2079 0.6961 700.0000
2078 2080 0.6002 700.0000
2078 2092 0.8959 700.0000
2078 2095 0.7495 700.0000
2079 2081 0.5873 700.0000
2080 2082 0.8640 700.0000
2080 2088 0.6051 700.0000
2080 2089 0.8941 700.0000
2080 2091 0.6652 700.0000
2080 2092 0.5705 700.0000
2080 2095 0.8204 700.0000
2081 2083 0.7365 700.0000
2081 2086 0.8846 700.0000
2081 2088 0.7110 700.0000
2082 2084 0.7465 700.0000
2082 2085 0.6693 700.0000
2082 2086 0.5112 700.0000
2082 2087 0.8589 700.0000
2082 2088 0.6199 700.0000
2083 2085 0.5269 700.0000
2083 2086 0.5995 700.0000
2084 2086 0.8754 700.0000
2085 2087 0.7841 700.0000
2086 2088 0.5761 700.0000
2086 2090 0.8877 700.0000
2087 2089 0.6286 700.0000
2087 2090 0.4624 700.0000
2087 2091 0.6194 700.0000
2087 2093 0.8977 700.0000
2088 2090 0.6441 700.0000
2088 2091 0.5845 700.0000
2088 2092 0.6174 700.0000
2089 2091 0.6442 700.0000
2089 2092 0.4750 700.0000
2089 2093 0.5644 700.0000
2090 2092 0.6658 700.0000
2090 2093 0.4670 700.0000
2090 2094 0.5924 700.0000
2091 2093 0.5997 700.0000
2091 2094 0.4988 700.0000
2091 2095 0.6932 700.0000
2091 2096 0.8385 700.0000
2092 2094 0.8112 700.0000
2092 2095 0.7471 700.0000
2092 2096 0.7629 700.0000
2093 2095 0.8512 700.0000
2093 2096 0.6576 700.0000
2093 2097 0.7269 700.0000
2094 2096 0.5701 700.0000
2094 2097 0.5496 700.0000
2094 2098 0.6297 700.0000
2095 2097 0.6876 700.0000
2095 2098 0.6731 700.0000
2095 2099 0.5623 700.0000
2096 2098 0.6583 700.0000
2096 2099 0.5685 700.0000
2096 2100 0.5819 700.0000
2096 2101 0.8938 700.0000
2097 2099 0.7251 700.0000
2097 2100 0.5448 700.0000
2097 2101 0.6131 700.0000
2097 2102 0.8474 700.0000
2098 2100 0.7716 700.0000
2098 2101 0.5083 700.0000
2098 2102 0.5729 700.0000
2099 2101 0.8116 700.0000
2099 2102 0.6252 700.0000
2099 2103 0.5165 700.0000
2100 2102 0.7453 700.0000
2100 2103 0.5920 700.0000
2101 2103 0.7431 700.0000
2106 2108 0.7933 700.0000
2106 2145 0.6053 700.0000
2106 2146 0.4476 700.0000
2106 2147 0.6397 700.0000
2106 2148 0.8947 700.0000
2107 2109 0.6427 700.0000
2107 2145 0.7467 700.0000
2107 2146 0.5371 700.0000
2107 2147 0.6413 700.0000
2107 2148 0.5273 700.0000
2107 2151 0.7145 700.0000
2108 2110 0.6507 700.0000
2108 2143 0.6356 700.0000
2108 2144 0.6506 700.0000
2108 2145 0.5511 700.0000
2108 2146 0.7556 700.0000
2109 2111 0.7515 700.0000
2109 2143 0.7556 700.0000
2109 2144 0.5301 700.0000
2109 2145 0.8028 700.0000
2109 2146 0.8017 700.0000
2109 2148 0.7547 700.0000
2109 2151 0.5591 700.0000
2109 2152 0.8454 700.0000
2109 2155 0.7163 700.0000
2110 2112 0.6862 700.0000
2110 2141 0.5809 700.0000
2110 2142 0.6475 700.0000
2110 2143 0.5180 700.0000
2110 2144 0.6153 700.0000
2111 2113 0.5915 700.0000
2111 2119 0.8830 700.0000
2111 2140 0.7697 700.0000
2111 2141 0.5763 700.0000
2111 2142 0.4439 700.0000
2111 2143 0.7050 700.0000
2111 2144 0.6858 700.0000
2111 2155 0.6849 700.0000
2111 2158 0.7669 700.0000
2112 2114 0.7412 700.0000
2112 2139 0.8748 700.0000
2112 2140 0.6054 700.0000
2112 2141 0.5123 700.0000
2112 2142 0.6732 700.0000
2113 2115 0.6640 700.0000
2113 2116 0.7600 700.0000
2113 2118 0.5643 700.0000
2113 2119 0.5856 700.0000
2113 2122 0.7883 700.0000
2113 2139 0.7983 700.0000
2113 2140 0.4600 700.0000
2113 2141 0.6781 700.0000
2113 2142 0.6500 700.0000
2113 2158 0.8510 700.0000
2113 2162 0.8216 700.0000
2114 2116 0.7523 700.0000
2114 2118 0.6159 700.0000
2114 2119 0.8371 700.0000
2114 2139 0.8552 700.0000
2114 2140 0.6366 700.0000
2115 2117 0.4786 700.0000
2115 2118 0.5155 700.0000
2115 2119 0.6674 700.0000
2115 2120 0.8456 700.0000
2115 2139 0.7566 700.0000
2115 2140 0.6248 700.0000
2116 2118 0.6700 700.0000
2116 2119 0.5048 700.0000
2116 2120 0.5485 700.0000
2116 2137 0.6111 700.0000
2116 2139 0.5492 700.0000
2116 2140 0.5076 700.0000
2117 2119 0.7154 700.0000
2117 2120 0.6637 700.0000
2117 2121 0.8094 700.0000
2118 2120 0.7501 700.0000
2118 2121 0.6054 700.0000
2118 2122 0.5682 700.0000
2118 2140 0.7801 700.0000
2118 2162 0.7956 700.0000
2119 2121 0.6397 700.0000
2119 2122 0.5330 700.0000
2119 2123 0.6213 700.0000
2119 2124 0.8305 700.0000
2119 2137 0.5921 700.0000
2119 2139 0.8115 700.0000
2119 2140 0.5692 700.0000
2119 2141 0.8628 700.0000
2119 2142 0.6036 700.0000
2120 2122 0.7553 700.0000
2120 2123 0.5157 700.0000
2120 2124 0.6158 700.0000
2120 2137 0.5699 700.0000
2120 2140 0.8227 700.0000
2120 2142 0.8548 700.0000
2121 2123 0.8115 700.0000
2121 2124 0.5844 700.0000
2121 2125 0.6070 700.0000
2122 2124 0.7729 700.0000
2122 2125 0.5685 700.0000
2122 2126 0.6425 700.0000
2122 2142 0.8029 700.0000
2122 2154 0.8934 700.0000
2122 2157 0.8354 700.0000
2122 2158 0.5799 700.0000
2122 2161 0.7494 700.0000
2122 2162 0.8338 700.0000
2123 2125 0.8312 700.0000
2123 2126 0.6601 700.0000
2123 2127 0.5542 700.0000
2123 2134 0.8990 700.0000
2123 2135 0.4845 700.0000
2123 2136 0.7862 700.0000
2123 2137 0.6740 700.0000
2123 2142 0.7127 700.0000
2124 2126 0.7636 700.0000
2124 2127 0.6534 700.0000
2124 2128 0.8325 700.0000
2125 2127 0.7666 700.0000
2125 2128 0.7014 700.0000
2125 2129 0.6035 700.0000
2125 2130 0.8879 700.0000
2125 2157 0.7539 700.0000
2126 2128 0.7586 700.0000
2126 2129 0.5209 700.0000
2126 2130 0.5095 700.0000
2126 2133 0.7158 700.0000
2126 2135 0.6905 700.0000
2126 2153 0.8722 700.0000
2126 2154 0.6184 700.0000
2126 2157 0.7071 700.0000
2126 2158 0.8061 700.0000
2127 2129 0.7212 700.0000
2127 2130 0.6709 700.0000
2127 2131 0.6892 700.0000
2127 2133 0.6696 700.0000
2127 2134 0.8014 700.0000
2127 2135 0.5765 700.0000
2128 2130 0.7973 700.0000
2128 2131 0.7915 700.0000
2129 2131 0.8076 700.0000
2129 2154 0.8441 700.0000
2129 2157 0.7256 700.0000
2130 2132 0.7446 700.0000
2130 2133 0.5371 700.0000
2130 2135 0.8878 700.0000
2130 2150 0.5720 700.0000
2130 2151 0.8609 700.0000
2130 2153 0.6945 700.0000
2130 2154 0.6417 700.0000
2130 2157 0.8205 700.0000
2131 2133 0.6630 700.0000
2131 2150 0.8944 700.0000
2132 2146 0.7956 700.0000
2132 2147 0.7477 700.0000
2132 2150 0.6824 700.0000
2133 2135 0.5519 700.0000
2133 2144 0.6247 700.0000
2133 2145 0.6109 700.0000
2133 2146 0.6055 700.0000
2133 2147 0.7574 700.0000
2133 2150 0.5918 700.0000
2133 2151 0.7107 700.0000
2133 2154 0.8149 700.0000
2134 2136 0.5918 700.0000
2134 2143 0.7330 700.0000
2134 2144 0.6848 700.0000
2134 2145 0.4562 700.0000
2134 2146 0.7496 700.0000
2135 2137 0.8268 700.0000
2135 2142 0.6453 700.0000
2135 2143 0.6142 700.0000
2135 2144 0.5766 700.0000
2135 2145 0.7464 700.0000
2136 2138 0.7619 700.0000
2136 2141 0.8791 700.0000
2136 2142 0.7214 700.0000
2136 2143 0.4591 700.0000
2136 2144 0.7684 700.0000
2136 2145 0.7939 700.0000
2137 2139 0.5684 700.0000
2137 2140 0.5714 700.0000
2137 2141 0.6826 700.0000
2137 2142 0.6141 700.0000
2137 2143 0.7870 700.0000
2138 2140 0.6845 700.0000
2138 2141 0.5801 700.0000
2138 2142 0.8557 700.0000
2138 2143 0.8209 700.0000
2139 2141 0.5762 700.0000
2139 2142 0.8576 700.0000
2140 2142 0.6174 700.0000
2141 2143 0.6252 700.0000
2142 2144 0.6040 700.0000
2143 2145 0.6910 700.0000
2144 2146 0.6966 700.0000
2144 2150 0.8896 700.0000
2144 2151 0.5562 700.0000
2144 2154 0.7765 700.0000
2144 2155 0.7652 700.0000
2145 2147 0.7916 700.0000
2145 2151 0.7969 700.0000
2146 2148 0.6969 700.0000
2146 2149 0.8463 700.0000
2146 2150 0.6200 700.0000
2146 2151 0.5915 700.0000
2147 2149 0.5113 700.0000
2147 2150 0.4301 700.0000
2147 2151 0.5986 700.0000
2147 2152 0.8265 700.0000
2148 2150 0.7037 700.0000
2148 2151 0.5113 700.0000
2148 2152 0.5664 700.0000
2148 2153 0.8963 700.0000
2149 2151 0.6695 700.0000
2149 2152 0.5712 700.0000
2149 2153 0.7139 700.0000
2150 2152 0.6491 700.0000
2150 2153 0.6008 700.0000
2150 2154 0.7051 700.0000
2151 2153 0.6216 700.0000
2151 2154 0.5809 700.0000
2151 2155 0.5722 700.0000
2152 2154 0.5624 700.0000
2152 2155 0.5071 700.0000
2152 2156 0.6509 700.0000
2153 2155 0.6160 700.0000
2153 2156 0.4884 700.0000
2153 2157 0.5908 700.0000
2153 2158 0.8361 700.0000
2154 2156 0.6113 700.0000
2154 2157 0.5203 700.0000
2154 2158 0.5741 700.0000
2154 2159 0.8272 700.0000
2155 2157 0.8375 700.0000
2155 2158 0.5923 700.0000
2155 2159 0.7262 700.0000
2156 2158 0.7192 700.0000
2156 2159 0.5654 700.0000
2156 2160 0.5247 700.0000
2157 2159 0.6896 700.0000
2157 2160 0.5184 700.0000
2157 2161 0.7235 700.0000
2158 2160 0.6851 700.0000
2158 2161 0.5789 700.0000
2158 2162 0.5950 700.0000
2159 2161 0.5455 700.0000
2159 2162 0.5480 700.0000
2159 2163 0.6475 700.0000
2160 2162 0.8151 700.0000
2160 2163 0.6456 700.0000
2161 2163 0.5410 700.0000
2179 2181 0.6407 700.0000
2179 2217 0.7805 700.0000
2179 2218 0.6310 700.0000
2179 2219 0.4129 700.0000
2179 2220 0.7485 700.0000
2179 2221 0.7784 700.0000
2179 2235 0.6033 700.0000
2179 2238 0.6931 700.0000
2179 2239 0.7758 700.0000
2180 2182 0.8793 700.0000
2180 2213 0.7894 700.0000
2180 2216 0.5049 700.0000
2180 2217 0.6621 700.0000
2180 2218 0.5446 700.0000
2180 2219 0.7524 700.0000
2181 2183 0.6147 700.0000
2181 2184 0.8430 700.0000
2181 2185 0.7351 700.0000
2181 2186 0.6588 700.0000
2181 2216 0.5725 700.0000
2181 2217 0.4337 700.0000
2181 2218 0.6659 700.0000
2181 2219 0.7233 700.0000
2181 2242 0.7556 700.0000
2182 2184 0.4673 700.0000
2182 2185 0.5399 700.0000
2182 2186 0.7706 700.0000
2182 2187 0.8313 700.0000
2182 2214 0.8989 700.0000
2182 2215 0.6447 700.0000
2182 2216 0.6210 700.0000
2182 2217 0.6627 700.0000
2183 2185 0.7097 700.0000
2183 2186 0.6044 700.0000
2183 2187 0.5484 700.0000
2183 2212 0.6487 700.0000
2183 2214 0.6980 700.0000
2183 2215 0.6358 700.0000
2183 2216 0.6470 700.0000
2183 2217 0.4892 700.0000
2183 2218 0.8933 700.0000
2184 2186 0.7146 700.0000
2184 2187 0.4864 700.0000
2184 2188 0.6155 700.0000
2184 2189 0.8798 700.0000
2184 2215 0.8191 700.0000
2184 2217 0.8555 700.0000
2185 2187 0.7627 700.0000
2185 2188 0.5450 700.0000
2185 2189 0.6063 700.0000
2185 2242 0.6957 700.0000
2185 2245 0.8705 700.0000
2185 2246 0.6608 700.0000
2186 2188 0.7407 700.0000
2186 2189 0.5697 700.0000
2186 2190 0.4835 700.0000
2186 2191 0.8704 700.0000
2186 2193 0.6139 700.0000
2186 2194 0.8205 700.0000
2186 2210 0.8211 700.0000
2186 2212 0.8879 700.0000
2186 2217 0.5799 700.0000
2186 2219 0.8409 700.0000
2186 2242 0.7508 700.0000
2187 2189 0.7570 700.0000
2187 2190 0.5497 700.0000
2187 2212 0.8704 700.0000
2187 2217 0.8451 700.0000
2188 2190 0.7513 700.0000
2188 2191 0.8815 700.0000
2188 2246 0.8633 700.0000
2189 2191 0.6551 700.0000
2189 2192 0.5801 700.0000
2189 2193 0.5502 700.0000
2189 2241 0.8682 700.0000
2189 2242 0.6545 700.0000
2189 2245 0.5687 700.0000
2189 2246 0.6646 700.0000
2189 2248 0.8603 700.0000
2190 2192 0.8057 700.0000
2190 2193 0.6219 700.0000
2190 2194 0.5810 700.0000
2191 2193 0.6329 700.0000
2191 2194 0.5802 700.0000
2191 2195 0.7193 700.0000
2192 2194 0.7669 700.0000
2192 2195 0.6285 700.0000
2192 2196 0.6995 700.0000
2192 2241 0.8017 700.0000
2192 2244 0.8703 700.0000
2192 2245 0.6520 700.0000
2192 2248 0.8153 700.0000
2193 2195 0.7213 700.0000
2193 2196 0.5894 700.0000
2193 2197 0.6174 700.0000
2193 2238 0.6474 700.0000
2193 2241 0.6480 700.0000
2193 2242 0.6725 700.0000
2193 2245 0.7804 700.0000
2194 2196 0.7424 700.0000
2194 2197 0.5287 700.0000
2194 2198 0.7075 700.0000
2194 2210 0.8889 700.0000
2195 2197 0.7222 700.0000
2195 2198 0.6236 700.0000
2195 2199 0.5859 700.0000
2196 2198 0.6743 700.0000
2196 2199 0.4814 700.0000
2196 2200 0.6365 700.0000
2196 2237 0.7738 700.0000
2196 2238 0.7503 700.0000
2196 2241 0.6126 700.0000
2197 2199 0.6952 700.0000
2197 2200 0.5224 700.0000
2197 2201 0.5775 700.0000
2197 2206 0.8950 700.0000
2197 2208 0.6482 700.0000
2197 2219 0.8740 700.0000
2197 2221 0.7729 700.0000
2197 2234 0.8610 700.0000
2197 2238 0.6707 700.0000
2198 2200 0.5986 700.0000
2198 2201 0.4657 700.0000
2198 2202 0.5188 700.0000
2198 2203 0.8848 700.0000
2198 2208 0.8540 700.0000
2199 2201 0.7651 700.0000
2199 2202 0.5812 700.0000
2199 2203 0.6128 700.0000
2200 2202 0.6839 700.0000
2200 2203 0.5203 700.0000
2200 2204 0.5420 700.0000
2200 2206 0.6725 700.0000
2200 2208 0.8766 700.0000
2200 2221 0.7575 700.0000
2200 2234 0.5485 700.0000
2200 2236 0.8960 700.0000
2200 2237 0.6194 700.0000
2200 2238 0.7726 700.0000
2201 2203 0.8450 700.0000
2201 2204 0.7968 700.0000
2201 2205 0.7186 700.0000
2201 2206 0.4544 700.0000
2201 2207 0.5601 700.0000
2201 2208 0.5830 700.0000
2201 2221 0.7713 700.0000
2201 2224 0.8333 700.0000
2201 2234 0.8871 700.0000
2202 2204 0.8406 700.0000
2202 2205 0.7679 700.0000
2202 2206 0.8155 700.0000
2203 2234 0.8276 700.0000
2203 2237 0.7979 700.0000
2204 2206 0.6402 700.0000
2204 2230 0.5161 700.0000
2204 2231 0.7590 700.0000
2204 2232 0.8683 700.0000
2204 2233 0.5864 700.0000
2204 2234 0.5619 700.0000
2204 2237 0.7744 700.0000
2205 2207 0.7414 700.0000
2205 2223 0.6696 700.0000
2205 2224 0.4414 700.0000
2205 2225 0.7140 700.0000
2205 2228 0.8587 700.0000
2205 2230 0.7774 700.0000
2206 2208 0.6769 700.0000
2206 2221 0.6203 700.0000
2206 2222 0.6856 700.0000
2206 2223 0.5650 700.0000
2206 2224 0.5466 700.0000
2206 2229 0.8737 700.0000
2206 2230 0.7248 700.0000
2206 2231 0.7249 700.0000
2206 2234 0.7482 700.0000
2207 2209 0.6726 700.0000
2207 2220 0.7947 700.0000
2207 2221 0.6864 700.0000
2207 2222 0.5003 700.0000
2207 2223 0.6439 700.0000
2207 2224 0.5334 700.0000
2208 2210 0.6493 700.0000
2208 2219 0.7623 700.0000
2208 2220 0.6082 700.0000
2208 2221 0.5523 700.0000
2208 2222 0.6906 700.0000
2209 2211 0.7234 700.0000
2209 2218 0.8682 700.0000
2209 2219 0.7554 700.0000
2209 2220 0.4410 700.0000
2209 2221 0.7314 700.0000
2209 2222 0.6139 700.0000
2210 2212 0.7489 700.0000
2210 2217 0.6892 700.0000
2210 2218 0.6295 700.0000
2210 2219 0.5682 700.0000
2210 2220 0.7313 700.0000
2211 2213 0.5735 700.0000
2211 2214 0.8928 700.0000
2211 2216 0.8730 700.0000
2211 2217 0.5597 700.0000
2211 2218 0.3956 700.0000
2211 2219 0.6779 700.0000
2211 2220 0.8088 700.0000
2212 2214 0.5585 700.0000
2212 2216 0.7890 700.0000
2212 2217 0.5523 700.0000
2212 2218 0.7075 700.0000
2213 2215 0.8963 700.0000
2213 2216 0.5758 700.0000
2213 2217 0.7016 700.0000
2213 2218 0.5497 700.0000
2214 2216 0.5661 700.0000
2214 2217 0.7680 700.0000
2215 2217 0.8875 700.0000
2216 2218 0.6379 700.0000
2217 2219 0.6369 700.0000
2218 2220 0.7325 700.0000
2219 2221 0.6214 700.0000
2219 2235 0.7225 700.0000
2219 2238 0.6837 700.0000
2220 2222 0.5482 700.0000
2220 2231 0.8851 700.0000
2220 2235 0.7371 700.0000
2221 2223 0.8664 700.0000
2221 2231 0.5839 700.0000
2221 2232 0.8584 700.0000
2221 2234 0.5500 700.0000
2221 2235 0.4648 700.0000
2221 2238 0.7717 700.0000
2222 2224 0.7564 700.0000
2222 2229 0.8875 700.0000
2222 2231 0.7955 700.0000
2223 2225 0.5502 700.0000
2223 2226 0.7450 700.0000
2223 2228 0.7039 700.0000
2223 2229 0.5481 700.0000
2223 2230 0.7208 700.0000
2223 2231 0.7079 700.0000
2225 2227 0.5082 700.0000
2225 2228 0.4907 700.0000
2225 2229 0.7626 700.0000
2225 2230 0.8939 700.0000
2226 2228 0.8938 700.0000
2228 2230 0.5932 700.0000
2229 2231 0.4893 700.0000
2229 2232 0.7072 700.0000
2229 2233 0.8450 700.0000
2230 2232 0.6345 700.0000
2230 2233 0.5178 700.0000
2230 2234 0.7103 700.0000
2231 2233 0.6162 700.0000
2231 2234 0.5266 700.0000
2231 2235 0.5180 700.0000
2231 2236 0.8777 700.0000
2232 2234 0.5773 700.0000
2232 2235 0.5536 700.0000
2232 2236 0.6712 700.0000
2232 2237 0.8970 700.0000
2233 2235 0.8035 700.0000
2233 2236 0.6371 700.0000
2233 2237 0.7331 700.0000
2234 2236 0.5055 700.0000
2234 2237 0.4830 700.0000
2234 2238 0.6807 700.0000
2234 2239 0.8229 700.0000
2235 2237 0.7760 700.0000
2235 2238 0.6844 700.0000
2235 2239 0.7598 700.0000
2236 2238 0.6663 700.0000
2236 2239 0.4769 700.0000
2236 2240 0.5548 700.0000
2236 2241 0.8530 700.0000
2237 2239 0.6043 700.0000
2237 2240 0.5027 700.0000
2237 2241 0.6591 700.0000
2238 2240 0.7022 700.0000
2238 2241 0.5561 700.0000
2238 2242 0.5963 700.0000
2238 2243 0.8612 700.0000
2239 2241 0.6209 700.0000
2239 2242 0.6151 700.0000
2239 2243 0.5636 700.0000
2240 2242 0.7827 700.0000
2240 2243 0.5381 700.0000
2240 2244 0.7326 700.0000
2241 2243 0.5974 700.0000
2241 2244 0.5453 700.0000
2241 2245 0.5954 700.0000
2241 2246 0.7994 700.0000
2242 2244 0.8248 700.0000
2242 2245 0.6010 700.0000
2242 2246 0.5610 700.0000
2242 2247 0.8950 700.0000
2243 2245 0.7048 700.0000
2243 2246 0.6181 700.0000
2243 2247 0.6903 700.0000
2244 2246 0.6691 700.0000
2244 2247 0.5706 700.0000
2244 2248 0.5644 700.0000
2245 2247 0.5405 700.0000
2245 2248 0.4438 700.0000
2246 2248 0.6193 700.0000
2250 2252 0.6488 700.0000
2250 2293 0.8870 700.0000
2250 2294 0.7340 700.0000
2250 2295 0.5287 700.0000
2250 2296 0.6722 700.0000
2250 2297 0.5543 700.0000
2250 2300 0.6791 700.0000
2251 2253 0.6462 700.0000
2251 2285 0.8762 700.0000
2251 2292 0.5558 700.0000
2251 2293 0.6692 700.0000
2251 2294 0.5760 700.0000
2251 2295 0.8306 700.0000
2252 2254 0.6368 700.0000
2252 2291 0.8664 700.0000
2252 2292 0.7190 700.0000
2252 2293 0.5137 700.0000
2252 2294 0.7692 700.0000
2252 2295 0.8067 700.0000
2252 2297 0.8796 700.0000
2252 2300 0.5821 700.0000
2252 2301 0.8343 700.0000
2252 2304 0.6628 700.0000
2253 2255 0.6328 700.0000
2253 2290 0.6630 700.0000
2253 2291 0.6940 700.0000
2253 2292 0.5403 700.0000
2253 2293 0.6820 700.0000
2254 2256 0.6335 700.0000
2254 2258 0.8966 700.0000
2254 2290 0.6280 700.0000
2254 2291 0.4743 700.0000
2254 2292 0.6659 700.0000
2254 2293 0.6648 700.0000
2254 2304 0.6600 700.0000
2254 2307 0.7579 700.0000
2254 2308 0.8170 700.0000
2255 2257 0.5493 700.0000
2255 2258 0.6857 700.0000
2255 2259 0.8804 700.0000
2255 2289 0.6848 700.0000
2255 2290 0.6004 700.0000
2255 2291 0.8280 700.0000
2256 2258 0.6050 700.0000
2256 2259 0.5414 700.0000
2256 2260 0.7416 700.0000
2256 2263 0.4685 700.0000
2256 2266 0.7838 700.0000
2256 2286 0.8609 700.0000
2256 2287 0.8622 700.0000
2256 2288 0.8841 700.0000
2256 2289 0.6182 700.0000
2256 2290 0.5603 700.0000
2256 2291 0.6841 700.0000
2256 2307 0.8766 700.0000
2257 2259 0.7842 700.0000
2257 2260 0.7758 700.0000
2257 2263 0.6990 700.0000
2257 2289 0.5706 700.0000
2257 2290 0.8662 700.0000
2258 2260 0.6196 700.0000
2258 2262 0.8772 700.0000
2258 2263 0.7384 700.0000
2258 2308 0.7902 700.0000
2259 2261 0.8306 700.0000
2259 2262 0.4956 700.0000
2259 2263 0.5152 700.0000
2259 2266 0.8498 700.0000
2259 2307 0.7896 700.0000
2259 2308 0.6964 700.0000
2260 2262 0.5478 700.0000
2260 2263 0.4269 700.0000
2260 2264 0.8138 700.0000
2261 2263 0.7534 700.0000
2261 2264 0.7134 700.0000
2262 2264 0.7760 700.0000
2262 2265 0.6119 700.0000
2262 2266 0.7723 700.0000
2263 2265 0.8740 700.0000
2263 2266 0.7237 700.0000
2263 2267 0.8143 700.0000
2263 2288 0.8677 700.0000
2263 2289 0.7882 700.0000
2264 2266 0.7721 700.0000
2264 2267 0.6906 700.0000
2264 2268 0.7809 700.0000
2265 2267 0.7674 700.0000
2265 2268 0.5190 700.0000
2265 2270 0.8969 700.0000
2265 2271 0.7758 700.0000
2266 2268 0.6432 700.0000
2266 2271 0.5038 700.0000
2266 2272 0.8300 700.0000
2266 2286 0.6924 700.0000
2266 2291 0.7652 700.0000
2266 2307 0.7551 700.0000
2267 2269 0.8557 700.0000
2267 2271 0.8141 700.0000
2267 2286 0.5968 700.0000
2267 2287 0.8464 700.0000
2267 2288 0.7788 700.0000
2268 2270 0.5478 700.0000
2268 2271 0.6503 700.0000
2268 2272 0.8116 700.0000
2269 2271 0.7308 700.0000
2269 2272 0.5756 700.0000
2269 2273 0.5949 700.0000
2270 2272 0.7298 700.0000
2270 2273 0.6456 700.0000
2270 2274 0.7628 700.0000
2271 2273 0.7070 700.0000
2271 2274 0.5960 700.0000
2271 2275 0.5851 700.0000
2271 2276 0.8341 700.0000
2271 2284 0.8240 700.0000
2271 2306 0.7343 700.0000
2271 2307 0.7993 700.0000
2272 2274 0.6186 700.0000
2272 2275 0.5708 700.0000
2272 2276 0.4677 700.0000
2272 2284 0.6784 700.0000
2273 2275 0.7849 700.0000
2273 2276 0.5017 700.0000
2273 2277 0.7296 700.0000
2274 2276 0.7606 700.0000
2274 2277 0.5486 700.0000
2274 2278 0.4507 700.0000
2274 2279 0.8007 700.0000
2274 2306 0.7360 700.0000
2275 2277 0.8200 700.0000
2275 2278 0.6417 700.0000
2275 2279 0.4519 700.0000
2275 2280 0.7735 700.0000
2275 2282 0.6587 700.0000
2275 2284 0.6096 700.0000
2275 2293 0.8954 700.0000
2275 2303 0.6669 700.0000
2275 2306 0.6246 700.0000
2275 2307 0.8034 700.0000
2276 2279 0.8269 700.0000
2276 2280 0.7372 700.0000
2276 2282 0.8325 700.0000
2276 2283 0.8426 700.0000
2276 2284 0.6556 700.0000
2277 2279 0.7947 700.0000
2277 2280 0.7616 700.0000
2278 2280 0.8841 700.0000
2278 2306 0.6177 700.0000
2279 2281 0.6925 700.0000
2279 2282 0.5509 700.0000
2279 2299 0.7152 700.0000
2279 2300 0.8654 700.0000
2279 2302 0.6819 700.0000
2279 2303 0.5455 700.0000
2279 2306 0.6943 700.0000
2280 2282 0.5783 700.0000
2280 2299 0.8038 700.0000
2281 2295 0.7621 700.0000
2281 2296 0.7234 700.0000
2281 2299 0.5482 700.0000
2282 2284 0.6890 700.0000
2282 2293 0.6389 700.0000
2282 2294 0.5772 700.0000
2282 2295 0.6123 700.0000
2282 2296 0.8145 700.0000
2282 2299 0.6634 700.0000
2282 2300 0.6581 700.0000
2282 2303 0.7070 700.0000
2283 2285 0.6310 700.0000
2283 2292 0.7342 700.0000
2283 2293 0.6830 700.0000
2283 2294 0.4776 700.0000
2283 2295 0.8120 700.0000
2284 2286 0.6421 700.0000
2284 2291 0.6403 700.0000
2284 2292 0.6887 700.0000
2284 2293 0.6735 700.0000
2284 2294 0.8125 700.0000
2285 2287 0.6017 700.0000
2285 2290 0.7443 700.0000
2285 2291 0.5976 700.0000
2285 2292 0.4245 700.0000
2285 2293 0.7214 700.0000
2285 2294 0.8353 700.0000
2286 2288 0.7822 700.0000
2286 2290 0.6106 700.0000
2286 2291 0.5369 700.0000
2286 2292 0.7318 700.0000
2287 2289 0.6955 700.0000
2287 2290 0.4170 700.0000
2287 2291 0.7178 700.0000
2287 2292 0.7483 700.0000
2288 2290 0.7270 700.0000
2290 2292 0.6467 700.0000
2291 2293 0.5576 700.0000
2291 2304 0.8833 700.0000
2291 2307 0.7167 700.0000
2292 2294 0.6647 700.0000
2293 2295 0.7063 700.0000
2293 2300 0.5744 700.0000
2293 2303 0.7064 700.0000
2293 2304 0.7516 700.0000
2294 2296 0.8096 700.0000
2294 2300 0.6996 700.0000
2295 2297 0.5949 700.0000
2295 2298 0.8614 700.0000
2295 2299 0.6683 700.0000
2295 2300 0.5151 700.0000
2296 2298 0.5865 700.0000
2296 2299 0.5028 700.0000
2296 2300 0.6450 700.0000
2297 2299 0.6237 700.0000
2297 2300 0.5249 700.0000
2297 2301 0.6917 700.0000
2298 2300 0.6944 700.0000
2298 2301 0.6477 700.0000
2298 2302 0.6654 700.0000
2299 2301 0.6955 700.0000
2299 2302 0.5651 700.0000
2299 2303 0.7738 700.0000
2300 2302 0.7032 700.0000
2300 2303 0.5678 700.0000
2300 2304 0.6464 700.0000
2301 2303 0.5196 700.0000
2301 2304 0.5033 700.0000
2301 2305 0.6175 700.0000
2302 2304 0.8206 700.0000
2302 2305 0.6397 700.0000
2302 2306 0.8762 700.0000
2303 2305 0.6205 700.0000
2303 2306 0.5786 700.0000
2303 2307 0.6086 700.0000
2303 2308 0.8319 700.0000
2304 2306 0.8829 700.0000
2304 2307 0.6251 700.0000
2304 2308 0.5858 700.0000
2305 2307 0.7270 700.0000
2305 2308 0.6187 700.0000
2306 2308 0.7783 700.0000
2357 2359 0.7885 700.0000
2358 2360 0.6716 700.0000
2359 2361 0.7755 700.0000
2359 2368 0.6114 700.0000
2359 2369 0.7142 700.0000
2360 2362 0.6989 700.0000
2360 2367 0.8260 700.0000
2360 2368 0.5763 700.0000
2360 2369 0.4564 700.0000
2360 2370 0.8924 700.0000
2360 2372 0.8317 700.0000
2360 2381 0.7088 700.0000
2361 2363 0.6456 700.0000
2361 2365 0.7804 700.0000
2361 2366 0.5991 700.0000
2361 2367 0.6414 700.0000
2361 2368 0.6054 700.0000
2361 2369 0.6387 700.0000
2361 2381 0.8780 700.0000
2362 2364 0.4816 700.0000
2362 2365 0.4365 700.0000
2362 2366 0.5609 700.0000
2362 2367 0.6050 700.0000
2362 2368 0.6962 700.0000
2362 2369 0.5710 700.0000
2362 2370 0.7875 700.0000
2362 2381 0.8189 700.0000
2362 2382 0.5601 700.0000
2362 2383 0.5185 700.0000
2362 2386 0.6829 700.0000
2362 2387 0.8941 700.0000
2363 2365 0.6525 700.0000
2363 2366 0.5456 700.0000
2363 2382 0.6612 700.0000
2363 2383 0.8724 700.0000
2363 2386 0.8852 700.0000
2363 2398 0.6945 700.0000
2363 2399 0.6944 700.0000
2364 2366 0.6735 700.0000
2364 2367 0.8985 700.0000
2364 2382 0.6744 700.0000
2364 2383 0.7073 700.0000
2364 2385 0.8948 700.0000
2364 2386 0.5134 700.0000
2364 2387 0.7304 700.0000
2364 2389 0.8938 700.0000
2364 2390 0.7993 700.0000
2364 2398 0.7046 700.0000
2365 2367 0.4662 700.0000
2365 2368 0.7670 700.0000
2365 2369 0.8460 700.0000
2365 2370 0.8734 700.0000
2365 2383 0.6719 700.0000
2365 2386 0.6391 700.0000
2366 2368 0.8614 700.0000
2367 2369 0.7207 700.0000
2367 2370 0.7942 700.0000
2367 2383 0.8214 700.0000
2368 2370 0.6256 700.0000
2368 2383 0.7967 700.0000
2369 2371 0.7280 700.0000
2369 2372 0.5725 700.0000
2369 2381 0.7024 700.0000
2369 2382 0.7373 700.0000
2369 2383 0.5127 700.0000
2369 2384 0.8808 700.0000
2370 2372 0.7095 700.0000
2370 2383 0.4360 700.0000
2370 2384 0.6716 700.0000
2370 2385 0.7241 700.0000
2370 2386 0.8194 700.0000
2371 2373 0.7919 700.0000
2371 2383 0.6197 700.0000
2371 2384 0.5605 700.0000
2371 2385 0.7125 700.0000
2372 2374 0.6096 700.0000
2372 2381 0.5591 700.0000
2372 2382 0.7534 700.0000
2372 2383 0.7202 700.0000
2372 2384 0.7992 700.0000
2373 2375 0.6110 700.0000
2373 2376 0.8840 700.0000
2373 2381 0.7722 700.0000
2373 2382 0.6071 700.0000
2373 2383 0.7109 700.0000
2373 2384 0.4962 700.0000
2373 2385 0.8180 700.0000
2373 2386 0.8867 700.0000
2373 2387 0.5987 700.0000
2373 2388 0.7120 700.0000
2374 2376 0.6256 700.0000
2374 2378 0.7901 700.0000
2374 2379 0.5725 700.0000
2374 2380 0.7326 700.0000
2374 2381 0.5565 700.0000
2374 2382 0.7078 700.0000
2375 2377 0.6703 700.0000
2375 2378 0.5036 700.0000
2375 2379 0.5685 700.0000
2375 2380 0.5730 700.0000
2375 2381 0.7545 700.0000
2375 2382 0.6816 700.0000
2375 2387 0.7781 700.0000
2375 2391 0.8989 700.0000
2375 2397 0.6979 700.0000
2375 2402 0.8184 700.0000
2375 2404 0.6162 700.0000
2376 2378 0.6240 700.0000
2376 2379 0.5579 700.0000
2376 2380 0.8872 700.0000
2376 2404 0.6444 700.0000
2377 2379 0.7318 700.0000
2377 2402 0.6095 700.0000
2377 2403 0.7002 700.0000
2377 2404 0.5179 700.0000
2378 2380 0.4095 700.0000
2378 2381 0.8863 700.0000
2378 2397 0.6521 700.0000
2378 2399 0.7988 700.0000
2378 2400 0.6055 700.0000
2378 2402 0.5997 700.0000
2378 2404 0.7515 700.0000
2379 2381 0.7533 700.0000
2380 2382 0.6531 700.0000
2380 2397 0.6289 700.0000
2380 2398 0.7912 700.0000
2380 2399 0.5756 700.0000
2380 2400 0.6444 700.0000
2380 2402 0.8420 700.0000
2381 2383 0.8515 700.0000
2382 2384 0.7169 700.0000
2382 2385 0.8879 700.0000
2382 2386 0.6904 700.0000
2382 2387 0.5326 700.0000
2382 2397 0.7908 700.0000
2382 2398 0.7371 700.0000
2382 2399 0.8223 700.0000
2383 2385 0.5180 700.0000
2383 2386 0.4560 700.0000
2383 2387 0.6700 700.0000
2383 2388 0.8660 700.0000
2384 2386 0.5402 700.0000
2384 2387 0.5440 700.0000
2384 2388 0.5178 700.0000
2385 2387 0.6341 700.0000
2385 2388 0.5438 700.0000
2385 2389 0.6975 700.0000
2386 2388 0.6531 700.0000
2386 2389 0.6082 700.0000
2386 2390 0.7021 700.0000
2387 2389 0.7285 700.0000
2387 2390 0.5232 700.0000
2387 2391 0.5426 700.0000
2387 2392 0.8776 700.0000
2387 2397 0.8273 700.0000
2387 2398 0.7741 700.0000
2388 2390 0.6408 700.0000
2388 2391 0.6144 700.0000
2388 2392 0.7151 700.0000
2389 2391 0.8144 700.0000
2389 2392 0.5911 700.0000
2389 2393 0.5726 700.0000
2390 2392 0.5128 700.0000
2390 2393 0.5360 700.0000
2390 2394 0.6675 700.0000
2390 2395 0.7528 700.0000
2390 2396 0.7383 700.0000
2390 2397 0.8938 700.0000
2390 2398 0.7564 700.0000
2391 2393 0.7933 700.0000
2391 2394 0.6567 700.0000
2391 2395 0.4629 700.0000
2391 2396 0.5877 700.0000
2391 2397 0.7801 700.0000
2391 2398 0.8311 700.0000
2391 2403 0.8903 700.0000
2391 2404 0.6918 700.0000
2391 2405 0.8245 700.0000
2392 2394 0.7701 700.0000
2392 2395 0.7457 700.0000
2394 2396 0.4342 700.0000
2394 2397 0.8753 700.0000
2394 2398 0.8483 700.0000
2394 2401 0.7972 700.0000
2394 2403 0.8723 700.0000
2394 2405 0.8610 700.0000
2394 2407 0.6517 700.0000
2395 2397 0.8434 700.0000
2395 2402 0.8550 700.0000
2395 2403 0.5914 700.0000
2395 2404 0.6388 700.0000
2395 2405 0.4587 700.0000
2395 2406 0.7113 700.0000
2395 2407 0.5778 700.0000
2396 2398 0.5946 700.0000
2396 2399 0.8829 700.0000
2396 2400 0.7713 700.0000
2396 2401 0.4992 700.0000
2396 2402 0.5949 700.0000
2396 2403 0.5734 700.0000
2396 2404 0.6632 700.0000
2396 2405 0.7689 700.0000
2396 2407 0.7503 700.0000
2397 2399 0.4784 700.0000
2397 2400 0.4361 700.0000
2397 2401 0.4991 700.0000
2397 2402 0.4862 700.0000
2397 2403 0.7652 700.0000
2397 2404 0.6881 700.0000
2398 2400 0.6552 700.0000
2398 2401 0.5974 700.0000
2398 2402 0.8274 700.0000
2399 2401 0.6515 700.0000
2399 2402 0.8228 700.0000
2400 2402 0.4593 700.0000
2400 2403 0.8760 700.0000
2401 2403 0.7655 700.0000
2402 2404 0.5460 700.0000
2402 2405 0.8960 700.0000
2403 2405 0.4794 700.0000
2403 2406 0.8360 700.0000
2403 2407 0.6887 700.0000
2405 2407 0.5608 700.0000
2406 2408 0.7338 700.0000
2409 2411 0.6082 700.0000
2409 2412 0.8733 700.0000
2409 2448 0.6998 700.0000
2409 2481 0.8926 700.0000
2409 2484 0.6808 700.0000
2409 2485 0.4024 700.0000
2409 2486 0.5467 700.0000
2409 2489 0.8381 700.0000
2409 2505 0.8642 700.0000
2410 2412 0.6606 700.0000
2410 2446 0.7699 700.0000
2410 2448 0.5121 700.0000
2410 2449 0.5411 700.0000
2410 2485 0.6117 700.0000
2410 2486 0.7870 700.0000
2410 2488 0.8578 700.0000
2410 2489 0.5219 700.0000
2410 2490 0.6433 700.0000
2410 2505 0.8138 700.0000
2411 2413 0.7583 700.0000
2411 2414 0.7381 700.0000
2411 2440 0.7334 700.0000
2411 2481 0.8302 700.0000
2411 2482 0.6038 700.0000
2411 2483 0.8835 700.0000
2411 2484 0.8893 700.0000
2411 2485 0.3655 700.0000
2411 2486 0.6620 700.0000
2411 2487 0.6324 700.0000
2411 2488 0.5204 700.0000
2411 2489 0.6661 700.0000
2411 2490 0.8797 700.0000
2411 2502 0.8753 700.0000
2411 2505 0.8493 700.0000
2412 2414 0.6700 700.0000
2412 2440 0.5729 700.0000
2412 2441 0.7002 700.0000
2412 2442 0.8038 700.0000
2412 2443 0.8270 700.0000
2412 2449 0.8604 700.0000
2412 2456 0.7103 700.0000
2412 2459 0.8978 700.0000
2412 2482 0.8783 700.0000
2412 2485 0.6640 700.0000
2412 2488 0.6515 700.0000
2412 2489 0.6951 700.0000
2412 2490 0.7290 700.0000
2412 2502 0.6867 700.0000
2413 2415 0.8534 700.0000
2413 2440 0.7106 700.0000
2413 2441 0.4471 700.0000
2413 2442 0.7471 700.0000
2413 2443 0.8541 700.0000
2413 2485 0.8764 700.0000
2414 2416 0.8008 700.0000
2414 2438 0.8566 700.0000
2414 2439 0.5763 700.0000
2414 2440 0.4961 700.0000
2414 2441 0.5426 700.0000
2414 2482 0.6885 700.0000
2415 2417 0.6130 700.0000
2415 2437 0.7089 700.0000
2415 2438 0.6477 700.0000
2415 2439 0.3970 700.0000
2415 2440 0.5985 700.0000
2415 2441 0.7897 700.0000
2415 2482 0.7177 700.0000
2416 2418 0.7541 700.0000
2416 2436 0.6513 700.0000
2416 2437 0.6557 700.0000
2416 2438 0.5108 700.0000
2416 2439 0.8044 700.0000
2416 2475 0.8212 700.0000
2416 2478 0.7396 700.0000
2416 2479 0.4643 700.0000
2416 2481 0.8906 700.0000
2416 2482 0.5264 700.0000
2416 2483 0.8396 700.0000
2416 2487 0.8876 700.0000
2417 2419 0.7095 700.0000
2417 2435 0.7907 700.0000
2417 2436 0.6186 700.0000
2417 2437 0.4400 700.0000
2417 2438 0.6852 700.0000
2417 2439 0.7766 700.0000
2417 2479 0.7926 700.0000
2418 2420 0.6880 700.0000
2418 2434 0.6620 700.0000
2418 2435 0.6506 700.0000
2418 2436 0.6495 700.0000
2418 2437 0.8002 700.0000
2418 2472 0.8824 700.0000
2418 2475 0.7186 700.0000
2418 2479 0.7850 700.0000
2419 2421 0.6881 700.0000
2419 2433 0.7821 700.0000
2419 2434 0.6356 700.0000
2419 2435 0.4176 700.0000
2419 2436 0.7164 700.0000
2419 2437 0.7794 700.0000
2420 2422 0.7639 700.0000
2420 2423 0.8703 700.0000
2420 2432 0.7024 700.0000
2420 2433 0.5882 700.0000
2420 2434 0.5811 700.0000
2420 2435 0.6476 700.0000
2420 2467 0.6841 700.0000
2421 2423 0.4473 700.0000
2421 2424 0.7676 700.0000
2421 2432 0.5732 700.0000
2421 2433 0.4257 700.0000
2421 2434 0.7244 700.0000
2421 2435 0.7117 700.0000
2421 2467 0.8145 700.0000
2421 2513 0.8929 700.0000
2422 2432 0.7987 700.0000
2422 2433 0.8988 700.0000
2423 2425 0.7570 700.0000
2423 2432 0.6518 700.0000
2423 2433 0.5833 700.0000
2423 2513 0.7076 700.0000
2424 2426 0.6365 700.0000
2424 2427 0.8034 700.0000
2424 2428 0.7704 700.0000
2424 2429 0.5644 700.0000
2424 2430 0.7624 700.0000
2424 2431 0.7487 700.0000
2424 2432 0.5530 700.0000
2424 2433 0.6302 700.0000
2424 2466 0.8843 700.0000
2424 2513 0.7002 700.0000
2424 2514 0.8936 700.0000
2425 2427 0.6160 700.0000
2425 2428 0.5313 700.0000
2425 2429 0.6737 700.0000
2425 2431 0.8028 700.0000
2425 2432 0.6468 700.0000
2425 2433 0.5972 700.0000
2425 2464 0.7981 700.0000
2425 2465 0.8034 700.0000
2425 2466 0.6315 700.0000
2425 2513 0.5663 700.0000
2425 2514 0.7272 700.0000
2425 2521 0.8865 700.0000
2425 2522 0.5281 700.0000
2425 2523 0.8052 700.0000
2426 2428 0.6093 700.0000
2426 2429 0.6232 700.0000
2426 2513 0.7409 700.0000
2426 2514 0.6341 700.0000
2426 2515 0.8580 700.0000
2426 2516 0.8517 700.0000
2426 2521 0.8042 700.0000
2426 2522 0.5197 700.0000
2426 2523 0.4940 700.0000
2426 2524 0.8785 700.0000
2427 2429 0.4777 700.0000
2427 2430 0.8270 700.0000
2427 2431 0.8258 700.0000
2427 2466 0.8733 700.0000
2427 2522 0.7418 700.0000
2427 2523 0.6471 700.0000
2427 2524 0.8660 700.0000
2427 2525 0.7415 700.0000
2428 2430 0.7550 700.0000
2428 2431 0.6049 700.0000
2428 2432 0.7829 700.0000
2428 2465 0.8785 700.0000
2428 2466 0.5432 700.0000
2428 2468 0.7066 700.0000
2428 2522 0.7015 700.0000
2428 2523 0.8270 700.0000
2428 2524 0.8768 700.0000
2428 2525 0.7832 700.0000
2428 2528 0.8844 700.0000
2429 2431 0.6822 700.0000
2429 2432 0.8608 700.0000
2430 2432 0.7209 700.0000
2431 2433 0.8403 700.0000
2431 2466 0.6664 700.0000
2431 2467 0.5850 700.0000
2431 2468 0.5679 700.0000
2432 2434 0.6738 700.0000
2432 2465 0.8380 700.0000
2432 2466 0.5978 700.0000
2432 2467 0.4352 700.0000
2432 2468 0.7488 700.0000
2433 2435 0.6098 700.0000
2433 2464 0.6855 700.0000
2433 2465 0.6536 700.0000
2433 2466 0.6157 700.0000
2433 2467 0.6171 700.0000
2433 2513 0.7000 700.0000
2434 2436 0.6372 700.0000
2434 2463 0.7433 700.0000
2434 2464 0.7040 700.0000
2434 2465 0.4198 700.0000
2434 2466 0.5767 700.0000
2434 2467 0.5627 700.0000
2434 2468 0.8571 700.0000
2434 2471 0.7056 700.0000
2434 2472 0.7117 700.0000
2434 2475 0.7209 700.0000
2435 2437 0.6539 700.0000
2435 2462 0.6827 700.0000
2435 2463 0.5598 700.0000
2435 2464 0.5584 700.0000
2435 2465 0.7368 700.0000
2436 2438 0.5535 700.0000
2436 2462 0.5891 700.0000
2436 2463 0.3846 700.0000
2436 2464 0.6610 700.0000
2436 2465 0.7105 700.0000
2436 2475 0.7544 700.0000
2436 2478 0.8363 700.0000
2436 2479 0.8728 700.0000
2436 2509 0.8144 700.0000
2437 2439 0.6331 700.0000
2437 2460 0.6714 700.0000
2437 2461 0.8236 700.0000
2437 2462 0.5520 700.0000
2437 2463 0.6799 700.0000
2438 2440 0.6898 700.0000
2438 2459 0.8528 700.0000
2438 2460 0.7694 700.0000
2438 2461 0.6662 700.0000
2438 2462 0.6712 700.0000
2438 2463 0.6907 700.0000
2438 2478 0.8633 700.0000
2438 2482 0.7207 700.0000
2438 2487 0.7326 700.0000
2438 2488 0.7048 700.0000
2438 2504 0.8314 700.0000
2438 2509 0.8003 700.0000
2439 2441 0.7010 700.0000
2439 2458 0.8436 700.0000
2439 2459 0.6553 700.0000
2439 2460 0.5480 700.0000
2439 2461 0.8099 700.0000
2440 2442 0.7699 700.0000
2440 2458 0.6544 700.0000
2440 2459 0.4885 700.0000
2440 2460 0.7588 700.0000
2440 2461 0.7962 700.0000
2440 2482 0.8613 700.0000
2440 2488 0.6589 700.0000
2440 2502 0.6817 700.0000
2441 2443 0.7487 700.0000
2441 2456 0.8271 700.0000
2441 2458 0.7185 700.0000
2441 2459 0.8434 700.0000
2442 2444 0.7690 700.0000
2442 2455 0.7888 700.0000
2442 2456 0.4934 700.0000
2442 2457 0.5781 700.0000
2442 2458 0.5302 700.0000
2442 2459 0.8352 700.0000
2442 2502 0.8835 700.0000
2443 2445 0.6983 700.0000
2443 2453 0.8410 700.0000
2443 2454 0.8931 700.0000
2443 2455 0.5280 700.0000
2443 2456 0.3188 700.0000
2443 2457 0.6582 700.0000
2443 2458 0.7953 700.0000
2444 2446 0.6730 700.0000
2444 2449 0.8643 700.0000
2444 2452 0.8196 700.0000
2444 2453 0.5144 700.0000
2444 2454 0.7373 700.0000
2444 2455 0.5419 700.0000
2444 2456 0.5795 700.0000
2445 2447 0.8793 700.0000
2445 2448 0.8808 700.0000
2445 2449 0.4506 700.0000
2445 2450 0.6244 700.0000
2445 2451 0.5169 700.0000
2445 2452 0.4905 700.0000
2445 2453 0.4997 700.0000
2445 2454 0.4995 700.0000
2445 2455 0.8072 700.0000
2445 2456 0.5970 700.0000
2445 2490 0.6337 700.0000
2445 2491 0.8589 700.0000
2445 2500 0.6744 700.0000
2446 2448 0.5060 700.0000
2446 2449 0.4154 700.0000
2446 2450 0.8204 700.0000
2446 2451 0.8686 700.0000
2446 2452 0.5980 700.0000
2446 2453 0.7368 700.0000
2446 2490 0.8681 700.0000
2447 2449 0.7359 700.0000
2447 2452 0.6394 700.0000
2448 2450 0.8658 700.0000
2449 2451 0.6947 700.0000
2449 2452 0.6606 700.0000
2449 2453 0.8879 700.0000
2449 2456 0.8380 700.0000
2449 2489 0.7322 700.0000
2449 2490 0.5143 700.0000
2449 2491 0.8242 700.0000
2450 2452 0.6295 700.0000
2450 2454 0.8098 700.0000
2450 2490 0.6550 700.0000
2450 2491 0.6847 700.0000
2450 2500 0.7554 700.0000
2451 2453 0.6799 700.0000
2451 2454 0.4574 700.0000
2451 2490 0.8223 700.0000
2451 2491 0.8182 700.0000
2451 2499 0.8213 700.0000
2451 2500 0.6008 700.0000
2452 2454 0.5920 700.0000
2453 2455 0.6781 700.0000
2453 2456 0.8977 700.0000
2454 2456 0.8196 700.0000
2454 2499 0.8576 700.0000
2454 2500 0.5602 700.0000
2455 2457 0.8097 700.0000
2456 2458 0.6759 700.0000
2456 2490 0.6633 700.0000
2456 2491 0.8957 700.0000
2456 2500 0.7343 700.0000
2456 2501 0.6919 700.0000
2456 2502 0.6523 700.0000
2457 2459 0.6692 700.0000
2457 2500 0.8012 700.0000
2457 2501 0.5956 700.0000
2457 2502 0.6214 700.0000
2458 2460 0.8068 700.0000
2458 2461 0.8967 700.0000
2458 2501 0.8193 700.0000
2458 2502 0.6377 700.0000
2459 2461 0.5143 700.0000
2459 2488 0.8096 700.0000
2459 2501 0.8517 700.0000
2459 2502 0.5332 700.0000
2459 2503 0.8794 700.0000
2460 2462 0.6864 700.0000
2461 2463 0.8470 700.0000
2461 2488 0.8369 700.0000
2461 2502 0.8274 700.0000
2461 2504 0.7035 700.0000
2461 2511 0.7796 700.0000
2462 2464 0.5746 700.0000
2462 2509 0.8615 700.0000
2462 2511 0.5871 700.0000
2462 2512 0.8478 700.0000
2463 2465 0.6624 700.0000
2463 2509 0.6235 700.0000
2463 2510 0.6949 700.0000
2463 2511 0.5815 700.0000
2463 2512 0.7912 700.0000
2464 2466 0.8858 700.0000
2464 2509 0.8685 700.0000
2464 2510 0.6459 700.0000
2464 2511 0.5904 700.0000
2464 2512 0.5611 700.0000
2464 2513 0.5605 700.0000
2464 2514 0.8834 700.0000
2464 2521 0.8338 700.0000
2464 2522 0.7481 700.0000
2465 2467 0.7455 700.0000
2465 2468 0.7793 700.0000
2465 2471 0.5358 700.0000
2465 2472 0.8375 700.0000
2465 2474 0.7052 700.0000
2465 2475 0.7151 700.0000
2465 2509 0.8854 700.0000
2465 2510 0.7703 700.0000
2465 2522 0.7998 700.0000
2465 2527 0.7868 700.0000
2465 2528 0.7860 700.0000
2466 2468 0.4656 700.0000
2466 2470 0.8131 700.0000
2466 2471 0.5106 700.0000
2466 2472 0.7895 700.0000
2466 2474 0.8724 700.0000
2466 2522 0.7878 700.0000
2466 2528 0.7604 700.0000
2467 2469 0.8380 700.0000
2467 2471 0.6765 700.0000
2467 2472 0.5179 700.0000
2468 2470 0.5561 700.0000
2468 2471 0.4796 700.0000
2468 2472 0.6203 700.0000
2468 2528 0.8582 700.0000
2469 2471 0.7381 700.0000
2469 2472 0.6909 700.0000
2469 2473 0.7920 700.0000
2470 2472 0.8273 700.0000
2470 2473 0.5084 700.0000
2470 2474 0.6820 700.0000
2470 2528 0.6153 700.0000
2470 2532 0.7694 700.0000
2471 2473 0.5984 700.0000
2471 2474 0.4513 700.0000
2471 2475 0.5984 700.0000
2471 2476 0.8084 700.0000
2471 2528 0.6664 700.0000
2472 2474 0.8169 700.0000
2472 2475 0.6377 700.0000
2472 2476 0.7233 700.0000
2473 2475 0.7637 700.0000
2473 2476 0.5844 700.0000
2473 2477 0.6055 700.0000
2473 2528 0.8749 700.0000
2473 2532 0.7028 700.0000
2474 2476 0.6621 700.0000
2474 2477 0.5044 700.0000
2474 2478 0.5709 700.0000
2474 2527 0.8561 700.0000
2474 2528 0.6682 700.0000
2474 2531 0.6579 700.0000
2474 2532 0.6487 700.0000
2474 2535 0.7951 700.0000
2475 2477 0.6626 700.0000
2475 2478 0.5327 700.0000
2475 2479 0.5633 700.0000
2476 2478 0.7669 700.0000
2476 2479 0.6788 700.0000
2476 2480 0.7486 700.0000
2477 2479 0.7893 700.0000
2477 2480 0.5180 700.0000
2477 2481 0.7067 700.0000
2477 2531 0.8434 700.0000
2477 2532 0.7619 700.0000
2477 2535 0.5828 700.0000
2478 2480 0.7630 700.0000
2478 2481 0.5506 700.0000
2478 2482 0.7435 700.0000
2478 2487 0.6931 700.0000
2478 2507 0.7661 700.0000
2478 2509 0.7941 700.0000
2478 2531 0.8295 700.0000
2478 2535 0.7156 700.0000
2479 2481 0.7422 700.0000
2479 2482 0.6393 700.0000
2479 2483 0.6838 700.0000
2480 2483 0.6808 700.0000
2480 2484 0.6331 700.0000
2480 2535 0.8377 700.0000
2481 2483 0.5588 700.0000
2481 2484 0.4659 700.0000
2481 2485 0.7507 700.0000
2481 2486 0.4694 700.0000
2481 2487 0.5644 700.0000
2481 2507 0.8273 700.0000
2481 2535 0.7410 700.0000
2481 2538 0.7808 700.0000
2482 2484 0.7726 700.0000
2482 2485 0.6516 700.0000
2482 2486 0.7600 700.0000
2482 2487 0.5999 700.0000
2482 2488 0.7455 700.0000
2483 2485 0.7008 700.0000
2483 2486 0.8659 700.0000
2484 2486 0.5418 700.0000
2484 2538 0.8285 700.0000
2485 2487 0.8082 700.0000
2485 2488 0.8427 700.0000
2486 2488 0.7664 700.0000
2486 2489 0.8656 700.0000
2486 2505 0.5778 700.0000
2486 2506 0.8453 700.0000
2486 2507 0.7455 700.0000
2486 2535 0.8452 700.0000
2486 2538 0.5678 700.0000
2487 2489 0.8083 700.0000
2487 2503 0.8856 700.0000
2487 2504 0.6336 700.0000
2487 2505 0.5786 700.0000
2487 2506 0.8447 700.0000
2487 2507 0.5469 700.0000
2487 2509 0.7535 700.0000
2488 2490 0.8544 700.0000
2488 2502 0.6251 700.0000
2488 2503 0.5876 700.0000
2488 2504 0.5233 700.0000
2488 2505 0.6440 700.0000
2488 2507 0.8277 700.0000
2489 2491 0.6162 700.0000
2489 2501 0.7912 700.0000
2489 2502 0.6059 700.0000
2489 2503 0.4439 700.0000
2489 2504 0.8116 700.0000
2489 2505 0.5624 700.0000
2490 2499 0.8657 700.0000
2490 2500 0.6727 700.0000
2490 2501 0.5710 700.0000
2490 2502 0.5633 700.0000
2490 2503 0.5969 700.0000
2491 2493 0.6494 700.0000
2491 2498 0.7452 700.0000
2491 2499 0.5478 700.0000
2491 2500 0.5281 700.0000
2491 2501 0.4307 700.0000
2491 2502 0.6738 700.0000
2491 2503 0.5569 700.0000
2492 2494 0.5435 700.0000
2492 2495 0.8332 700.0000
2492 2496 0.7824 700.0000
2492 2497 0.5264 700.0000
2492 2498 0.5230 700.0000
2492 2499 0.5559 700.0000
2492 2500 0.8318 700.0000
2492 2501 0.7608 700.0000
2492 2503 0.8620 700.0000
2493 2495 0.5186 700.0000
2493 2496 0.4678 700.0000
2493 2497 0.5047 700.0000
2493 2498 0.4574 700.0000
2493 2499 0.6874 700.0000
2493 2501 0.6159 700.0000
2493 2502 0.8709 700.0000
2493 2503 0.6767 700.0000
2494 2496 0.8782 700.0000
2494 2497 0.7922 700.0000
2494 2503 0.8975 700.0000
2495 2497 0.6677 700.0000
2495 2498 0.8043 700.0000
2496 2498 0.4928 700.0000
2496 2499 0.8898 700.0000
2496 2501 0.8418 700.0000
2497 2499 0.6761 700.0000
2498 2500 0.7047 700.0000
2498 2501 0.6127 700.0000
2499 2501 0.5518 700.0000
2500 2502 0.8740 700.0000
2501 2503 0.5956 700.0000
2502 2504 0.8017 700.0000
2503 2505 0.6939 700.0000
2504 2506 0.8139 700.0000
2504 2507 0.6690 700.0000
2504 2508 0.7352 700.0000
2504 2509 0.5857 700.0000
2505 2507 0.5803 700.0000
2505 2538 0.7536 700.0000
2506 2508 0.6718 700.0000
2506 2534 0.6762 700.0000
2506 2538 0.7318 700.0000
2507 2509 0.5791 700.0000
2507 2531 0.6656 700.0000
2507 2534 0.5278 700.0000
2507 2535 0.6502 700.0000
2507 2538 0.7395 700.0000
2508 2510 0.7789 700.0000
2508 2520 0.8211 700.0000
2508 2527 0.7381 700.0000
2508 2530 0.7386 700.0000
2508 2531 0.6860 700.0000
2508 2534 0.6033 700.0000
2509 2511 0.6873 700.0000
2509 2520 0.8793 700.0000
2509 2527 0.7722 700.0000
2509 2531 0.7935 700.0000
2510 2512 0.5721 700.0000
2510 2516 0.7625 700.0000
2510 2517 0.7744 700.0000
2510 2520 0.6235 700.0000
2510 2521 0.4457 700.0000
2510 2522 0.5431 700.0000
2510 2524 0.7407 700.0000
2510 2527 0.5624 700.0000
2511 2519 0.8280 700.0000
2511 2520 0.5908 700.0000
2511 2521 0.7093 700.0000
2512 2514 0.5630 700.0000
2512 2515 0.6799 700.0000
2512 2516 0.6996 700.0000
2512 2519 0.6575 700.0000
2512 2520 0.7058 700.0000
2512 2521 0.4670 700.0000
2512 2522 0.6419 700.0000
2513 2521 0.8445 700.0000
2513 2522 0.7158 700.0000
2514 2516 0.7481 700.0000
2514 2519 0.8673 700.0000
2514 2521 0.6958 700.0000
2514 2522 0.6951 700.0000
2514 2523 0.8035 700.0000
2515 2517 0.6118 700.0000
2515 2518 0.6168 700.0000
2515 2519 0.4768 700.0000
2515 2520 0.8537 700.0000
2515 2521 0.5068 700.0000
2515 2522 0.7575 700.0000
2515 2523 0.6365 700.0000
2516 2518 0.5497 700.0000
2516 2519 0.5472 700.0000
2516 2520 0.7232 700.0000
2516 2521 0.3359 700.0000
2516 2522 0.6233 700.0000
2516 2523 0.5128 700.0000
2516 2524 0.6780 700.0000
2517 2519 0.6782 700.0000
2517 2520 0.6453 700.0000
2517 2521 0.4967 700.0000
2517 2522 0.7913 700.0000
2517 2523 0.6887 700.0000
2517 2524 0.5963 700.0000
2518 2520 0.7381 700.0000
2518 2521 0.7999 700.0000
2519 2521 0.6334 700.0000
2521 2523 0.6017 700.0000
2521 2524 0.6310 700.0000
2521 2527 0.8144 700.0000
2522 2524 0.5690 700.0000
2522 2525 0.8290 700.0000
2522 2527 0.7357 700.0000
2523 2525 0.6765 700.0000
2524 2526 0.4765 700.0000
2524 2527 0.5654 700.0000
2524 2528 0.7796 700.0000
2524 2530 0.7332 700.0000
2525 2527 0.7926 700.0000
2525 2528 0.7778 700.0000
2525 2530 0.8663 700.0000
2526 2528 0.6449 700.0000
2526 2529 0.5656 700.0000
2526 2530 0.4635 700.0000
2526 2531 0.8921 700.0000
2527 2529 0.8116 700.0000
2527 2530 0.5192 700.0000
2527 2531 0.5325 700.0000
2527 2532 0.8375 700.0000
2527 2534 0.8799 700.0000
2528 2530 0.6986 700.0000
2528 2531 0.5933 700.0000
2528 2532 0.6055 700.0000
2529 2531 0.7289 700.0000
2529 2532 0.5685 700.0000
2529 2533 0.5336 700.0000
2530 2532 0.7968 700.0000
2530 2533 0.6548 700.0000
2530 2534 0.6848 700.0000
2531 2533 0.6364 700.0000
2531 2534 0.4567 700.0000
2531 2535 0.5714 700.0000
2532 2534 0.7400 700.0000
2532 2535 0.6329 700.0000
2532 2536 0.7433 700.0000
2533 2535 0.7504 700.0000
2533 2536 0.6183 700.0000
2533 2537 0.7774 700.0000
2534 2536 0.8164 700.0000
2534 2537 0.6765 700.0000
2534 2538 0.7207 700.0000
2535 2537 0.6272 700.0000
2535 2538 0.5605 700.0000
2536 2538 0.7893 700.0000
