parp14 1 1 | parp14 1 682 | 0.696 350.0
parp14 1 1 | parp14 1 683 | 0.563 350.0
parp14 1 1 | parp14 1 684 | 0.447 350.0
parp14 1 1 | parp14 1 685 | 0.589 350.0
parp14 1 1 | parp14 1 686 | 0.827 350.0
parp14 1 2 | parp14 1 681 | 0.826 350.0
parp14 1 2 | parp14 1 682 | 0.572 350.0
parp14 1 2 | parp14 1 683 | 0.532 350.0
parp14 1 2 | parp14 1 684 | 0.589 350.0
parp14 1 2 | parp14 1 685 | 0.525 350.0
parp14 1 2 | parp14 1 686 | 0.568 350.0
parp14 1 2 | parp14 1 688 | 0.882 350.0
parp14 1 2 | parp14 1 689 | 0.702 350.0
parp14 1 3 | parp14 1 680 | 0.705 350.0
parp14 1 3 | parp14 1 681 | 0.572 350.0
parp14 1 3 | parp14 1 682 | 0.437 350.0
parp14 1 3 | parp14 1 683 | 0.654 350.0
parp14 1 3 | parp14 1 684 | 0.879 350.0
parp14 1 3 | parp14 1 685 | 0.862 350.0
parp14 1 3 | parp14 1 686 | 0.804 350.0
parp14 1 3 | parp14 1 689 | 0.738 350.0
parp14 1 4 | parp14 1 679 | 0.837 350.0
parp14 1 4 | parp14 1 680 | 0.589 350.0
parp14 1 4 | parp14 1 681 | 0.537 350.0
parp14 1 4 | parp14 1 682 | 0.655 350.0
parp14 1 4 | parp14 1 683 | 0.884 350.0
parp14 1 4 | parp14 1 686 | 0.852 350.0
parp14 1 4 | parp14 1 689 | 0.710 350.0
parp14 1 4 | parp14 1 690 | 0.833 350.0
parp14 1 4 | parp14 1 693 | 0.858 350.0
parp14 1 5 | parp14 1 678 | 0.667 350.0
parp14 1 5 | parp14 1 679 | 0.555 350.0
parp14 1 5 | parp14 1 680 | 0.435 350.0
parp14 1 5 | parp14 1 681 | 0.608 350.0
parp14 1 5 | parp14 1 682 | 0.870 350.0
parp14 1 5 | parp14 1 693 | 0.870 350.0
parp14 1 6 | parp14 1 677 | 0.839 350.0
parp14 1 6 | parp14 1 678 | 0.570 350.0
parp14 1 6 | parp14 1 679 | 0.520 350.0
parp14 1 6 | parp14 1 680 | 0.646 350.0
parp14 1 6 | parp14 1 681 | 0.770 350.0
parp14 1 6 | parp14 1 693 | 0.695 350.0
parp14 1 6 | parp14 1 697 | 0.879 350.0
parp14 1 7 | parp14 1 676 | 0.711 350.0
parp14 1 7 | parp14 1 677 | 0.589 350.0
parp14 1 7 | parp14 1 678 | 0.442 350.0
parp14 1 7 | parp14 1 679 | 0.636 350.0
parp14 1 7 | parp14 1 680 | 0.883 350.0
parp14 1 8 | parp14 1 675 | 0.882 350.0
parp14 1 8 | parp14 1 676 | 0.570 350.0
parp14 1 8 | parp14 1 677 | 0.536 350.0
parp14 1 8 | parp14 1 678 | 0.641 350.0
parp14 1 8 | parp14 1 679 | 0.838 350.0
parp14 1 8 | parp14 1 697 | 0.816 350.0
parp14 1 8 | parp14 1 700 | 0.899 350.0
parp14 1 9 | parp14 1 674 | 0.672 350.0
parp14 1 9 | parp14 1 675 | 0.629 350.0
parp14 1 9 | parp14 1 676 | 0.446 350.0
parp14 1 9 | parp14 1 677 | 0.653 350.0
parp14 1 9 | parp14 1 678 | 0.885 350.0
parp14 1 10 | parp14 1 674 | 0.850 350.0
parp14 1 10 | parp14 1 675 | 0.761 350.0
parp14 1 10 | parp14 1 676 | 0.694 350.0
parp14 1 10 | parp14 1 677 | 0.801 350.0
parp14 1 10 | parp14 1 700 | 0.786 350.0
parp14 1 10 | parp14 1 701 | 0.810 350.0
parp14 1 10 | parp14 1 704 | 0.767 350.0
parp14 1 11 | parp14 1 673 | 0.871 350.0
parp14 1 11 | parp14 1 674 | 0.741 350.0
parp14 1 11 | parp14 1 675 | 0.613 350.0
parp14 1 11 | parp14 1 676 | 0.738 350.0
parp14 1 11 | parp14 1 677 | 0.888 350.0
parp14 1 11 | parp14 1 704 | 0.810 350.0
parp14 1 12 | parp14 1 675 | 0.739 350.0
parp14 1 12 | parp14 1 676 | 0.855 350.0
parp14 1 12 | parp14 1 677 | 0.869 350.0
parp14 1 12 | parp14 1 704 | 0.859 350.0
parp14 1 13 | parp14 1 675 | 0.837 350.0
parp14 1 13 | parp14 1 676 | 0.770 350.0
parp14 1 13 | parp14 1 677 | 0.644 350.0
parp14 1 13 | parp14 1 700 | 0.628 350.0
parp14 1 13 | parp14 1 701 | 0.900 350.0
parp14 1 13 | parp14 1 703 | 0.872 350.0
parp14 1 13 | parp14 1 704 | 0.859 350.0
parp14 1 14 | parp14 1 675 | 0.786 350.0
parp14 1 14 | parp14 1 676 | 0.721 350.0
parp14 1 14 | parp14 1 677 | 0.516 350.0
parp14 1 14 | parp14 1 678 | 0.819 350.0
parp14 1 15 | parp14 1 677 | 0.895 350.0
parp14 1 16 | parp14 1 700 | 0.785 350.0
parp14 1 16 | parp14 1 703 | 0.860 350.0
parp14 1 17 | parp14 1 700 | 0.844 350.0
parp14 1 24 | parp14 1 696 | 0.853 350.0
parp14 1 28 | parp14 1 692 | 0.617 350.0
parp14 1 28 | parp14 1 695 | 0.842 350.0
parp14 1 28 | parp14 1 696 | 0.844 350.0
parp14 1 29 | parp14 1 683 | 0.896 350.0
parp14 1 29 | parp14 1 692 | 0.881 350.0
parp14 1 31 | parp14 1 692 | 0.797 350.0
parp14 1 32 | parp14 1 683 | 0.788 350.0
parp14 1 32 | parp14 1 688 | 0.549 350.0
parp14 1 32 | parp14 1 689 | 0.741 350.0
parp14 1 32 | parp14 1 691 | 0.709 350.0
parp14 1 32 | parp14 1 692 | 0.603 350.0
parp14 1 33 | parp14 1 682 | 0.890 350.0
parp14 1 33 | parp14 1 683 | 0.634 350.0
parp14 1 33 | parp14 1 684 | 0.740 350.0
parp14 1 33 | parp14 1 688 | 0.715 350.0
parp14 1 33 | parp14 1 689 | 0.861 350.0
parp14 1 33 | parp14 1 692 | 0.871 350.0
parp14 1 34 | parp14 1 681 | 0.666 350.0
parp14 1 34 | parp14 1 682 | 0.552 350.0
parp14 1 34 | parp14 1 683 | 0.434 350.0
parp14 1 34 | parp14 1 684 | 0.730 350.0
parp14 1 34 | parp14 1 688 | 0.693 350.0
parp14 1 34 | parp14 1 689 | 0.647 350.0
parp14 1 34 | parp14 1 692 | 0.691 350.0
parp14 1 35 | parp14 1 680 | 0.822 350.0
parp14 1 35 | parp14 1 681 | 0.572 350.0
parp14 1 35 | parp14 1 682 | 0.511 350.0
parp14 1 35 | parp14 1 683 | 0.636 350.0
parp14 1 35 | parp14 1 689 | 0.885 350.0
parp14 1 35 | parp14 1 692 | 0.895 350.0
parp14 1 36 | parp14 1 679 | 0.671 350.0
parp14 1 36 | parp14 1 680 | 0.571 350.0
parp14 1 36 | parp14 1 681 | 0.451 350.0
parp14 1 36 | parp14 1 682 | 0.641 350.0
parp14 1 36 | parp14 1 683 | 0.888 350.0
parp14 1 36 | parp14 1 692 | 0.855 350.0
parp14 1 37 | parp14 1 678 | 0.859 350.0
parp14 1 37 | parp14 1 679 | 0.564 350.0
parp14 1 37 | parp14 1 680 | 0.519 350.0
parp14 1 37 | parp14 1 681 | 0.655 350.0
parp14 1 37 | parp14 1 682 | 0.862 350.0
parp14 1 38 | parp14 1 677 | 0.720 350.0
parp14 1 38 | parp14 1 678 | 0.602 350.0
parp14 1 38 | parp14 1 679 | 0.452 350.0
parp14 1 38 | parp14 1 680 | 0.633 350.0
parp14 1 38 | parp14 1 681 | 0.884 350.0
parp14 1 39 | parp14 1 677 | 0.733 350.0
parp14 1 39 | parp14 1 678 | 0.543 350.0
parp14 1 39 | parp14 1 679 | 0.571 350.0
parp14 1 39 | parp14 1 680 | 0.664 350.0
parp14 1 40 | parp14 1 677 | 0.805 350.0
parp14 1 40 | parp14 1 678 | 0.778 350.0
parp14 1 40 | parp14 1 679 | 0.898 350.0
parp14 1 41 | parp14 1 677 | 0.857 350.0
parp14 1 41 | parp14 1 678 | 0.862 350.0
