i	j	b_idx	d[nm]	k[kJ/mol/nm^2]
1	2	0	0.3615	8033.0000
2	3	1	0.3453	8033.0000
3	4	2	0.3737	8033.0000
4	5	3	0.3339	8033.0000
5	6	4	0.3790	8033.0000
6	7	5	0.3675	8033.0000
7	8	6	0.3424	8033.0000
8	9	7	0.3622	8033.0000
9	10	8	0.3242	8033.0000
10	11	9	0.3241	8033.0000
11	12	10	0.3516	8033.0000
12	13	11	0.3350	8033.0000
13	14	12	0.3694	8033.0000
14	15	13	0.3588	8033.0000
15	16	14	0.3667	8033.0000
16	17	15	0.3557	8033.0000
17	18	16	0.3731	8033.0000
18	19	17	0.3404	8033.0000
19	20	18	0.3720	8033.0000
20	21	19	0.3562	8033.0000
21	22	20	0.3499	8033.0000
22	23	21	0.3330	8033.0000
23	24	22	0.3665	8033.0000
24	25	23	0.3257	8033.0000
25	26	24	0.3712	8033.0000
26	27	25	0.3403	8033.0000
27	28	26	0.3529	8033.0000
28	29	27	0.3347	8033.0000
29	30	28	0.3629	8033.0000
30	31	29	0.3557	8033.0000
31	32	30	0.3483	8033.0000
32	33	31	0.3566	8033.0000
33	34	32	0.3414	8033.0000
34	35	33	0.3402	8033.0000
35	36	34	0.3546	8033.0000
36	37	35	0.3458	8033.0000
37	38	36	0.3196	8033.0000
38	39	37	0.3260	8033.0000
39	40	38	0.3788	8033.0000
40	41	39	0.3519	8033.0000
41	42	40	0.3359	8033.0000
42	43	41	0.3180	8033.0000
43	44	42	0.3352	8033.0000
44	45	43	0.3164	8033.0000
45	46	44	0.3157	8033.0000
46	47	45	0.3117	8033.0000
47	48	46	0.3116	8033.0000
48	49	47	0.3164	8033.0000
49	50	48	0.3135	8033.0000
50	51	49	0.3219	8033.0000
51	52	50	0.3292	8033.0000
52	53	51	0.2957	8033.0000
53	54	52	0.3570	8033.0000
54	55	53	0.3215	8033.0000
55	56	54	0.3120	8033.0000
56	57	55	0.3158	8033.0000
57	58	56	0.3148	8033.0000
58	59	57	0.3141	8033.0000
59	60	58	0.3116	8033.0000
60	61	59	0.3173	8033.0000
61	62	60	0.3158	8033.0000
62	63	61	0.3062	8033.0000
63	64	62	0.3154	8033.0000
64	65	63	0.3188	8033.0000
65	66	64	0.3311	8033.0000
66	67	65	0.3541	8033.0000
67	68	66	0.2943	8033.0000
68	69	67	0.3219	8033.0000
69	70	68	0.3254	8033.0000
70	71	69	0.3497	8033.0000
71	72	70	0.3161	8033.0000
72	73	71	0.3673	8033.0000
73	74	72	0.3091	8033.0000
74	75	73	0.3741	8033.0000
75	76	74	0.3641	8033.0000
76	77	75	0.3760	8033.0000
77	78	76	0.3619	8033.0000
78	79	77	0.3101	8033.0000
79	80	78	0.3766	8033.0000
80	81	79	0.2940	8033.0000
81	82	80	0.3657	8033.0000
82	83	81	0.2884	8033.0000
83	84	82	0.3733	8033.0000
84	85	83	0.3322	8033.0000
85	86	84	0.3464	8033.0000
86	87	85	0.3259	8033.0000
87	88	86	0.3670	8033.0000
88	89	87	0.3442	8033.0000
89	90	88	0.3663	8033.0000
90	91	89	0.3522	8033.0000
91	92	90	0.3603	8033.0000
92	93	91	0.3134	8033.0000
93	94	92	0.3329	8033.0000
94	95	93	0.3294	8033.0000
95	96	94	0.3313	8033.0000
96	97	95	0.3703	8033.0000
97	98	96	0.3430	8033.0000
98	99	97	0.3254	8033.0000
99	100	98	0.3490	8033.0000
100	101	99	0.3179	8033.0000
101	102	100	0.3199	8033.0000
102	103	101	0.3174	8033.0000
103	104	102	0.3102	8033.0000
104	105	103	0.3102	8033.0000
105	106	104	0.3099	8033.0000
106	107	105	0.3197	8033.0000
107	108	106	0.3107	8033.0000
108	109	107	0.3092	8033.0000
109	110	108	0.3136	8033.0000
110	111	109	0.3156	8033.0000
111	112	110	0.3137	8033.0000
112	113	111	0.3128	8033.0000
113	114	112	0.3176	8033.0000
114	115	113	0.3125	8033.0000
115	116	114	0.3121	8033.0000
116	117	115	0.3154	8033.0000
117	118	116	0.3124	8033.0000
118	119	117	0.3102	8033.0000
119	120	118	0.3163	8033.0000
120	121	119	0.3160	8033.0000
121	122	120	0.3407	8033.0000
122	123	121	0.3327	8033.0000
123	124	122	0.2998	8033.0000
124	125	123	0.3729	8033.0000
125	126	124	0.3305	8033.0000
126	127	125	0.3746	8033.0000
127	128	126	0.3680	8033.0000
128	129	127	0.3717	8033.0000
129	130	128	0.3314	8033.0000
130	131	129	0.3590	8033.0000
131	132	130	0.3118	8033.0000
132	133	131	0.3655	8033.0000
133	134	132	0.3393	8033.0000
134	135	133	0.2975	8033.0000
135	136	134	0.3401	8033.0000
136	137	135	0.3389	8033.0000
137	138	136	0.3421	8033.0000
138	139	137	0.3018	8033.0000
139	140	138	0.3267	8033.0000
140	141	139	0.3324	8033.0000
141	142	140	0.3099	8033.0000
142	143	141	0.3201	8033.0000
143	144	142	0.3074	8033.0000
144	145	143	0.3187	8033.0000
145	146	144	0.3139	8033.0000
146	147	145	0.3126	8033.0000
147	148	146	0.3111	8033.0000
148	149	147	0.3152	8033.0000
149	150	148	0.3120	8033.0000
150	151	149	0.3157	8033.0000
151	152	150	0.3092	8033.0000
152	153	151	0.3097	8033.0000
153	154	152	0.3109	8033.0000
154	155	153	0.3192	8033.0000
155	156	154	0.3438	8033.0000
156	157	155	0.3229	8033.0000
157	158	156	0.3348	8033.0000
158	159	157	0.3431	8033.0000
159	160	158	0.3517	8033.0000
160	161	159	0.3278	8033.0000
161	162	160	0.3749	8033.0000
162	163	161	0.3075	8033.0000
163	164	162	0.3521	8033.0000
164	165	163	0.2932	8033.0000
165	166	164	0.3826	8033.0000
166	167	165	0.3310	8033.0000
167	168	166	0.3652	8033.0000
168	169	167	0.3559	8033.0000
169	170	168	0.3552	8033.0000
170	171	169	0.3675	8033.0000
171	172	170	0.3694	8033.0000
172	173	171	0.3558	8033.0000
173	174	172	0.3079	8033.0000
174	175	173	0.3353	8033.0000
175	176	174	0.3173	8033.0000
176	177	175	0.3183	8033.0000
177	178	176	0.3153	8033.0000
178	179	177	0.3098	8033.0000
179	180	178	0.3114	8033.0000
180	181	179	0.3119	8033.0000
181	182	180	0.3159	8033.0000
182	183	181	0.3139	8033.0000
183	184	182	0.3115	8033.0000
184	185	183	0.3067	8033.0000
185	186	184	0.3090	8033.0000
186	187	185	0.3140	8033.0000
187	188	186	0.3238	8033.0000
188	189	187	0.3394	8033.0000
189	190	188	0.3234	8033.0000
190	191	189	0.3800	8033.0000
191	192	190	0.3800	8033.0000
192	193	191	0.3800	8033.0000
193	194	192	0.3800	8033.0000
194	195	193	0.3800	8033.0000
195	196	194	0.3800	8033.0000
196	197	195	0.3800	8033.0000
197	198	196	0.3800	8033.0000
198	199	197	0.3800	8033.0000
199	200	198	0.3800	8033.0000
200	201	199	0.3800	8033.0000
201	202	200	0.3800	8033.0000
202	203	201	0.3800	8033.0000
203	204	202	0.3800	8033.0000
204	205	203	0.3800	8033.0000
205	206	204	0.3800	8033.0000
206	207	205	0.3800	8033.0000
207	208	206	0.3800	8033.0000
208	209	207	0.3800	8033.0000
209	210	208	0.3800	8033.0000
210	211	209	0.3800	8033.0000
211	212	210	0.3800	8033.0000
212	213	211	0.3800	8033.0000
213	214	212	0.3737	8033.0000
214	215	213	0.3526	8033.0000
215	216	214	0.3637	8033.0000
216	217	215	0.3552	8033.0000
217	218	216	0.3419	8033.0000
218	219	217	0.3640	8033.0000
219	220	218	0.3695	8033.0000
220	221	219	0.3211	8033.0000
221	222	220	0.3453	8033.0000
222	223	221	0.3406	8033.0000
223	224	222	0.3512	8033.0000
224	225	223	0.3034	8033.0000
225	226	224	0.3444	8033.0000
226	227	225	0.3653	8033.0000
227	228	226	0.3669	8033.0000
228	229	227	0.3534	8033.0000
229	230	228	0.3652	8033.0000
230	231	229	0.3684	8033.0000
231	232	230	0.3509	8033.0000
232	233	231	0.3275	8033.0000
233	234	232	0.3450	8033.0000
234	235	233	0.3291	8033.0000
235	236	234	0.3501	8033.0000
236	237	235	0.2942	8033.0000
237	238	236	0.3922	8033.0000
238	239	237	0.2929	8033.0000
239	240	238	0.3418	8033.0000
240	241	239	0.3253	8033.0000
241	242	240	0.3689	8033.0000
242	243	241	0.3478	8033.0000
243	244	242	0.3649	8033.0000
244	245	243	0.3595	8033.0000
245	246	244	0.3655	8033.0000
246	247	245	0.3237	8033.0000
247	248	246	0.3538	8033.0000
248	249	247	0.3431	8033.0000
249	250	248	0.3385	8033.0000
250	251	249	0.3200	8033.0000
251	252	250	0.3564	8033.0000
252	253	251	0.3329	8033.0000
253	254	252	0.3108	8033.0000
254	255	253	0.3082	8033.0000
255	256	254	0.3468	8033.0000
256	257	255	0.3128	8033.0000
257	258	256	0.3184	8033.0000
258	259	257	0.3130	8033.0000
259	260	258	0.3225	8033.0000
260	261	259	0.3122	8033.0000
261	262	260	0.3139	8033.0000
262	263	261	0.3206	8033.0000
263	264	262	0.3277	8033.0000
264	265	263	0.3216	8033.0000
265	266	264	0.3105	8033.0000
266	267	265	0.3542	8033.0000
267	268	266	0.3234	8033.0000
268	269	267	0.3147	8033.0000
269	270	268	0.3139	8033.0000
270	271	269	0.3144	8033.0000
271	272	270	0.3125	8033.0000
272	273	271	0.3128	8033.0000
273	274	272	0.3112	8033.0000
274	275	273	0.3141	8033.0000
275	276	274	0.3214	8033.0000
276	277	275	0.3311	8033.0000
277	278	276	0.2995	8033.0000
278	279	277	0.3590	8033.0000
279	280	278	0.3113	8033.0000
280	281	279	0.3540	8033.0000
281	282	280	0.3212	8033.0000
282	283	281	0.3637	8033.0000
283	284	282	0.3215	8033.0000
284	285	283	0.3685	8033.0000
285	286	284	0.2943	8033.0000
286	287	285	0.3716	8033.0000
287	288	286	0.3624	8033.0000
288	289	287	0.3656	8033.0000
289	290	288	0.3590	8033.0000
290	291	289	0.3114	8033.0000
291	292	290	0.3716	8033.0000
292	293	291	0.2984	8033.0000
293	294	292	0.3623	8033.0000
294	295	293	0.3013	8033.0000
295	296	294	0.3741	8033.0000
296	297	295	0.2945	8033.0000
297	298	296	0.3653	8033.0000
298	299	297	0.3283	8033.0000
299	300	298	0.3624	8033.0000
300	301	299	0.3618	8033.0000
301	302	300	0.3489	8033.0000
302	303	301	0.3632	8033.0000
303	304	302	0.3629	8033.0000
304	305	303	0.3191	8033.0000
305	306	304	0.3328	8033.0000
306	307	305	0.3182	8033.0000
307	308	306	0.3419	8033.0000
308	309	307	0.3265	8033.0000
309	310	308	0.3257	8033.0000
310	311	309	0.3280	8033.0000
311	312	310	0.2904	8033.0000
312	313	311	0.3378	8033.0000
313	314	312	0.3128	8033.0000
314	315	313	0.3189	8033.0000
315	316	314	0.3141	8033.0000
316	317	315	0.3142	8033.0000
317	318	316	0.3122	8033.0000
318	319	317	0.3145	8033.0000
319	320	318	0.3134	8033.0000
320	321	319	0.3147	8033.0000
321	322	320	0.3126	8033.0000
322	323	321	0.3120	8033.0000
323	324	322	0.3098	8033.0000
324	325	323	0.3163	8033.0000
325	326	324	0.3142	8033.0000
326	327	325	0.3181	8033.0000
327	328	326	0.3134	8033.0000
328	329	327	0.3084	8033.0000
329	330	328	0.3132	8033.0000
330	331	329	0.3141	8033.0000
331	332	330	0.3231	8033.0000
332	333	331	0.3377	8033.0000
333	334	332	0.3242	8033.0000
334	335	333	0.3181	8033.0000
335	336	334	0.3727	8033.0000
336	337	335	0.3369	8033.0000
337	338	336	0.3738	8033.0000
338	339	337	0.3677	8033.0000
339	340	338	0.3639	8033.0000
340	341	339	0.3151	8033.0000
341	342	340	0.3653	8033.0000
342	343	341	0.3107	8033.0000
343	344	342	0.3647	8033.0000
344	345	343	0.3437	8033.0000
345	346	344	0.2971	8033.0000
346	347	345	0.3431	8033.0000
347	348	346	0.3395	8033.0000
348	349	347	0.3435	8033.0000
349	350	348	0.3007	8033.0000
350	351	349	0.3238	8033.0000
351	352	350	0.3407	8033.0000
352	353	351	0.3169	8033.0000
353	354	352	0.3141	8033.0000
354	355	353	0.3122	8033.0000
355	356	354	0.3114	8033.0000
356	357	355	0.3151	8033.0000
357	358	356	0.3124	8033.0000
358	359	357	0.3161	8033.0000
359	360	358	0.3107	8033.0000
360	361	359	0.3152	8033.0000
361	362	360	0.3165	8033.0000
362	363	361	0.3108	8033.0000
363	364	362	0.3123	8033.0000
364	365	363	0.3150	8033.0000
365	366	364	0.3101	8033.0000
366	367	365	0.3239	8033.0000
367	368	366	0.3309	8033.0000
368	369	367	0.3372	8033.0000
369	370	368	0.3216	8033.0000
370	371	369	0.3555	8033.0000
371	372	370	0.3213	8033.0000
372	373	371	0.3692	8033.0000
373	374	372	0.3478	8033.0000
374	375	373	0.3001	8033.0000
375	376	374	0.3821	8033.0000
376	377	375	0.3369	8033.0000
377	378	376	0.3693	8033.0000
378	379	377	0.3566	8033.0000
379	380	378	0.3582	8033.0000
380	381	379	0.3543	8033.0000
381	382	380	0.3621	8033.0000
382	383	381	0.3201	8033.0000
383	384	382	0.3490	8033.0000
384	385	383	0.3434	8033.0000
385	386	384	0.3369	8033.0000
386	387	385	0.3322	8033.0000
387	388	386	0.3183	8033.0000
388	389	387	0.3139	8033.0000
389	390	388	0.3077	8033.0000
390	391	389	0.3094	8033.0000
391	392	390	0.3164	8033.0000
392	393	391	0.3184	8033.0000
393	394	392	0.3153	8033.0000
394	395	393	0.3146	8033.0000
395	396	394	0.3115	8033.0000
396	397	395	0.3095	8033.0000
397	398	396	0.3135	8033.0000
398	399	397	0.3135	8033.0000
399	400	398	0.3192	8033.0000
400	401	399	0.3138	8033.0000
401	402	400	0.3254	8033.0000
402	403	401	0.3800	8033.0000
403	404	402	0.3800	8033.0000
404	405	403	0.3800	8033.0000
405	406	404	0.3800	8033.0000
406	407	405	0.3800	8033.0000
407	408	406	0.3800	8033.0000
408	409	407	0.3800	8033.0000
409	410	408	0.3800	8033.0000
410	411	409	0.3800	8033.0000
411	412	410	0.3800	8033.0000
412	413	411	0.3800	8033.0000
413	414	412	0.3800	8033.0000
414	415	413	0.3800	8033.0000
415	416	414	0.3800	8033.0000
416	417	415	0.3800	8033.0000
417	418	416	0.3800	8033.0000
418	419	417	0.3800	8033.0000
419	420	418	0.3800	8033.0000
420	421	419	0.3800	8033.0000
421	422	420	0.3800	8033.0000
422	423	421	0.3800	8033.0000
423	424	422	0.3800	8033.0000
424	425	423	0.3800	8033.0000
425	426	424	0.3800	8033.0000
426	427	425	0.3271	8033.0000
427	428	426	0.3285	8033.0000
428	429	427	0.3528	8033.0000
429	430	428	0.3278	8033.0000
430	431	429	0.3649	8033.0000
431	432	430	0.3742	8033.0000
432	433	431	0.3722	8033.0000
433	434	432	0.3399	8033.0000
434	435	433	0.3768	8033.0000
435	436	434	0.2927	8033.0000
436	437	435	0.3583	8033.0000
437	438	436	0.3198	8033.0000
438	439	437	0.3461	8033.0000
439	440	438	0.3526	8033.0000
440	441	439	0.3662	8033.0000
441	442	440	0.3628	8033.0000
442	443	441	0.3750	8033.0000
443	444	442	0.3345	8033.0000
444	445	443	0.3734	8033.0000
445	446	444	0.3640	8033.0000
446	447	445	0.3469	8033.0000
447	448	446	0.3322	8033.0000
448	449	447	0.3444	8033.0000
449	450	448	0.2959	8033.0000
450	451	449	0.3694	8033.0000
451	452	450	0.3687	8033.0000
452	453	451	0.3353	8033.0000
453	454	452	0.3314	8033.0000
454	455	453	0.3536	8033.0000
455	456	454	0.3556	8033.0000
456	457	455	0.3572	8033.0000
457	458	456	0.3644	8033.0000
458	459	457	0.3548	8033.0000
459	460	458	0.3311	8033.0000
460	461	459	0.3570	8033.0000
461	462	460	0.3466	8033.0000
462	463	461	0.3335	8033.0000
463	464	462	0.3651	8033.0000
464	465	463	0.3095	8033.0000
465	466	464	0.3845	8033.0000
466	467	465	0.3387	8033.0000
467	468	466	0.3113	8033.0000
468	469	467	0.3387	8033.0000
469	470	468	0.3180	8033.0000
470	471	469	0.3048	8033.0000
471	472	470	0.3116	8033.0000
472	473	471	0.3126	8033.0000
473	474	472	0.3199	8033.0000
474	475	473	0.3143	8033.0000
475	476	474	0.3239	8033.0000
476	477	475	0.3258	8033.0000
477	478	476	0.3149	8033.0000
478	479	477	0.3579	8033.0000
479	480	478	0.3129	8033.0000
480	481	479	0.3145	8033.0000
481	482	480	0.3136	8033.0000
482	483	481	0.3135	8033.0000
483	484	482	0.3108	8033.0000
484	485	483	0.3074	8033.0000
485	486	484	0.3188	8033.0000
486	487	485	0.3148	8033.0000
487	488	486	0.3193	8033.0000
488	489	487	0.3229	8033.0000
489	490	488	0.3344	8033.0000
490	491	489	0.3365	8033.0000
491	492	490	0.3379	8033.0000
492	493	491	0.3491	8033.0000
493	494	492	0.3426	8033.0000
494	495	493	0.3608	8033.0000
495	496	494	0.3240	8033.0000
496	497	495	0.3689	8033.0000
497	498	496	0.3752	8033.0000
498	499	497	0.3520	8033.0000
499	500	498	0.3071	8033.0000
500	501	499	0.3639	8033.0000
501	502	500	0.2945	8033.0000
502	503	501	0.3624	8033.0000
503	504	502	0.2957	8033.0000
504	505	503	0.3724	8033.0000
505	506	504	0.3414	8033.0000
506	507	505	0.3507	8033.0000
507	508	506	0.3285	8033.0000
508	509	507	0.3591	8033.0000
509	510	508	0.3598	8033.0000
510	511	509	0.3537	8033.0000
511	512	510	0.3536	8033.0000
512	513	511	0.3473	8033.0000
513	514	512	0.3537	8033.0000
514	515	513	0.3416	8033.0000
515	516	514	0.2906	8033.0000
516	517	515	0.3253	8033.0000
517	518	516	0.3410	8033.0000
518	519	517	0.3114	8033.0000
519	520	518	0.3115	8033.0000
520	521	519	0.3126	8033.0000
521	522	520	0.3172	8033.0000
522	523	521	0.3112	8033.0000
523	524	522	0.3126	8033.0000
524	525	523	0.3105	8033.0000
525	526	524	0.3141	8033.0000
526	527	525	0.3170	8033.0000
527	528	526	0.3176	8033.0000
528	529	527	0.3117	8033.0000
529	530	528	0.3112	8033.0000
530	531	529	0.3221	8033.0000
531	532	530	0.3463	8033.0000
532	533	531	0.3218	8033.0000
533	534	532	0.3181	8033.0000
534	535	533	0.3723	8033.0000
535	536	534	0.3354	8033.0000
536	537	535	0.3707	8033.0000
537	538	536	0.3658	8033.0000
538	539	537	0.3683	8033.0000
539	540	538	0.3274	8033.0000
540	541	539	0.3484	8033.0000
541	542	540	0.3159	8033.0000
542	543	541	0.3650	8033.0000
543	544	542	0.3347	8033.0000
544	545	543	0.2970	8033.0000
545	546	544	0.3371	8033.0000
546	547	545	0.3373	8033.0000
547	548	546	0.3325	8033.0000
548	549	547	0.2973	8033.0000
549	550	548	0.3360	8033.0000
550	551	549	0.3404	8033.0000
551	552	550	0.3158	8033.0000
552	553	551	0.3215	8033.0000
553	554	552	0.3113	8033.0000
554	555	553	0.3091	8033.0000
555	556	554	0.3062	8033.0000
556	557	555	0.3234	8033.0000
557	558	556	0.3132	8033.0000
558	559	557	0.3124	8033.0000
559	560	558	0.3174	8033.0000
560	561	559	0.3155	8033.0000
561	562	560	0.3136	8033.0000
562	563	561	0.3043	8033.0000
563	564	562	0.3182	8033.0000
564	565	563	0.3159	8033.0000
565	566	564	0.3147	8033.0000
566	567	565	0.3225	8033.0000
567	568	566	0.3345	8033.0000
568	569	567	0.3318	8033.0000
569	570	568	0.3402	8033.0000
570	571	569	0.3302	8033.0000
571	572	570	0.3561	8033.0000
572	573	571	0.3307	8033.0000
573	574	572	0.2995	8033.0000
574	575	573	0.3807	8033.0000
575	576	574	0.3367	8033.0000
576	577	575	0.3704	8033.0000
577	578	576	0.3655	8033.0000
578	579	577	0.3554	8033.0000
579	580	578	0.3591	8033.0000
580	581	579	0.3669	8033.0000
581	582	580	0.3530	8033.0000
582	583	581	0.3228	8033.0000
583	584	582	0.3390	8033.0000
584	585	583	0.3230	8033.0000
585	586	584	0.3203	8033.0000
586	587	585	0.3086	8033.0000
587	588	586	0.3166	8033.0000
588	589	587	0.3140	8033.0000
589	590	588	0.3108	8033.0000
590	591	589	0.3097	8033.0000
591	592	590	0.3139	8033.0000
592	593	591	0.3197	8033.0000
593	594	592	0.3088	8033.0000
594	595	593	0.3218	8033.0000
595	596	594	0.3246	8033.0000
596	597	595	0.3539	8033.0000
597	598	596	0.2861	8033.0000
598	599	597	0.3448	8033.0000
