parp14 1 739 | parp14 1 1431 | 0.824 350.0
parp14 1 739 | parp14 1 1432 | 0.551 350.0
parp14 1 739 | parp14 1 1433 | 0.538 350.0
parp14 1 739 | parp14 1 1434 | 0.599 350.0
parp14 1 739 | parp14 1 1435 | 0.527 350.0
parp14 1 739 | parp14 1 1436 | 0.572 350.0
parp14 1 739 | parp14 1 1438 | 0.885 350.0
parp14 1 739 | parp14 1 1439 | 0.706 350.0
parp14 1 740 | parp14 1 1430 | 0.715 350.0
parp14 1 740 | parp14 1 1431 | 0.572 350.0
parp14 1 740 | parp14 1 1432 | 0.432 350.0
parp14 1 740 | parp14 1 1433 | 0.672 350.0
parp14 1 740 | parp14 1 1434 | 0.898 350.0
parp14 1 740 | parp14 1 1435 | 0.860 350.0
parp14 1 740 | parp14 1 1436 | 0.792 350.0
parp14 1 740 | parp14 1 1439 | 0.737 350.0
parp14 1 741 | parp14 1 1429 | 0.839 350.0
parp14 1 741 | parp14 1 1430 | 0.586 350.0
parp14 1 741 | parp14 1 1431 | 0.539 350.0
parp14 1 741 | parp14 1 1432 | 0.647 350.0
parp14 1 741 | parp14 1 1436 | 0.833 350.0
parp14 1 741 | parp14 1 1439 | 0.706 350.0
parp14 1 741 | parp14 1 1440 | 0.815 350.0
parp14 1 741 | parp14 1 1443 | 0.856 350.0
parp14 1 742 | parp14 1 1428 | 0.675 350.0
parp14 1 742 | parp14 1 1429 | 0.560 350.0
parp14 1 742 | parp14 1 1430 | 0.433 350.0
parp14 1 742 | parp14 1 1431 | 0.621 350.0
parp14 1 742 | parp14 1 1432 | 0.878 350.0
parp14 1 742 | parp14 1 1443 | 0.875 350.0
parp14 1 743 | parp14 1 1427 | 0.836 350.0
parp14 1 743 | parp14 1 1428 | 0.564 350.0
parp14 1 743 | parp14 1 1429 | 0.523 350.0
parp14 1 743 | parp14 1 1430 | 0.641 350.0
parp14 1 743 | parp14 1 1431 | 0.799 350.0
parp14 1 743 | parp14 1 1443 | 0.719 350.0
parp14 1 743 | parp14 1 1447 | 0.899 350.0
parp14 1 744 | parp14 1 1427 | 0.587 350.0
parp14 1 744 | parp14 1 1428 | 0.438 350.0
parp14 1 744 | parp14 1 1429 | 0.639 350.0
parp14 1 744 | parp14 1 1430 | 0.884 350.0
parp14 1 745 | parp14 1 1427 | 0.535 350.0
parp14 1 745 | parp14 1 1428 | 0.637 350.0
parp14 1 745 | parp14 1 1429 | 0.830 350.0
parp14 1 745 | parp14 1 1447 | 0.820 350.0
parp14 1 746 | parp14 1 1427 | 0.653 350.0
parp14 1 746 | parp14 1 1428 | 0.887 350.0
parp14 1 747 | parp14 1 1427 | 0.792 350.0
parp14 1 747 | parp14 1 1450 | 0.779 350.0
parp14 1 747 | parp14 1 1451 | 0.795 350.0
parp14 1 748 | parp14 1 1427 | 0.874 350.0
parp14 1 749 | parp14 1 1427 | 0.866 350.0
parp14 1 750 | parp14 1 1427 | 0.638 350.0
parp14 1 750 | parp14 1 1450 | 0.638 350.0
parp14 1 751 | parp14 1 1427 | 0.518 350.0
parp14 1 751 | parp14 1 1428 | 0.814 350.0
parp14 1 752 | parp14 1 1427 | 0.897 350.0
parp14 1 753 | parp14 1 1450 | 0.793 350.0
parp14 1 753 | parp14 1 1453 | 0.888 350.0
parp14 1 754 | parp14 1 1450 | 0.864 350.0
parp14 1 761 | parp14 1 1446 | 0.854 350.0
parp14 1 765 | parp14 1 1442 | 0.613 350.0
parp14 1 765 | parp14 1 1445 | 0.845 350.0
parp14 1 765 | parp14 1 1446 | 0.842 350.0
parp14 1 766 | parp14 1 1433 | 0.888 350.0
parp14 1 766 | parp14 1 1442 | 0.877 350.0
parp14 1 768 | parp14 1 1442 | 0.796 350.0
parp14 1 769 | parp14 1 1433 | 0.786 350.0
parp14 1 769 | parp14 1 1438 | 0.553 350.0
parp14 1 769 | parp14 1 1439 | 0.742 350.0
parp14 1 769 | parp14 1 1441 | 0.718 350.0
parp14 1 769 | parp14 1 1442 | 0.611 350.0
parp14 1 770 | parp14 1 1432 | 0.892 350.0
parp14 1 770 | parp14 1 1433 | 0.631 350.0
parp14 1 770 | parp14 1 1434 | 0.740 350.0
parp14 1 770 | parp14 1 1438 | 0.729 350.0
parp14 1 770 | parp14 1 1439 | 0.865 350.0
parp14 1 770 | parp14 1 1442 | 0.877 350.0
parp14 1 771 | parp14 1 1431 | 0.669 350.0
parp14 1 771 | parp14 1 1432 | 0.554 350.0
parp14 1 771 | parp14 1 1433 | 0.434 350.0
parp14 1 771 | parp14 1 1434 | 0.731 350.0
parp14 1 771 | parp14 1 1438 | 0.695 350.0
parp14 1 771 | parp14 1 1439 | 0.641 350.0
parp14 1 771 | parp14 1 1442 | 0.691 350.0
parp14 1 772 | parp14 1 1430 | 0.826 350.0
parp14 1 772 | parp14 1 1431 | 0.561 350.0
parp14 1 772 | parp14 1 1432 | 0.522 350.0
parp14 1 772 | parp14 1 1433 | 0.636 350.0
parp14 1 772 | parp14 1 1439 | 0.871 350.0
parp14 1 772 | parp14 1 1442 | 0.887 350.0
parp14 1 773 | parp14 1 1429 | 0.682 350.0
parp14 1 773 | parp14 1 1430 | 0.565 350.0
parp14 1 773 | parp14 1 1431 | 0.444 350.0
parp14 1 773 | parp14 1 1432 | 0.652 350.0
parp14 1 773 | parp14 1 1433 | 0.897 350.0
parp14 1 773 | parp14 1 1442 | 0.866 350.0
parp14 1 774 | parp14 1 1428 | 0.868 350.0
parp14 1 774 | parp14 1 1429 | 0.578 350.0
parp14 1 774 | parp14 1 1430 | 0.522 350.0
parp14 1 774 | parp14 1 1431 | 0.653 350.0
parp14 1 774 | parp14 1 1432 | 0.885 350.0
parp14 1 775 | parp14 1 1427 | 0.727 350.0
parp14 1 775 | parp14 1 1428 | 0.607 350.0
parp14 1 775 | parp14 1 1429 | 0.456 350.0
parp14 1 775 | parp14 1 1430 | 0.628 350.0
parp14 1 775 | parp14 1 1431 | 0.883 350.0
parp14 1 776 | parp14 1 1427 | 0.735 350.0
parp14 1 776 | parp14 1 1428 | 0.533 350.0
parp14 1 776 | parp14 1 1429 | 0.558 350.0
parp14 1 776 | parp14 1 1430 | 0.649 350.0
