i j d[nm] fc
2 4 0.4948 700.0000
2 17 0.8644 700.0000
2 18 0.6677 700.0000
2 19 0.4616 700.0000
2 20 0.8731 700.0000
2 175 0.6983 700.0000
2 178 0.7924 700.0000
3 5 0.5529 700.0000
3 6 0.6937 700.0000
3 16 0.6891 700.0000
3 17 0.5736 700.0000
3 18 0.4998 700.0000
3 19 0.7736 700.0000
3 178 0.8821 700.0000
4 17 0.5468 700.0000
4 18 0.7074 700.0000
4 19 0.7074 700.0000
4 175 0.7329 700.0000
4 178 0.5629 700.0000
4 179 0.6590 700.0000
4 182 0.6776 700.0000
5 7 0.6298 700.0000
5 15 0.6997 700.0000
5 16 0.5946 700.0000
5 17 0.3996 700.0000
5 18 0.7956 700.0000
5 170 0.8419 700.0000
5 178 0.8683 700.0000
5 182 0.6128 700.0000
5 185 0.7319 700.0000
5 186 0.8273 700.0000
6 8 0.7994 700.0000
6 14 0.5926 700.0000
6 15 0.7015 700.0000
6 16 0.5128 700.0000
6 17 0.7702 700.0000
6 167 0.8780 700.0000
6 169 0.8703 700.0000
7 9 0.6093 700.0000
7 10 0.8990 700.0000
7 13 0.8352 700.0000
7 14 0.5882 700.0000
7 15 0.4489 700.0000
7 16 0.7162 700.0000
7 17 0.8360 700.0000
7 185 0.6766 700.0000
7 189 0.7072 700.0000
8 10 0.5284 700.0000
8 11 0.7517 700.0000
8 12 0.7419 700.0000
8 13 0.5874 700.0000
8 14 0.5704 700.0000
8 15 0.7122 700.0000
8 189 0.8604 700.0000
9 11 0.7716 700.0000
9 12 0.7941 700.0000
9 13 0.4830 700.0000
9 14 0.6335 700.0000
9 15 0.6275 700.0000
9 152 0.7769 700.0000
9 153 0.6978 700.0000
9 156 0.5780 700.0000
9 168 0.8317 700.0000
9 189 0.7301 700.0000
10 12 0.5155 700.0000
10 13 0.3905 700.0000
10 14 0.7542 700.0000
10 156 0.6806 700.0000
10 160 0.8080 700.0000
10 163 0.8990 700.0000
10 166 0.8064 700.0000
11 13 0.5695 700.0000
11 160 0.8675 700.0000
11 166 0.8352 700.0000
12 14 0.6488 700.0000
12 165 0.8673 700.0000
12 166 0.4702 700.0000
12 167 0.8227 700.0000
13 15 0.7612 700.0000
13 156 0.6914 700.0000
13 163 0.8286 700.0000
13 165 0.7123 700.0000
13 166 0.4761 700.0000
13 167 0.7406 700.0000
13 168 0.7573 700.0000
14 16 0.5720 700.0000
14 165 0.8942 700.0000
14 166 0.6802 700.0000
14 167 0.5304 700.0000
14 168 0.5751 700.0000
14 169 0.7709 700.0000
15 17 0.6629 700.0000
15 149 0.8125 700.0000
15 152 0.7564 700.0000
15 167 0.8226 700.0000
15 168 0.4781 700.0000
15 169 0.7341 700.0000
15 170 0.6474 700.0000
15 185 0.7206 700.0000
15 189 0.8680 700.0000
16 18 0.5921 700.0000
16 167 0.6858 700.0000
16 168 0.5849 700.0000
16 169 0.4202 700.0000
16 170 0.6076 700.0000
16 171 0.8692 700.0000
17 19 0.8551 700.0000
17 169 0.7455 700.0000
17 170 0.4885 700.0000
17 171 0.7288 700.0000
17 178 0.5923 700.0000
17 180 0.8934 700.0000
17 181 0.6308 700.0000
17 182 0.6100 700.0000
17 185 0.7867 700.0000
18 20 0.6144 700.0000
18 25 0.8125 700.0000
18 169 0.5958 700.0000
18 170 0.7026 700.0000
18 171 0.5839 700.0000
18 172 0.8666 700.0000
18 178 0.7570 700.0000
19 171 0.7284 700.0000
19 172 0.6463 700.0000
19 173 0.5710 700.0000
19 174 0.6633 700.0000
19 175 0.6180 700.0000
19 177 0.8727 700.0000
19 178 0.6246 700.0000
20 22 0.6415 700.0000
20 23 0.8609 700.0000
20 25 0.7284 700.0000
20 171 0.5251 700.0000
20 172 0.5405 700.0000
20 173 0.4673 700.0000
20 174 0.7961 700.0000
20 178 0.8645 700.0000
21 23 0.4367 700.0000
21 24 0.5388 700.0000
21 25 0.6455 700.0000
21 44 0.8465 700.0000
21 47 0.8104 700.0000
21 48 0.8210 700.0000
21 171 0.8118 700.0000
21 172 0.8331 700.0000
21 173 0.6930 700.0000
22 24 0.8280 700.0000
22 25 0.5610 700.0000
22 27 0.8594 700.0000
22 30 0.5917 700.0000
22 31 0.7400 700.0000
22 32 0.8401 700.0000
22 44 0.6951 700.0000
22 47 0.8567 700.0000
22 48 0.6757 700.0000
22 85 0.8178 700.0000
22 128 0.6267 700.0000
22 129 0.8329 700.0000
22 130 0.7428 700.0000
22 171 0.6200 700.0000
22 172 0.8161 700.0000
22 173 0.8922 700.0000
23 25 0.6191 700.0000
23 30 0.8162 700.0000
23 47 0.7389 700.0000
23 48 0.5948 700.0000
23 51 0.6607 700.0000
23 52 0.8768 700.0000
23 83 0.5934 700.0000
23 84 0.6578 700.0000
23 85 0.6758 700.0000
24 51 0.8551 700.0000
24 83 0.8436 700.0000
24 84 0.7492 700.0000
25 27 0.5131 700.0000
25 30 0.7933 700.0000
25 84 0.7581 700.0000
25 85 0.7256 700.0000
25 128 0.7209 700.0000
25 169 0.7176 700.0000
25 171 0.8153 700.0000
26 28 0.7978 700.0000
26 84 0.8536 700.0000
26 85 0.8597 700.0000
26 126 0.7678 700.0000
26 167 0.8385 700.0000
26 169 0.6911 700.0000
27 29 0.5454 700.0000
27 30 0.6860 700.0000
27 84 0.7561 700.0000
27 85 0.6099 700.0000
27 124 0.8658 700.0000
27 126 0.4686 700.0000
27 127 0.6466 700.0000
27 128 0.6435 700.0000
27 167 0.7871 700.0000
27 169 0.6848 700.0000
28 30 0.8203 700.0000
28 84 0.8880 700.0000
28 85 0.7023 700.0000
28 86 0.7616 700.0000
28 87 0.8800 700.0000
28 119 0.8655 700.0000
28 124 0.4730 700.0000
28 125 0.7156 700.0000
28 126 0.3977 700.0000
28 127 0.7187 700.0000
28 128 0.8928 700.0000
28 167 0.8865 700.0000
29 31 0.7008 700.0000
29 85 0.6116 700.0000
29 86 0.8392 700.0000
29 87 0.6961 700.0000
29 88 0.6741 700.0000
29 89 0.6461 700.0000
29 119 0.7041 700.0000
29 124 0.5598 700.0000
29 126 0.5772 700.0000
29 127 0.5127 700.0000
29 128 0.5937 700.0000
30 32 0.7015 700.0000
30 48 0.8129 700.0000
30 80 0.8683 700.0000
30 83 0.8472 700.0000
30 84 0.8841 700.0000
30 85 0.5822 700.0000
30 87 0.8365 700.0000
30 88 0.5254 700.0000
30 89 0.5759 700.0000
30 90 0.8447 700.0000
30 126 0.8843 700.0000
30 127 0.6657 700.0000
30 128 0.4856 700.0000
30 129 0.7642 700.0000
30 130 0.8649 700.0000
31 33 0.6796 700.0000
31 34 0.8866 700.0000
31 88 0.6834 700.0000
31 89 0.4745 700.0000
31 90 0.6949 700.0000
31 91 0.6288 700.0000
31 112 0.8575 700.0000
31 115 0.6751 700.0000
31 127 0.7164 700.0000
31 128 0.5240 700.0000
31 129 0.5182 700.0000
31 130 0.5627 700.0000
31 132 0.7716 700.0000
32 34 0.4983 700.0000
32 35 0.8599 700.0000
32 38 0.8518 700.0000
32 40 0.7268 700.0000
32 44 0.6244 700.0000
32 45 0.5735 700.0000
32 48 0.6747 700.0000
32 88 0.6579 700.0000
32 89 0.6580 700.0000
32 90 0.4679 700.0000
32 91 0.5480 700.0000
32 92 0.8652 700.0000
32 130 0.7610 700.0000
32 132 0.8204 700.0000
33 35 0.7427 700.0000
33 40 0.8184 700.0000
33 42 0.8218 700.0000
33 43 0.7812 700.0000
33 44 0.5768 700.0000
33 45 0.6103 700.0000
33 48 0.8930 700.0000
33 90 0.7205 700.0000
33 91 0.5173 700.0000
33 92 0.7371 700.0000
33 93 0.7455 700.0000
33 130 0.6793 700.0000
33 131 0.7759 700.0000
33 132 0.5794 700.0000
33 133 0.7293 700.0000
33 136 0.8935 700.0000
33 137 0.8231 700.0000
34 36 0.7152 700.0000
34 37 0.8490 700.0000
34 38 0.5964 700.0000
34 39 0.8485 700.0000
34 40 0.6891 700.0000
34 42 0.8761 700.0000
34 44 0.8829 700.0000
34 45 0.7185 700.0000
34 70 0.8500 700.0000
34 90 0.5708 700.0000
34 91 0.4660 700.0000
34 92 0.5045 700.0000
34 93 0.6577 700.0000
34 132 0.8333 700.0000
34 133 0.9000 700.0000
34 137 0.8276 700.0000
35 37 0.5020 700.0000
35 38 0.5073 700.0000
35 39 0.6077 700.0000
35 40 0.7089 700.0000
35 41 0.7185 700.0000
35 42 0.8838 700.0000
35 45 0.8921 700.0000
35 69 0.8565 700.0000
35 70 0.7388 700.0000
35 90 0.8338 700.0000
35 91 0.7974 700.0000
35 92 0.6258 700.0000
35 93 0.7744 700.0000
35 95 0.8649 700.0000
35 137 0.8274 700.0000
36 38 0.7337 700.0000
36 39 0.8719 700.0000
36 69 0.5529 700.0000
36 70 0.5414 700.0000
36 71 0.6256 700.0000
36 72 0.6680 700.0000
36 74 0.8682 700.0000
36 92 0.6171 700.0000
36 93 0.7601 700.0000
36 95 0.7409 700.0000
37 39 0.5025 700.0000
37 41 0.8933 700.0000
37 60 0.8800 700.0000
37 61 0.8313 700.0000
37 64 0.6672 700.0000
37 68 0.8149 700.0000
37 69 0.5032 700.0000
37 70 0.6940 700.0000
38 40 0.6172 700.0000
38 56 0.8538 700.0000
38 57 0.6712 700.0000
38 60 0.4558 700.0000
38 61 0.6935 700.0000
38 63 0.7238 700.0000
38 64 0.6582 700.0000
38 68 0.8957 700.0000
38 69 0.8757 700.0000
38 70 0.6938 700.0000
38 76 0.7986 700.0000
38 90 0.6031 700.0000
38 91 0.8884 700.0000
38 92 0.8394 700.0000
39 41 0.6017 700.0000
39 57 0.5685 700.0000
39 60 0.7326 700.0000
39 61 0.6825 700.0000
39 64 0.8914 700.0000
40 42 0.6463 700.0000
40 43 0.8234 700.0000
40 44 0.8529 700.0000
40 45 0.4392 700.0000
40 46 0.5773 700.0000
40 47 0.8217 700.0000
40 48 0.7383 700.0000
40 49 0.5625 700.0000
40 56 0.6742 700.0000
40 57 0.5399 700.0000
40 60 0.7453 700.0000
40 90 0.8056 700.0000
41 43 0.7596 700.0000
41 45 0.7692 700.0000
41 46 0.7778 700.0000
41 136 0.8720 700.0000
42 44 0.6746 700.0000
42 45 0.4854 700.0000
42 46 0.4813 700.0000
42 47 0.7728 700.0000
42 136 0.7380 700.0000
43 45 0.4818 700.0000
43 46 0.4829 700.0000
43 47 0.6350 700.0000
43 48 0.8476 700.0000
43 135 0.8535 700.0000
43 136 0.7639 700.0000
44 46 0.6031 700.0000
44 47 0.5478 700.0000
44 48 0.5768 700.0000
44 130 0.7803 700.0000
44 131 0.8975 700.0000
44 172 0.8655 700.0000
45 47 0.5070 700.0000
45 48 0.4926 700.0000
45 49 0.6044 700.0000
45 56 0.8909 700.0000
45 90 0.8965 700.0000
46 48 0.5754 700.0000
46 49 0.5006 700.0000
46 50 0.6167 700.0000
46 51 0.8369 700.0000
47 49 0.5531 700.0000
47 50 0.5218 700.0000
47 51 0.6185 700.0000
47 52 0.8401 700.0000
48 50 0.7583 700.0000
48 51 0.5827 700.0000
48 52 0.6717 700.0000
48 53 0.8359 700.0000
48 56 0.7563 700.0000
48 80 0.8310 700.0000
48 83 0.6976 700.0000
48 88 0.8171 700.0000
49 51 0.5569 700.0000
49 52 0.5093 700.0000
49 53 0.4672 700.0000
49 54 0.6962 700.0000
49 56 0.5644 700.0000
49 57 0.6831 700.0000
49 80 0.8867 700.0000
49 83 0.8795 700.0000
50 52 0.7191 700.0000
50 53 0.6953 700.0000
51 53 0.5463 700.0000
51 56 0.8794 700.0000
51 80 0.8529 700.0000
51 81 0.7863 700.0000
51 82 0.6034 700.0000
51 83 0.5740 700.0000
52 54 0.6278 700.0000
52 55 0.6310 700.0000
52 56 0.5964 700.0000
52 80 0.5900 700.0000
52 81 0.4855 700.0000
52 82 0.4340 700.0000
52 83 0.5143 700.0000
53 55 0.5486 700.0000
53 56 0.5934 700.0000
53 57 0.7875 700.0000
53 58 0.8960 700.0000
53 80 0.7886 700.0000
53 81 0.6615 700.0000
53 82 0.5797 700.0000
53 83 0.8117 700.0000
54 56 0.6578 700.0000
54 57 0.6796 700.0000
54 58 0.6617 700.0000
54 81 0.8215 700.0000
54 82 0.8039 700.0000
55 57 0.8436 700.0000
55 58 0.6431 700.0000
55 59 0.7393 700.0000
55 79 0.6584 700.0000
55 80 0.6782 700.0000
55 81 0.5094 700.0000
55 82 0.6783 700.0000
56 58 0.6255 700.0000
56 59 0.6210 700.0000
56 60 0.5728 700.0000
56 61 0.8833 700.0000
56 78 0.6223 700.0000
56 79 0.6632 700.0000
56 80 0.5495 700.0000
56 81 0.6612 700.0000
56 83 0.8412 700.0000
56 88 0.7004 700.0000
56 90 0.8117 700.0000
57 59 0.7250 700.0000
57 60 0.4803 700.0000
57 61 0.5170 700.0000
58 60 0.5428 700.0000
58 61 0.4733 700.0000
58 62 0.6272 700.0000
58 63 0.8363 700.0000
58 79 0.7904 700.0000
59 61 0.6788 700.0000
59 62 0.5144 700.0000
59 63 0.5831 700.0000
59 77 0.8592 700.0000
59 78 0.5448 700.0000
59 79 0.4570 700.0000
59 80 0.8585 700.0000
60 62 0.7060 700.0000
60 63 0.5141 700.0000
60 64 0.6770 700.0000
60 76 0.8356 700.0000
60 77 0.8928 700.0000
60 78 0.6310 700.0000
60 79 0.8048 700.0000
60 88 0.8888 700.0000
60 90 0.6976 700.0000
61 63 0.6719 700.0000
61 64 0.5876 700.0000
61 65 0.7131 700.0000
62 64 0.7371 700.0000
62 65 0.6015 700.0000
62 66 0.5707 700.0000
62 67 0.8807 700.0000
63 65 0.7492 700.0000
63 66 0.4744 700.0000
63 67 0.5229 700.0000
63 68 0.6775 700.0000
63 70 0.8845 700.0000
63 76 0.7312 700.0000
63 77 0.8326 700.0000
63 78 0.7829 700.0000
64 66 0.6762 700.0000
64 67 0.6118 700.0000
64 68 0.3868 700.0000
64 69 0.6788 700.0000
64 70 0.7240 700.0000
65 67 0.8496 700.0000
65 68 0.7580 700.0000
66 68 0.7116 700.0000
67 70 0.7991 700.0000
67 76 0.8371 700.0000
68 70 0.5972 700.0000
69 71 0.7065 700.0000
70 72 0.7187 700.0000
70 73 0.8104 700.0000
70 74 0.5493 700.0000
70 75 0.7320 700.0000
70 76 0.7611 700.0000
70 91 0.8937 700.0000
70 92 0.6131 700.0000
71 73 0.6200 700.0000
71 74 0.5253 700.0000
71 92 0.6851 700.0000
71 93 0.8518 700.0000
71 107 0.8928 700.0000
72 74 0.5578 700.0000
72 92 0.5465 700.0000
72 93 0.5469 700.0000
72 94 0.5966 700.0000
72 95 0.7565 700.0000
72 103 0.8446 700.0000
72 104 0.8922 700.0000
72 107 0.5709 700.0000
72 110 0.7563 700.0000
72 111 0.8813 700.0000
73 75 0.6729 700.0000
73 91 0.7584 700.0000
73 92 0.5266 700.0000
73 93 0.5933 700.0000
73 94 0.7139 700.0000
73 103 0.8922 700.0000
73 106 0.7314 700.0000
73 107 0.4564 700.0000
73 108 0.7280 700.0000
73 110 0.3747 700.0000
73 111 0.4958 700.0000
73 112 0.8705 700.0000
73 114 0.7289 700.0000
74 76 0.7578 700.0000
74 91 0.7100 700.0000
74 92 0.4890 700.0000
74 93 0.7384 700.0000
74 107 0.7857 700.0000
74 110 0.5951 700.0000
74 111 0.6213 700.0000
74 114 0.6786 700.0000
75 77 0.7644 700.0000
75 89 0.6991 700.0000
75 90 0.6936 700.0000
75 91 0.5831 700.0000
75 92 0.6405 700.0000
75 110 0.8282 700.0000
75 111 0.6073 700.0000
75 112 0.8751 700.0000
75 114 0.4935 700.0000
75 115 0.6059 700.0000
75 117 0.8904 700.0000
75 118 0.6942 700.0000
76 78 0.6861 700.0000
76 88 0.7968 700.0000
76 89 0.6070 700.0000
76 90 0.5058 700.0000
76 91 0.7452 700.0000
76 92 0.8498 700.0000
76 114 0.8379 700.0000
76 115 0.8150 700.0000
76 118 0.7109 700.0000
77 79 0.7864 700.0000
77 87 0.5883 700.0000
77 88 0.5950 700.0000
77 89 0.5428 700.0000
77 90 0.6418 700.0000
77 118 0.6284 700.0000
77 122 0.6988 700.0000
78 80 0.6149 700.0000
78 81 0.8686 700.0000
78 87 0.5240 700.0000
78 88 0.4284 700.0000
78 89 0.6920 700.0000
78 90 0.6047 700.0000
79 81 0.6497 700.0000
79 86 0.8447 700.0000
79 87 0.6091 700.0000
79 88 0.7631 700.0000
80 82 0.7270 700.0000
80 83 0.4656 700.0000
80 84 0.7733 700.0000
80 85 0.6404 700.0000
80 86 0.7069 700.0000
80 87 0.6191 700.0000
80 88 0.5679 700.0000
81 83 0.4869 700.0000
81 84 0.7997 700.0000
81 85 0.7932 700.0000
81 86 0.7992 700.0000
81 87 0.8582 700.0000
81 88 0.8788 700.0000
82 84 0.8680 700.0000
83 85 0.4556 700.0000
83 86 0.8605 700.0000
83 88 0.8259 700.0000
84 86 0.7767 700.0000
85 87 0.7762 700.0000
85 88 0.7462 700.0000
86 124 0.8283 700.0000
87 89 0.7540 700.0000
87 122 0.6960 700.0000
87 124 0.7561 700.0000
88 90 0.5136 700.0000
89 91 0.6716 700.0000
89 115 0.5573 700.0000
89 116 0.8988 700.0000
89 118 0.6414 700.0000
89 119 0.7818 700.0000
89 127 0.8619 700.0000
89 128 0.8514 700.0000
90 92 0.7826 700.0000
90 115 0.8955 700.0000
91 93 0.5856 700.0000
91 108 0.8748 700.0000
91 111 0.5734 700.0000
91 112 0.7864 700.0000
91 114 0.8599 700.0000
91 115 0.7111 700.0000
91 130 0.8534 700.0000
91 132 0.6306 700.0000
91 133 0.8801 700.0000
92 94 0.6903 700.0000
92 95 0.8775 700.0000
92 107 0.8344 700.0000
92 108 0.8716 700.0000
92 110 0.8785 700.0000
92 111 0.6566 700.0000
92 132 0.8245 700.0000
92 133 0.8787 700.0000
92 137 0.8538 700.0000
93 95 0.6543 700.0000
93 104 0.8524 700.0000
93 107 0.6752 700.0000
93 108 0.6403 700.0000
93 111 0.6970 700.0000
93 132 0.6491 700.0000
93 133 0.5679 700.0000
93 137 0.5870 700.0000
93 139 0.8897 700.0000
94 96 0.7319 700.0000
94 97 0.8716 700.0000
94 103 0.8749 700.0000
94 104 0.5226 700.0000
94 105 0.8208 700.0000
94 107 0.5508 700.0000
94 108 0.5843 700.0000
94 111 0.8718 700.0000
94 132 0.7870 700.0000
94 133 0.5537 700.0000
94 137 0.5773 700.0000
94 138 0.8394 700.0000
94 139 0.6658 700.0000
95 97 0.8853 700.0000
95 133 0.8023 700.0000
95 136 0.7815 700.0000
95 137 0.4208 700.0000
95 138 0.8243 700.0000
96 98 0.5463 700.0000
96 99 0.8912 700.0000
96 100 0.7848 700.0000
96 101 0.5987 700.0000
96 104 0.5579 700.0000
96 105 0.8693 700.0000
96 133 0.8299 700.0000
96 137 0.8604 700.0000
96 138 0.5462 700.0000
96 139 0.4755 700.0000
96 140 0.5889 700.0000
97 99 0.5492 700.0000
97 100 0.4634 700.0000
97 101 0.5649 700.0000
97 102 0.8493 700.0000
97 104 0.6071 700.0000
97 138 0.8746 700.0000
97 139 0.8690 700.0000
98 100 0.6008 700.0000
98 101 0.4948 700.0000
98 102 0.7907 700.0000
98 104 0.7761 700.0000
99 101 0.8241 700.0000
100 102 0.6451 700.0000
100 103 0.6214 700.0000
100 104 0.5880 700.0000
101 103 0.7612 700.0000
101 104 0.4530 700.0000
101 105 0.6015 700.0000
101 139 0.8528 700.0000
101 143 0.8502 700.0000
102 104 0.5736 700.0000
102 105 0.5522 700.0000
102 106 0.8037 700.0000
102 107 0.8929 700.0000
103 105 0.7420 700.0000
103 106 0.4986 700.0000
103 107 0.5133 700.0000
103 110 0.8404 700.0000
104 106 0.7620 700.0000
104 107 0.5511 700.0000
104 108 0.6967 700.0000
104 139 0.6792 700.0000
105 107 0.6427 700.0000
105 108 0.5709 700.0000
105 109 0.5934 700.0000
105 139 0.7797 700.0000
105 143 0.6967 700.0000
105 144 0.8381 700.0000
105 147 0.5738 700.0000
106 108 0.7690 700.0000
106 109 0.6083 700.0000
106 110 0.4957 700.0000
106 111 0.8891 700.0000
106 113 0.8885 700.0000
107 109 0.7708 700.0000
107 110 0.4822 700.0000
107 111 0.7079 700.0000
108 110 0.7538 700.0000
108 111 0.5617 700.0000
108 112 0.6370 700.0000
108 113 0.8737 700.0000
108 132 0.6039 700.0000
108 133 0.6875 700.0000
108 139 0.7206 700.0000
108 144 0.6540 700.0000
108 147 0.5517 700.0000
108 148 0.6423 700.0000
108 151 0.8629 700.0000
109 111 0.7855 700.0000
109 112 0.7014 700.0000
109 113 0.6014 700.0000
109 147 0.5330 700.0000
109 148 0.7580 700.0000
109 150 0.6225 700.0000
109 151 0.5161 700.0000
109 154 0.6769 700.0000
110 112 0.8013 700.0000
110 113 0.6501 700.0000
110 114 0.6364 700.0000
111 113 0.5934 700.0000
111 114 0.5006 700.0000
111 115 0.5748 700.0000
111 116 0.8424 700.0000
111 132 0.7493 700.0000
111 148 0.8697 700.0000
111 151 0.8891 700.0000
112 114 0.6257 700.0000
112 115 0.5080 700.0000
112 116 0.5903 700.0000
112 117 0.8642 700.0000
112 129 0.7578 700.0000
112 132 0.7593 700.0000
112 147 0.8221 700.0000
112 148 0.6035 700.0000
112 151 0.5796 700.0000
112 152 0.7091 700.0000
112 155 0.8970 700.0000
113 115 0.7108 700.0000
113 116 0.6424 700.0000
113 117 0.6878 700.0000
113 151 0.5615 700.0000
113 152 0.8115 700.0000
113 154 0.7354 700.0000
113 155 0.6834 700.0000
114 116 0.6719 700.0000
114 117 0.5183 700.0000
114 118 0.6343 700.0000
115 117 0.5901 700.0000
115 118 0.5220 700.0000
115 119 0.6774 700.0000
115 127 0.8292 700.0000
115 129 0.8270 700.0000
116 118 0.6769 700.0000
116 119 0.5881 700.0000
116 120 0.6488 700.0000
116 127 0.7344 700.0000
116 129 0.8786 700.0000
116 151 0.8132 700.0000
116 152 0.7260 700.0000
116 155 0.6242 700.0000
116 156 0.8592 700.0000
116 165 0.7381 700.0000
116 168 0.8722 700.0000
117 119 0.6207 700.0000
117 120 0.5947 700.0000
117 121 0.7000 700.0000
117 155 0.7889 700.0000
118 120 0.7366 700.0000
118 121 0.5414 700.0000
118 122 0.5993 700.0000
118 124 0.8554 700.0000
119 121 0.6295 700.0000
119 122 0.5862 700.0000
119 123 0.6398 700.0000
119 124 0.4876 700.0000
119 126 0.8248 700.0000
119 127 0.7304 700.0000
119 164 0.7425 700.0000
119 165 0.6822 700.0000
120 122 0.8282 700.0000
120 123 0.5353 700.0000
120 124 0.7460 700.0000
120 155 0.8714 700.0000
120 162 0.7003 700.0000
120 163 0.5894 700.0000
120 164 0.4513 700.0000
120 165 0.5492 700.0000
121 123 0.6509 700.0000
121 124 0.8698 700.0000
122 124 0.5994 700.0000
123 125 0.8503 700.0000
123 164 0.5024 700.0000
123 165 0.8325 700.0000
124 126 0.6195 700.0000
124 127 0.7886 700.0000
124 164 0.7896 700.0000
124 165 0.7975 700.0000
125 164 0.6230 700.0000
125 165 0.6095 700.0000
125 166 0.4965 700.0000
125 167 0.6560 700.0000
126 128 0.7330 700.0000
126 165 0.6446 700.0000
126 166 0.7582 700.0000
126 167 0.5238 700.0000
126 168 0.7323 700.0000
126 169 0.7168 700.0000
127 129 0.5960 700.0000
127 165 0.6889 700.0000
127 167 0.7326 700.0000
127 168 0.5176 700.0000
127 169 0.6386 700.0000
127 170 0.8781 700.0000
128 130 0.6643 700.0000
128 168 0.6948 700.0000
128 169 0.5880 700.0000
128 170 0.7138 700.0000
128 171 0.6496 700.0000
129 131 0.7469 700.0000
129 132 0.7435 700.0000
129 148 0.7183 700.0000
129 152 0.8706 700.0000
129 168 0.7035 700.0000
129 169 0.7821 700.0000
129 170 0.5318 700.0000
129 171 0.6241 700.0000
129 181 0.8559 700.0000
130 132 0.4953 700.0000
130 133 0.8673 700.0000
130 134 0.8721 700.0000
130 144 0.8988 700.0000
130 148 0.7833 700.0000
130 170 0.6986 700.0000
130 171 0.5694 700.0000
130 172 0.7168 700.0000
130 181 0.8291 700.0000
131 133 0.5986 700.0000
131 134 0.4932 700.0000
131 135 0.7610 700.0000
131 139 0.8397 700.0000
131 141 0.7379 700.0000
131 144 0.5719 700.0000
131 145 0.6902 700.0000
131 148 0.7316 700.0000
131 170 0.8544 700.0000
131 171 0.7804 700.0000
131 172 0.7045 700.0000
131 177 0.6940 700.0000
131 181 0.7257 700.0000
132 134 0.6703 700.0000
132 135 0.8604 700.0000
132 137 0.8404 700.0000
132 139 0.8033 700.0000
132 144 0.6447 700.0000
132 145 0.8804 700.0000
132 148 0.6847 700.0000
133 135 0.5455 700.0000
133 136 0.7096 700.0000
133 137 0.4683 700.0000
133 138 0.6000 700.0000
133 139 0.4949 700.0000
133 140 0.8221 700.0000
133 144 0.6336 700.0000
134 136 0.7199 700.0000
134 137 0.7371 700.0000
134 138 0.5562 700.0000
134 139 0.5795 700.0000
134 140 0.6902 700.0000
134 141 0.5896 700.0000
134 142 0.8961 700.0000
134 144 0.6153 700.0000
134 145 0.8864 700.0000
134 177 0.8195 700.0000
135 137 0.5847 700.0000
135 138 0.5029 700.0000
135 139 0.7754 700.0000
135 140 0.8937 700.0000
135 141 0.8891 700.0000
136 138 0.6567 700.0000
137 139 0.7754 700.0000
138 140 0.5803 700.0000
138 141 0.8744 700.0000
138 144 0.8901 700.0000
139 141 0.7088 700.0000
139 142 0.7599 700.0000
139 143 0.7168 700.0000
139 144 0.4810 700.0000
139 145 0.8680 700.0000
139 147 0.8387 700.0000
140 142 0.5751 700.0000
140 143 0.6232 700.0000
140 144 0.6149 700.0000
140 145 0.8784 700.0000
141 143 0.8159 700.0000
141 144 0.5404 700.0000
141 145 0.5870 700.0000
141 146 0.8483 700.0000
141 176 0.8683 700.0000
141 177 0.6342 700.0000
141 180 0.6369 700.0000
141 181 0.8086 700.0000
142 144 0.5180 700.0000
142 145 0.4573 700.0000
142 146 0.4820 700.0000
142 147 0.7922 700.0000
142 180 0.6411 700.0000
142 181 0.8223 700.0000
142 183 0.8072 700.0000
142 184 0.7656 700.0000
143 145 0.7374 700.0000
143 146 0.4539 700.0000
143 147 0.6340 700.0000
144 146 0.6568 700.0000
144 147 0.5481 700.0000
144 148 0.5807 700.0000
144 149 0.8916 700.0000
144 180 0.8886 700.0000
144 181 0.7905 700.0000
145 147 0.6016 700.0000
145 148 0.5204 700.0000
145 149 0.6219 700.0000
145 150 0.8590 700.0000
145 170 0.8528 700.0000
145 177 0.7926 700.0000
145 180 0.5783 700.0000
145 181 0.4637 700.0000
145 182 0.8565 700.0000
145 183 0.8431 700.0000
145 184 0.5855 700.0000
145 185 0.8698 700.0000
146 148 0.7489 700.0000
146 149 0.6724 700.0000
146 150 0.6961 700.0000
146 180 0.8496 700.0000
146 181 0.8772 700.0000
146 183 0.8344 700.0000
146 184 0.5665 700.0000
146 187 0.7244 700.0000
146 188 0.7395 700.0000
147 149 0.6286 700.0000
147 150 0.5289 700.0000
147 151 0.6532 700.0000
147 152 0.8974 700.0000
148 150 0.6266 700.0000
148 151 0.5921 700.0000
148 152 0.6490 700.0000
148 170 0.7920 700.0000
148 181 0.7146 700.0000
148 184 0.8755 700.0000
149 151 0.5818 700.0000
149 152 0.5057 700.0000
149 153 0.6775 700.0000
149 154 0.8432 700.0000
149 170 0.8062 700.0000
149 181 0.7134 700.0000
149 184 0.5803 700.0000
149 185 0.6134 700.0000
149 187 0.8597 700.0000
149 188 0.5996 700.0000
149 189 0.7489 700.0000
150 152 0.5877 700.0000
150 153 0.5441 700.0000
150 154 0.5230 700.0000
150 184 0.8428 700.0000
150 188 0.6094 700.0000
150 189 0.8419 700.0000
151 153 0.6601 700.0000
151 154 0.4354 700.0000
151 155 0.6482 700.0000
151 156 0.8677 700.0000
152 154 0.6566 700.0000
152 155 0.5974 700.0000
152 156 0.6524 700.0000
152 168 0.7175 700.0000
153 155 0.7838 700.0000
153 156 0.7094 700.0000
153 157 0.5270 700.0000
153 188 0.6209 700.0000
153 189 0.5663 700.0000
154 156 0.7961 700.0000
154 157 0.5982 700.0000
154 158 0.7335 700.0000
155 157 0.7785 700.0000
155 158 0.7456 700.0000
155 159 0.7065 700.0000
155 163 0.6771 700.0000
155 165 0.8836 700.0000
156 159 0.7611 700.0000
156 160 0.6972 700.0000
156 163 0.5673 700.0000
156 165 0.7785 700.0000
157 159 0.8709 700.0000
157 160 0.6875 700.0000
158 160 0.7849 700.0000
159 161 0.5124 700.0000
159 162 0.6874 700.0000
159 163 0.6667 700.0000
160 162 0.8816 700.0000
160 163 0.7880 700.0000
161 163 0.6408 700.0000
162 164 0.5876 700.0000
162 165 0.8621 700.0000
163 165 0.5862 700.0000
163 166 0.7643 700.0000
164 166 0.6448 700.0000
165 167 0.7227 700.0000
165 168 0.6947 700.0000
166 168 0.8040 700.0000
167 169 0.5628 700.0000
168 170 0.6573 700.0000
169 171 0.7174 700.0000
170 172 0.8477 700.0000
170 178 0.7379 700.0000
170 181 0.4922 700.0000
170 182 0.8571 700.0000
170 185 0.8838 700.0000
171 173 0.7463 700.0000
171 174 0.8885 700.0000
171 177 0.7952 700.0000
171 178 0.7031 700.0000
171 181 0.7448 700.0000
172 174 0.4571 700.0000
172 175 0.8515 700.0000
172 177 0.5003 700.0000
172 178 0.6115 700.0000
172 181 0.8220 700.0000
173 175 0.8093 700.0000
173 177 0.7713 700.0000
173 178 0.8358 700.0000
174 176 0.5431 700.0000
174 177 0.4684 700.0000
174 178 0.6246 700.0000
174 179 0.8012 700.0000
175 177 0.7275 700.0000
175 178 0.5908 700.0000
175 179 0.5320 700.0000
176 178 0.7443 700.0000
176 179 0.5531 700.0000
176 180 0.7795 700.0000
177 179 0.6472 700.0000
177 180 0.5503 700.0000
177 181 0.5971 700.0000
178 180 0.5688 700.0000
178 181 0.5402 700.0000
178 182 0.6500 700.0000
179 181 0.8224 700.0000
179 182 0.6445 700.0000
179 183 0.7465 700.0000
180 182 0.5105 700.0000
180 183 0.5022 700.0000
180 184 0.6071 700.0000
180 185 0.8444 700.0000
180 186 0.8906 700.0000
181 183 0.8235 700.0000
181 184 0.6224 700.0000
181 185 0.7291 700.0000
182 184 0.5249 700.0000
182 185 0.4992 700.0000
182 186 0.5062 700.0000
182 187 0.8360 700.0000
183 185 0.7120 700.0000
183 186 0.5318 700.0000
183 187 0.6120 700.0000
184 186 0.5802 700.0000
184 187 0.4608 700.0000
184 188 0.5651 700.0000
184 189 0.7799 700.0000
185 187 0.5962 700.0000
185 188 0.5691 700.0000
185 189 0.5417 700.0000
186 188 0.7982 700.0000
186 189 0.7934 700.0000
187 189 0.6919 700.0000
214 217 0.7862 700.0000
215 217 0.7262 700.0000
215 218 0.6925 700.0000
216 218 0.7789 700.0000
216 394 0.8373 700.0000
216 397 0.8671 700.0000
216 398 0.8408 700.0000
217 219 0.6710 700.0000
217 227 0.8225 700.0000
217 228 0.5543 700.0000
217 229 0.4599 700.0000
217 230 0.7951 700.0000
217 394 0.8067 700.0000
217 397 0.5964 700.0000
218 220 0.6902 700.0000
218 226 0.6446 700.0000
218 227 0.6313 700.0000
218 228 0.5602 700.0000
218 229 0.7343 700.0000
218 397 0.6252 700.0000
218 401 0.8192 700.0000
219 221 0.7238 700.0000
219 225 0.8615 700.0000
219 226 0.6481 700.0000
219 227 0.4166 700.0000
219 228 0.7162 700.0000
219 229 0.8970 700.0000
219 360 0.8284 700.0000
219 364 0.7896 700.0000
219 397 0.5266 700.0000
219 398 0.8923 700.0000
219 400 0.7217 700.0000
219 401 0.6797 700.0000
220 222 0.6787 700.0000
220 223 0.7674 700.0000
220 224 0.5597 700.0000
220 225 0.6437 700.0000
220 226 0.5601 700.0000
220 227 0.6105 700.0000
220 364 0.7794 700.0000
221 223 0.4586 700.0000
221 224 0.4314 700.0000
221 225 0.4785 700.0000
221 226 0.7507 700.0000
221 227 0.6931 700.0000
221 363 0.7941 700.0000
221 364 0.5430 700.0000
221 367 0.5737 700.0000
221 368 0.7567 700.0000
222 224 0.6091 700.0000
222 225 0.7820 700.0000
222 364 0.6854 700.0000
222 367 0.6168 700.0000
222 368 0.6024 700.0000
223 225 0.5674 700.0000
223 364 0.8800 700.0000
223 367 0.4801 700.0000
223 368 0.6741 700.0000
223 370 0.8620 700.0000
223 371 0.7790 700.0000
223 372 0.6855 700.0000
224 226 0.6589 700.0000
224 227 0.8738 700.0000
224 367 0.6873 700.0000
224 372 0.7951 700.0000
224 375 0.8794 700.0000
224 376 0.7053 700.0000
225 227 0.6058 700.0000
225 363 0.6952 700.0000
225 364 0.7743 700.0000
225 366 0.8418 700.0000
225 367 0.5662 700.0000
225 372 0.7333 700.0000
225 375 0.6272 700.0000
225 376 0.6420 700.0000
225 377 0.7108 700.0000
225 378 0.6582 700.0000
226 228 0.5752 700.0000
226 376 0.7170 700.0000
226 377 0.5217 700.0000
226 378 0.6533 700.0000
226 379 0.8048 700.0000
227 229 0.8614 700.0000
227 360 0.6828 700.0000
227 363 0.6696 700.0000
227 364 0.7065 700.0000
227 377 0.8130 700.0000
227 378 0.5008 700.0000
227 379 0.7916 700.0000
227 380 0.6752 700.0000
227 397 0.6963 700.0000
228 230 0.6335 700.0000
228 377 0.6888 700.0000
228 378 0.5933 700.0000
228 379 0.4641 700.0000
228 380 0.6150 700.0000
228 381 0.8967 700.0000
228 397 0.8288 700.0000
229 231 0.7608 700.0000
229 379 0.7952 700.0000
229 380 0.5795 700.0000
229 381 0.7699 700.0000
229 382 0.6531 700.0000
229 390 0.7575 700.0000
229 393 0.6691 700.0000
229 394 0.7046 700.0000
229 397 0.6495 700.0000
230 232 0.5051 700.0000
230 233 0.7887 700.0000
230 237 0.8922 700.0000
230 379 0.6352 700.0000
230 380 0.6761 700.0000
230 381 0.4879 700.0000
230 382 0.5665 700.0000
231 233 0.8092 700.0000
231 381 0.8359 700.0000
231 382 0.5851 700.0000
231 383 0.6977 700.0000
231 384 0.4472 700.0000
231 385 0.8270 700.0000
231 387 0.8894 700.0000
231 390 0.6744 700.0000
232 234 0.6510 700.0000
232 235 0.7325 700.0000
232 236 0.5334 700.0000
232 237 0.6732 700.0000
232 238 0.8849 700.0000
232 381 0.5549 700.0000
232 382 0.6995 700.0000
232 383 0.7398 700.0000
232 384 0.7328 700.0000
233 235 0.4296 700.0000
233 236 0.4564 700.0000
233 237 0.6769 700.0000
233 257 0.8919 700.0000
233 260 0.8004 700.0000
233 261 0.8903 700.0000
233 381 0.5918 700.0000
233 382 0.7613 700.0000
233 383 0.5905 700.0000
233 384 0.7461 700.0000
234 236 0.6053 700.0000
234 237 0.5656 700.0000
234 242 0.6876 700.0000
234 243 0.7937 700.0000
234 244 0.8586 700.0000
234 257 0.6622 700.0000
234 260 0.7144 700.0000
234 261 0.6143 700.0000
234 295 0.8686 700.0000
234 339 0.7220 700.0000
234 341 0.6650 700.0000
234 381 0.5367 700.0000
234 382 0.8710 700.0000
234 383 0.8362 700.0000
235 237 0.6643 700.0000
235 257 0.8245 700.0000
235 260 0.5251 700.0000
235 261 0.5533 700.0000
235 263 0.8156 700.0000
235 264 0.5789 700.0000
235 295 0.7371 700.0000
235 296 0.8759 700.0000
235 381 0.8913 700.0000
235 383 0.8990 700.0000
236 238 0.6837 700.0000
236 264 0.7444 700.0000
236 295 0.8108 700.0000
236 296 0.6816 700.0000
236 381 0.8815 700.0000
237 239 0.5106 700.0000
237 241 0.8618 700.0000
237 242 0.6932 700.0000
237 295 0.7165 700.0000
237 296 0.5534 700.0000
237 297 0.6529 700.0000
237 339 0.7013 700.0000
237 379 0.8029 700.0000
237 381 0.7360 700.0000
238 240 0.8836 700.0000
238 296 0.4853 700.0000
238 297 0.7568 700.0000
239 241 0.5067 700.0000
239 242 0.6327 700.0000
239 296 0.7672 700.0000
239 297 0.5923 700.0000
239 298 0.7760 700.0000
239 337 0.4497 700.0000
239 338 0.6053 700.0000
239 339 0.5678 700.0000
239 377 0.7867 700.0000
239 379 0.6347 700.0000
240 242 0.8324 700.0000
240 297 0.6360 700.0000
240 298 0.4172 700.0000
240 299 0.7213 700.0000
240 330 0.7717 700.0000
240 333 0.8904 700.0000
240 335 0.5135 700.0000
240 336 0.6590 700.0000
240 337 0.4190 700.0000
240 338 0.7339 700.0000
240 339 0.8889 700.0000
240 377 0.8833 700.0000
241 243 0.6961 700.0000
241 297 0.6309 700.0000
241 298 0.6985 700.0000
241 299 0.6359 700.0000
241 300 0.6698 700.0000
241 301 0.6526 700.0000
241 326 0.8154 700.0000
241 329 0.8908 700.0000
241 330 0.6350 700.0000
241 335 0.7148 700.0000
241 337 0.5543 700.0000
241 338 0.4675 700.0000
241 339 0.5580 700.0000
241 340 0.8435 700.0000
242 244 0.7034 700.0000
242 261 0.8054 700.0000
242 292 0.8375 700.0000
242 295 0.7916 700.0000
242 297 0.6143 700.0000
242 299 0.8258 700.0000
242 300 0.4902 700.0000
242 301 0.5922 700.0000
242 302 0.8312 700.0000
242 337 0.8846 700.0000
242 338 0.6691 700.0000
242 339 0.4641 700.0000
242 340 0.7585 700.0000
242 341 0.8068 700.0000
242 381 0.8968 700.0000
243 245 0.7355 700.0000
243 257 0.8607 700.0000
243 300 0.6653 700.0000
243 301 0.5048 700.0000
243 302 0.7170 700.0000
243 303 0.6639 700.0000
243 326 0.7072 700.0000
243 338 0.7201 700.0000
243 339 0.5181 700.0000
243 340 0.5139 700.0000
243 341 0.5504 700.0000
243 343 0.7454 700.0000
243 381 0.8857 700.0000
244 246 0.5432 700.0000
244 247 0.8889 700.0000
244 252 0.7334 700.0000
244 255 0.8850 700.0000
244 257 0.5975 700.0000
244 258 0.5400 700.0000
244 261 0.6740 700.0000
244 300 0.6632 700.0000
244 301 0.6734 700.0000
244 302 0.4608 700.0000
244 303 0.5626 700.0000
244 341 0.7747 700.0000
244 343 0.8280 700.0000
245 247 0.6822 700.0000
245 252 0.8591 700.0000
245 255 0.7521 700.0000
245 256 0.8709 700.0000
245 257 0.6064 700.0000
245 258 0.6384 700.0000
245 302 0.7544 700.0000
245 303 0.5106 700.0000
245 304 0.6935 700.0000
245 305 0.6045 700.0000
245 341 0.7881 700.0000
245 342 0.8323 700.0000
245 343 0.5863 700.0000
245 344 0.7217 700.0000
245 348 0.8369 700.0000
246 248 0.7387 700.0000
246 249 0.7781 700.0000
246 250 0.5830 700.0000
246 251 0.7336 700.0000
246 252 0.6788 700.0000
246 254 0.8475 700.0000
246 255 0.8253 700.0000
246 257 0.8788 700.0000
246 258 0.6993 700.0000
246 273 0.8771 700.0000
246 286 0.8447 700.0000
246 288 0.8638 700.0000
246 302 0.5984 700.0000
246 303 0.5070 700.0000
246 304 0.5280 700.0000
246 305 0.6710 700.0000
247 249 0.4663 700.0000
247 250 0.5174 700.0000
247 251 0.5551 700.0000
247 252 0.7402 700.0000
247 254 0.6037 700.0000
247 255 0.8311 700.0000
247 258 0.8669 700.0000
247 282 0.8820 700.0000
247 303 0.8265 700.0000
247 304 0.6366 700.0000
247 305 0.7832 700.0000
248 250 0.6644 700.0000
248 251 0.8886 700.0000
248 281 0.8974 700.0000
248 282 0.5264 700.0000
248 283 0.6392 700.0000
248 284 0.6933 700.0000
248 286 0.8321 700.0000
248 304 0.6262 700.0000
248 305 0.8708 700.0000
249 251 0.4596 700.0000
249 252 0.8661 700.0000
249 254 0.6715 700.0000
249 282 0.8473 700.0000
250 252 0.6729 700.0000
250 270 0.6831 700.0000
250 273 0.5379 700.0000
250 274 0.5974 700.0000
250 277 0.7396 700.0000
250 282 0.7549 700.0000
250 288 0.8102 700.0000
250 302 0.7473 700.0000
250 304 0.8464 700.0000
251 253 0.5223 700.0000
251 254 0.5118 700.0000
251 255 0.7951 700.0000
251 258 0.8101 700.0000
251 270 0.6519 700.0000
251 273 0.8773 700.0000
251 274 0.8423 700.0000
252 254 0.7597 700.0000
252 255 0.6605 700.0000
252 257 0.8512 700.0000
252 258 0.4434 700.0000
252 259 0.7010 700.0000
252 260 0.8993 700.0000
252 261 0.7533 700.0000
252 262 0.5661 700.0000
252 269 0.6994 700.0000
252 270 0.5324 700.0000
252 273 0.7737 700.0000
252 302 0.7919 700.0000
253 255 0.5509 700.0000
253 256 0.8178 700.0000
253 258 0.6609 700.0000
253 259 0.5186 700.0000
253 262 0.7178 700.0000
253 263 0.8959 700.0000
253 270 0.8351 700.0000
254 256 0.8943 700.0000
254 258 0.8581 700.0000
254 347 0.8574 700.0000
255 257 0.5690 700.0000
255 258 0.4416 700.0000
255 259 0.5452 700.0000
255 260 0.7838 700.0000
255 347 0.7719 700.0000
256 258 0.5727 700.0000
256 259 0.5701 700.0000
256 260 0.6534 700.0000
256 346 0.8779 700.0000
256 347 0.8130 700.0000
257 259 0.7501 700.0000
257 260 0.5876 700.0000
257 261 0.6178 700.0000
257 341 0.7112 700.0000
257 342 0.8042 700.0000
257 343 0.8586 700.0000
258 260 0.5902 700.0000
258 261 0.5198 700.0000
258 262 0.6499 700.0000
258 263 0.8503 700.0000
258 302 0.8499 700.0000
259 261 0.7343 700.0000
259 262 0.5799 700.0000
259 263 0.4843 700.0000
260 262 0.6474 700.0000
260 263 0.4642 700.0000
260 264 0.7380 700.0000
260 265 0.8986 700.0000
261 263 0.6900 700.0000
261 264 0.6572 700.0000
261 265 0.6619 700.0000
261 266 0.8099 700.0000
261 269 0.7553 700.0000
261 295 0.6854 700.0000
261 300 0.8248 700.0000
262 264 0.7757 700.0000
262 265 0.5646 700.0000
262 266 0.4593 700.0000
262 267 0.6031 700.0000
262 268 0.8177 700.0000
262 269 0.5963 700.0000
262 270 0.7119 700.0000
263 265 0.7533 700.0000
263 266 0.7332 700.0000
264 266 0.7064 700.0000
264 292 0.8865 700.0000
264 294 0.5236 700.0000
264 295 0.5163 700.0000
264 296 0.7822 700.0000
265 267 0.6653 700.0000
265 268 0.6412 700.0000
265 269 0.6032 700.0000
265 291 0.8851 700.0000
265 292 0.6683 700.0000
265 293 0.5902 700.0000
265 294 0.4199 700.0000
265 295 0.5357 700.0000
266 268 0.4441 700.0000
266 269 0.5549 700.0000
266 270 0.8207 700.0000
266 271 0.8638 700.0000
266 292 0.8974 700.0000
266 293 0.6541 700.0000
266 294 0.6505 700.0000
266 295 0.8467 700.0000
267 269 0.6343 700.0000
267 270 0.6687 700.0000
267 271 0.6063 700.0000
267 293 0.7984 700.0000
268 270 0.7866 700.0000
268 271 0.5482 700.0000
268 272 0.7702 700.0000
268 291 0.8896 700.0000
268 293 0.4992 700.0000
268 294 0.8245 700.0000
269 271 0.7081 700.0000
269 272 0.5778 700.0000
269 273 0.6368 700.0000
269 274 0.8726 700.0000
269 290 0.6353 700.0000
269 291 0.6567 700.0000
269 292 0.7384 700.0000
269 293 0.5994 700.0000
269 295 0.8713 700.0000
269 300 0.7318 700.0000
269 302 0.7769 700.0000
270 272 0.7656 700.0000
270 273 0.5308 700.0000
270 274 0.5066 700.0000
270 275 0.8912 700.0000
271 273 0.7895 700.0000
271 274 0.6390 700.0000
271 275 0.7265 700.0000
271 293 0.8984 700.0000
272 274 0.7373 700.0000
272 275 0.5871 700.0000
272 276 0.6143 700.0000
272 289 0.7699 700.0000
272 290 0.4871 700.0000
272 291 0.5624 700.0000
272 293 0.6970 700.0000
272 300 0.8710 700.0000
273 275 0.6340 700.0000
273 276 0.5281 700.0000
273 277 0.6364 700.0000
273 278 0.8784 700.0000
273 288 0.6306 700.0000
273 289 0.8702 700.0000
273 290 0.6521 700.0000
273 300 0.8792 700.0000
273 302 0.5942 700.0000
274 276 0.6784 700.0000
274 277 0.6031 700.0000
274 278 0.6588 700.0000
275 277 0.5818 700.0000
275 278 0.4673 700.0000
276 278 0.6242 700.0000
276 279 0.8387 700.0000
276 280 0.7565 700.0000
276 288 0.5885 700.0000
276 289 0.7171 700.0000
276 290 0.7392 700.0000
276 302 0.8893 700.0000
277 279 0.5331 700.0000
277 280 0.4474 700.0000
277 281 0.7989 700.0000
277 282 0.7392 700.0000
277 288 0.7137 700.0000
278 280 0.7188 700.0000
279 281 0.6308 700.0000
279 282 0.8389 700.0000
280 282 0.5414 700.0000
280 283 0.8383 700.0000
280 286 0.8098 700.0000
280 288 0.8212 700.0000
281 283 0.5805 700.0000
281 286 0.7681 700.0000
282 284 0.7923 700.0000
282 285 0.8318 700.0000
282 286 0.5817 700.0000
282 288 0.8789 700.0000
282 304 0.7255 700.0000
283 285 0.5251 700.0000
283 286 0.4630 700.0000
283 304 0.5862 700.0000
283 305 0.8801 700.0000
284 286 0.6896 700.0000
284 304 0.5060 700.0000
284 305 0.5783 700.0000
284 306 0.5646 700.0000
284 307 0.7464 700.0000
284 314 0.8971 700.0000
284 315 0.8531 700.0000
284 318 0.6655 700.0000
285 287 0.6103 700.0000
285 303 0.6644 700.0000
285 304 0.4754 700.0000
285 305 0.6572 700.0000
285 306 0.7645 700.0000
285 318 0.5729 700.0000
285 319 0.8333 700.0000
285 321 0.7573 700.0000
285 322 0.5564 700.0000
285 325 0.7843 700.0000
286 288 0.6201 700.0000
286 302 0.8862 700.0000
286 303 0.6301 700.0000
286 304 0.4650 700.0000
286 305 0.8110 700.0000
286 322 0.7804 700.0000
286 325 0.8594 700.0000
287 289 0.8075 700.0000
287 301 0.6286 700.0000
287 302 0.7070 700.0000
287 303 0.5754 700.0000
287 304 0.7350 700.0000
287 322 0.6934 700.0000
287 325 0.5827 700.0000
287 326 0.6947 700.0000
287 329 0.8170 700.0000
288 290 0.7062 700.0000
288 300 0.8209 700.0000
288 301 0.6606 700.0000
288 302 0.5002 700.0000
288 303 0.7184 700.0000
288 304 0.8592 700.0000
289 291 0.6898 700.0000
289 299 0.5896 700.0000
289 300 0.6363 700.0000
289 301 0.6298 700.0000
289 302 0.7493 700.0000
289 329 0.8183 700.0000
290 292 0.6903 700.0000
290 293 0.7881 700.0000
290 299 0.6218 700.0000
290 300 0.4259 700.0000
290 301 0.6911 700.0000
290 302 0.6066 700.0000
291 293 0.4881 700.0000
291 295 0.8141 700.0000
291 297 0.7721 700.0000
291 298 0.8972 700.0000
291 299 0.5615 700.0000
291 300 0.5932 700.0000
292 294 0.6535 700.0000
292 295 0.4358 700.0000
292 296 0.7785 700.0000
292 297 0.4636 700.0000
292 298 0.7850 700.0000
292 299 0.6680 700.0000
292 300 0.6453 700.0000
293 295 0.7580 700.0000
294 296 0.7877 700.0000
294 297 0.8979 700.0000
295 297 0.4680 700.0000
295 300 0.8154 700.0000
297 299 0.6708 700.0000
297 300 0.7170 700.0000
298 333 0.8678 700.0000
298 335 0.6782 700.0000
298 337 0.8350 700.0000
299 301 0.7831 700.0000
299 330 0.8738 700.0000
299 333 0.7331 700.0000
299 335 0.8159 700.0000
300 302 0.5074 700.0000
301 303 0.6527 700.0000
301 325 0.8801 700.0000
301 326 0.5682 700.0000
301 329 0.7505 700.0000
301 330 0.8685 700.0000
301 338 0.8706 700.0000
301 339 0.8613 700.0000
301 340 0.8940 700.0000
302 304 0.8612 700.0000
303 305 0.5716 700.0000
303 306 0.8905 700.0000
303 319 0.8805 700.0000
303 322 0.6221 700.0000
303 326 0.8062 700.0000
303 343 0.7523 700.0000
304 306 0.6729 700.0000
304 318 0.8565 700.0000
304 322 0.7747 700.0000
305 307 0.7322 700.0000
305 315 0.8570 700.0000
305 318 0.7417 700.0000
305 319 0.6494 700.0000
305 322 0.7395 700.0000
305 343 0.6954 700.0000
305 344 0.6628 700.0000
305 348 0.6282 700.0000
305 350 0.8793 700.0000
306 308 0.8147 700.0000
306 309 0.7617 700.0000
306 312 0.8927 700.0000
306 314 0.8084 700.0000
306 315 0.5162 700.0000
306 316 0.8237 700.0000
306 318 0.5789 700.0000
306 319 0.5625 700.0000
306 322 0.8385 700.0000
306 343 0.8372 700.0000
306 344 0.6810 700.0000
306 348 0.5916 700.0000
306 349 0.8817 700.0000
306 350 0.6980 700.0000
307 309 0.4145 700.0000
307 312 0.8829 700.0000
307 315 0.7057 700.0000
307 344 0.8693 700.0000
307 348 0.5130 700.0000
307 349 0.7588 700.0000
307 350 0.8301 700.0000
308 310 0.5202 700.0000
308 311 0.4454 700.0000
308 312 0.6432 700.0000
308 315 0.6381 700.0000
308 316 0.7349 700.0000
308 344 0.8400 700.0000
308 348 0.7914 700.0000
308 349 0.5318 700.0000
308 350 0.4401 700.0000
308 351 0.6003 700.0000
308 354 0.7887 700.0000
309 311 0.7448 700.0000
309 312 0.6022 700.0000
309 314 0.7728 700.0000
309 315 0.6302 700.0000
309 348 0.8724 700.0000
310 312 0.6540 700.0000
310 315 0.8994 700.0000
310 349 0.8936 700.0000
311 313 0.6499 700.0000
311 314 0.7865 700.0000
311 315 0.5918 700.0000
311 316 0.5862 700.0000
311 350 0.8120 700.0000
312 314 0.4681 700.0000
312 315 0.4108 700.0000
312 316 0.5567 700.0000
313 315 0.6066 700.0000
313 316 0.5677 700.0000
313 317 0.6716 700.0000
313 318 0.8804 700.0000
314 316 0.6179 700.0000
314 317 0.5659 700.0000
314 318 0.5737 700.0000
315 317 0.7088 700.0000
315 318 0.5498 700.0000
315 319 0.6737 700.0000
315 320 0.8898 700.0000
315 350 0.7546 700.0000
316 318 0.6942 700.0000
316 319 0.6487 700.0000
316 320 0.6104 700.0000
316 350 0.7979 700.0000
316 354 0.8693 700.0000
316 358 0.7215 700.0000
317 319 0.7909 700.0000
317 320 0.5516 700.0000
317 321 0.5096 700.0000
318 320 0.7068 700.0000
318 321 0.5446 700.0000
318 322 0.6271 700.0000
319 321 0.7115 700.0000
319 322 0.5214 700.0000
319 323 0.6018 700.0000
319 343 0.6588 700.0000
319 344 0.7673 700.0000
319 350 0.7319 700.0000
319 355 0.6958 700.0000
319 358 0.6804 700.0000
319 359 0.8062 700.0000
320 322 0.7632 700.0000
320 323 0.6408 700.0000
320 324 0.7314 700.0000
320 358 0.5758 700.0000
320 359 0.8152 700.0000
320 361 0.7899 700.0000
320 362 0.5275 700.0000
320 365 0.8036 700.0000
321 323 0.6738 700.0000
321 324 0.4706 700.0000
321 325 0.6633 700.0000
321 362 0.8300 700.0000
322 324 0.6864 700.0000
322 325 0.5644 700.0000
322 326 0.6136 700.0000
322 343 0.8423 700.0000
323 325 0.7449 700.0000
323 326 0.5912 700.0000
323 327 0.6299 700.0000
323 340 0.6688 700.0000
323 343 0.8349 700.0000
323 355 0.8938 700.0000
323 358 0.7714 700.0000
323 359 0.5989 700.0000
323 362 0.6202 700.0000
323 363 0.7549 700.0000
323 366 0.8858 700.0000
324 326 0.7332 700.0000
324 327 0.6518 700.0000
324 328 0.5168 700.0000
324 362 0.6949 700.0000
324 365 0.8270 700.0000
324 366 0.6588 700.0000
325 327 0.7650 700.0000
325 328 0.5319 700.0000
325 329 0.6065 700.0000
326 328 0.6714 700.0000
326 329 0.5404 700.0000
326 330 0.6666 700.0000
326 338 0.7381 700.0000
326 340 0.7350 700.0000
327 329 0.7344 700.0000
327 330 0.6261 700.0000
327 331 0.7825 700.0000
327 338 0.6912 700.0000
327 340 0.8131 700.0000
327 362 0.8322 700.0000
327 363 0.6799 700.0000
327 366 0.5364 700.0000
327 367 0.8870 700.0000
327 375 0.6781 700.0000
327 378 0.8070 700.0000
328 330 0.7447 700.0000
328 331 0.7263 700.0000
328 332 0.7408 700.0000
328 366 0.6796 700.0000
328 370 0.8433 700.0000
329 331 0.7584 700.0000
329 332 0.5273 700.0000
329 333 0.6091 700.0000
329 335 0.8664 700.0000
330 332 0.5843 700.0000
330 333 0.5332 700.0000
330 334 0.6989 700.0000
330 335 0.4784 700.0000
330 336 0.8602 700.0000
330 337 0.7224 700.0000
330 338 0.6623 700.0000
330 374 0.7563 700.0000
330 375 0.6206 700.0000
331 333 0.6998 700.0000
331 334 0.5686 700.0000
331 335 0.6713 700.0000
331 336 0.8827 700.0000
331 370 0.8918 700.0000
331 372 0.5906 700.0000
331 373 0.5558 700.0000
331 374 0.4803 700.0000
331 375 0.5350 700.0000
332 334 0.5822 700.0000
332 335 0.7370 700.0000
332 374 0.8581 700.0000
333 335 0.4990 700.0000
333 374 0.8751 700.0000
334 336 0.7503 700.0000
334 373 0.7510 700.0000
334 374 0.5076 700.0000
334 375 0.8414 700.0000
335 337 0.6164 700.0000
335 338 0.8575 700.0000
335 374 0.5802 700.0000
335 375 0.6992 700.0000
336 374 0.4998 700.0000
336 375 0.6044 700.0000
336 376 0.4637 700.0000
336 377 0.6272 700.0000
337 339 0.7149 700.0000
337 374 0.8627 700.0000
337 375 0.6767 700.0000
337 376 0.7463 700.0000
337 377 0.4928 700.0000
337 378 0.7166 700.0000
337 379 0.6684 700.0000
338 340 0.5414 700.0000
338 375 0.7563 700.0000
338 377 0.7185 700.0000
338 378 0.5224 700.0000
338 379 0.6018 700.0000
338 380 0.8542 700.0000
339 341 0.6174 700.0000
339 378 0.6877 700.0000
339 379 0.5459 700.0000
339 380 0.7241 700.0000
339 381 0.6049 700.0000
340 342 0.7899 700.0000
340 343 0.7184 700.0000
340 359 0.6944 700.0000
340 378 0.6641 700.0000
340 379 0.7586 700.0000
340 380 0.5940 700.0000
340 381 0.7367 700.0000
341 343 0.5173 700.0000
341 344 0.8999 700.0000
341 345 0.8929 700.0000
341 355 0.8708 700.0000
341 380 0.7146 700.0000
341 381 0.5275 700.0000
341 382 0.7375 700.0000
342 344 0.5950 700.0000
342 345 0.4868 700.0000
342 346 0.7734 700.0000
342 350 0.8732 700.0000
342 352 0.7338 700.0000
342 355 0.6007 700.0000
342 356 0.8551 700.0000
342 359 0.8965 700.0000
342 380 0.8537 700.0000
342 381 0.7854 700.0000
342 382 0.7248 700.0000
342 386 0.8550 700.0000
342 389 0.6390 700.0000
342 393 0.8293 700.0000
343 345 0.6317 700.0000
343 346 0.8295 700.0000
343 348 0.8391 700.0000
343 350 0.7700 700.0000
343 355 0.6059 700.0000
343 359 0.8450 700.0000
344 346 0.4581 700.0000
344 347 0.7060 700.0000
344 348 0.4384 700.0000
344 349 0.5573 700.0000
344 350 0.4503 700.0000
344 351 0.8045 700.0000
344 352 0.8263 700.0000
344 355 0.6846 700.0000
345 347 0.7812 700.0000
345 348 0.7058 700.0000
345 349 0.5852 700.0000
345 350 0.5646 700.0000
345 351 0.6660 700.0000
345 352 0.4921 700.0000
345 355 0.6605 700.0000
345 386 0.8560 700.0000
345 388 0.8857 700.0000
345 389 0.6816 700.0000
346 348 0.5172 700.0000
346 349 0.5139 700.0000
346 350 0.7243 700.0000
346 351 0.8867 700.0000
346 352 0.8000 700.0000
347 349 0.7131 700.0000
348 350 0.6148 700.0000
349 351 0.5804 700.0000
349 352 0.8250 700.0000
350 352 0.7765 700.0000
350 354 0.6837 700.0000
350 355 0.6089 700.0000
350 358 0.8905 700.0000
351 353 0.5271 700.0000
351 354 0.4623 700.0000
351 355 0.7174 700.0000
351 356 0.8816 700.0000
352 354 0.7683 700.0000
352 355 0.7060 700.0000
352 356 0.7784 700.0000
352 386 0.7219 700.0000
352 388 0.5107 700.0000
352 389 0.4248 700.0000
352 390 0.8966 700.0000
352 392 0.6544 700.0000
352 393 0.8148 700.0000
353 355 0.7566 700.0000
353 356 0.6173 700.0000
353 357 0.5868 700.0000
353 388 0.8786 700.0000
353 389 0.8258 700.0000
353 392 0.5740 700.0000
353 393 0.8454 700.0000
353 395 0.8706 700.0000
353 396 0.8825 700.0000
354 356 0.6288 700.0000
354 357 0.5277 700.0000
354 358 0.6624 700.0000
354 392 0.8959 700.0000
355 357 0.7484 700.0000
355 358 0.5207 700.0000
355 359 0.5427 700.0000
355 360 0.8382 700.0000
355 389 0.8162 700.0000
355 392 0.8860 700.0000
355 393 0.7497 700.0000
356 358 0.5800 700.0000
356 359 0.5364 700.0000
356 360 0.5561 700.0000
356 361 0.8289 700.0000
356 380 0.8278 700.0000
356 389 0.7867 700.0000
356 392 0.5918 700.0000
356 393 0.4645 700.0000
356 396 0.6348 700.0000
356 397 0.8780 700.0000
357 359 0.7951 700.0000
357 360 0.6610 700.0000
357 361 0.7130 700.0000
357 392 0.7789 700.0000
357 393 0.8241 700.0000
357 396 0.5314 700.0000
357 399 0.7344 700.0000
357 400 0.8396 700.0000
358 360 0.6640 700.0000
358 361 0.5597 700.0000
358 362 0.6481 700.0000
358 363 0.8995 700.0000
359 361 0.6357 700.0000
359 362 0.6471 700.0000
359 363 0.6160 700.0000
359 378 0.8940 700.0000
359 380 0.7075 700.0000
359 393 0.7901 700.0000
360 362 0.7524 700.0000
360 363 0.5746 700.0000
360 364 0.6086 700.0000
360 380 0.7645 700.0000
360 393 0.7365 700.0000
360 396 0.6175 700.0000
360 397 0.7209 700.0000
360 400 0.6510 700.0000
361 363 0.6151 700.0000
361 364 0.5776 700.0000
361 365 0.6132 700.0000
361 396 0.8826 700.0000
361 400 0.7941 700.0000
362 364 0.7622 700.0000
362 365 0.4053 700.0000
362 366 0.6624 700.0000
363 365 0.6737 700.0000
363 366 0.6004 700.0000
363 367 0.6463 700.0000
363 368 0.8642 700.0000
363 378 0.7107 700.0000
364 366 0.8830 700.0000
364 367 0.6521 700.0000
364 368 0.7022 700.0000
364 400 0.6710 700.0000
365 367 0.7385 700.0000
365 368 0.6203 700.0000
365 369 0.5610 700.0000
365 370 0.8444 700.0000
366 368 0.6874 700.0000
366 369 0.6639 700.0000
366 370 0.4671 700.0000
366 372 0.7335 700.0000
366 375 0.8495 700.0000
367 369 0.6807 700.0000
367 370 0.5523 700.0000
367 371 0.8394 700.0000
367 372 0.6359 700.0000
367 375 0.8671 700.0000
368 370 0.6303 700.0000
370 372 0.5781 700.0000
371 373 0.6797 700.0000
372 374 0.6386 700.0000
372 375 0.5476 700.0000
372 376 0.7761 700.0000
373 375 0.8045 700.0000
374 376 0.5847 700.0000
375 377 0.6910 700.0000
375 378 0.7852 700.0000
377 379 0.5727 700.0000
378 380 0.5753 700.0000
379 381 0.6597 700.0000
380 382 0.7039 700.0000
380 393 0.6074 700.0000
380 397 0.8098 700.0000
381 383 0.8272 700.0000
382 384 0.6912 700.0000
382 385 0.8764 700.0000
382 386 0.6595 700.0000
382 389 0.6006 700.0000
382 390 0.5544 700.0000
382 393 0.6945 700.0000
383 385 0.4698 700.0000
383 386 0.5933 700.0000
383 387 0.8605 700.0000
383 390 0.8914 700.0000
384 386 0.6916 700.0000
384 387 0.7221 700.0000
384 390 0.7877 700.0000
385 387 0.5084 700.0000
385 388 0.8973 700.0000
385 390 0.8371 700.0000
386 388 0.5303 700.0000
386 389 0.4603 700.0000
386 390 0.5894 700.0000
387 389 0.7795 700.0000
387 390 0.5759 700.0000
387 391 0.7789 700.0000
388 390 0.7367 700.0000
388 391 0.7131 700.0000
388 392 0.7539 700.0000
389 391 0.7431 700.0000
389 392 0.5480 700.0000
389 393 0.5785 700.0000
389 394 0.8952 700.0000
390 392 0.6350 700.0000
390 393 0.6607 700.0000
390 394 0.6272 700.0000
391 393 0.7875 700.0000
391 394 0.5140 700.0000
391 395 0.5085 700.0000
392 394 0.5322 700.0000
392 395 0.5071 700.0000
392 396 0.7004 700.0000
392 397 0.8523 700.0000
392 399 0.8723 700.0000
393 395 0.7746 700.0000
393 396 0.6990 700.0000
393 397 0.6446 700.0000
394 396 0.7160 700.0000
394 397 0.5508 700.0000
394 398 0.6429 700.0000
394 399 0.8284 700.0000
395 397 0.7710 700.0000
395 398 0.5893 700.0000
395 399 0.5545 700.0000
396 398 0.6043 700.0000
396 399 0.3642 700.0000
396 400 0.4828 700.0000
396 401 0.8748 700.0000
397 399 0.7816 700.0000
397 400 0.6669 700.0000
397 401 0.7104 700.0000
398 400 0.6939 700.0000
398 401 0.5004 700.0000
399 401 0.8232 700.0000
