i j d[nm] fc
865 867 0.5871 700.0000
865 884 0.8415 700.0000
865 909 0.7139 700.0000
865 910 0.4370 700.0000
865 911 0.7748 700.0000
865 912 0.6955 700.0000
865 918 0.6171 700.0000
865 921 0.8136 700.0000
865 922 0.7944 700.0000
865 940 0.6784 700.0000
865 941 0.6979 700.0000
866 868 0.8056 700.0000
866 900 0.7098 700.0000
866 903 0.7995 700.0000
866 907 0.6648 700.0000
866 908 0.7679 700.0000
866 909 0.6512 700.0000
866 910 0.6836 700.0000
866 940 0.7091 700.0000
866 941 0.4402 700.0000
867 869 0.6697 700.0000
867 880 0.7711 700.0000
867 884 0.8536 700.0000
867 897 0.8900 700.0000
867 900 0.8814 700.0000
867 906 0.7156 700.0000
867 907 0.5846 700.0000
867 908 0.5109 700.0000
867 909 0.8607 700.0000
867 910 0.6580 700.0000
867 938 0.6414 700.0000
867 939 0.7358 700.0000
867 940 0.5961 700.0000
867 941 0.6198 700.0000
868 870 0.6791 700.0000
868 903 0.8018 700.0000
868 904 0.6339 700.0000
868 905 0.7314 700.0000
868 906 0.5144 700.0000
868 907 0.5197 700.0000
868 908 0.7944 700.0000
868 938 0.8578 700.0000
868 939 0.5986 700.0000
868 940 0.8635 700.0000
868 941 0.6969 700.0000
869 871 0.6252 700.0000
869 872 0.7056 700.0000
869 873 0.8821 700.0000
869 876 0.7218 700.0000
869 880 0.8250 700.0000
869 905 0.8429 700.0000
869 906 0.4641 700.0000
869 907 0.7036 700.0000
869 908 0.6580 700.0000
869 929 0.8198 700.0000
869 936 0.6779 700.0000
869 937 0.6545 700.0000
869 938 0.6130 700.0000
869 939 0.6784 700.0000
870 906 0.7859 700.0000
870 936 0.7383 700.0000
870 937 0.6435 700.0000
870 938 0.8983 700.0000
870 939 0.7192 700.0000
871 873 0.7208 700.0000
871 876 0.6686 700.0000
871 906 0.8391 700.0000
871 929 0.8881 700.0000
871 931 0.6098 700.0000
871 932 0.7879 700.0000
871 934 0.8920 700.0000
871 936 0.6667 700.0000
871 937 0.8973 700.0000
872 874 0.7471 700.0000
872 876 0.6575 700.0000
872 905 0.6728 700.0000
872 906 0.5902 700.0000
872 908 0.8538 700.0000
873 875 0.6909 700.0000
873 876 0.4467 700.0000
873 877 0.6840 700.0000
873 878 0.8786 700.0000
873 899 0.8665 700.0000
873 906 0.7868 700.0000
873 908 0.8039 700.0000
874 876 0.5834 700.0000
874 877 0.5757 700.0000
874 878 0.6312 700.0000
875 878 0.6779 700.0000
875 879 0.6944 700.0000
875 931 0.8062 700.0000
875 932 0.7951 700.0000
876 878 0.7505 700.0000
876 879 0.5243 700.0000
876 880 0.5702 700.0000
876 906 0.8446 700.0000
876 908 0.7370 700.0000
876 929 0.7530 700.0000
876 931 0.7129 700.0000
876 936 0.8915 700.0000
877 879 0.8489 700.0000
877 880 0.6926 700.0000
877 881 0.5920 700.0000
877 896 0.8899 700.0000
877 897 0.5073 700.0000
877 898 0.6546 700.0000
877 899 0.6939 700.0000
877 908 0.7151 700.0000
878 880 0.8713 700.0000
878 881 0.6711 700.0000
878 882 0.8373 700.0000
878 897 0.8987 700.0000
879 881 0.8138 700.0000
879 882 0.6381 700.0000
879 883 0.8079 700.0000
879 929 0.6058 700.0000
879 930 0.7079 700.0000
879 931 0.6699 700.0000
880 882 0.6593 700.0000
880 883 0.6125 700.0000
880 884 0.5588 700.0000
880 885 0.8942 700.0000
880 897 0.6365 700.0000
880 908 0.6798 700.0000
880 910 0.8226 700.0000
880 929 0.6697 700.0000
880 938 0.7709 700.0000
881 883 0.8936 700.0000
881 884 0.7116 700.0000
881 885 0.5548 700.0000
881 895 0.5645 700.0000
881 896 0.6286 700.0000
881 897 0.4622 700.0000
881 898 0.8668 700.0000
881 910 0.8466 700.0000
882 884 0.6970 700.0000
882 885 0.4928 700.0000
882 886 0.6119 700.0000
882 889 0.8519 700.0000
882 895 0.8350 700.0000
883 885 0.8034 700.0000
883 886 0.5766 700.0000
883 887 0.8761 700.0000
883 889 0.4748 700.0000
883 890 0.4697 700.0000
883 891 0.8058 700.0000
883 892 0.8200 700.0000
883 921 0.8799 700.0000
883 927 0.6634 700.0000
883 928 0.7553 700.0000
883 929 0.6499 700.0000
883 938 0.7928 700.0000
884 886 0.6922 700.0000
884 889 0.7811 700.0000
884 890 0.5360 700.0000
884 891 0.7506 700.0000
884 892 0.6534 700.0000
884 893 0.6823 700.0000
884 895 0.6346 700.0000
884 897 0.8004 700.0000
884 910 0.6606 700.0000
884 912 0.7242 700.0000
884 917 0.8806 700.0000
884 921 0.6905 700.0000
884 927 0.7662 700.0000
884 938 0.8519 700.0000
885 887 0.8127 700.0000
885 890 0.8759 700.0000
885 892 0.7140 700.0000
885 893 0.4821 700.0000
885 894 0.6166 700.0000
885 895 0.4691 700.0000
885 896 0.8258 700.0000
885 912 0.8711 700.0000
886 888 0.5768 700.0000
886 889 0.4464 700.0000
886 890 0.5225 700.0000
886 891 0.6234 700.0000
886 892 0.5560 700.0000
886 893 0.6443 700.0000
887 889 0.5848 700.0000
887 890 0.5848 700.0000
887 891 0.4509 700.0000
887 892 0.4478 700.0000
887 893 0.6536 700.0000
887 917 0.8601 700.0000
887 920 0.7453 700.0000
888 890 0.7928 700.0000
888 891 0.7784 700.0000
888 892 0.8718 700.0000
889 891 0.6218 700.0000
889 892 0.7436 700.0000
889 924 0.8088 700.0000
889 927 0.8235 700.0000
889 928 0.8815 700.0000
890 892 0.4801 700.0000
890 893 0.7633 700.0000
890 917 0.8179 700.0000
890 920 0.7390 700.0000
890 921 0.5505 700.0000
890 924 0.6285 700.0000
890 927 0.6522 700.0000
891 893 0.6595 700.0000
891 916 0.8203 700.0000
891 917 0.5772 700.0000
891 920 0.4133 700.0000
891 921 0.5425 700.0000
891 924 0.7066 700.0000
892 894 0.8358 700.0000
892 895 0.7975 700.0000
892 912 0.7233 700.0000
892 914 0.8177 700.0000
892 916 0.7527 700.0000
892 917 0.4575 700.0000
892 918 0.8759 700.0000
892 920 0.5135 700.0000
892 921 0.6444 700.0000
893 895 0.5070 700.0000
893 912 0.5810 700.0000
893 913 0.7054 700.0000
893 914 0.6780 700.0000
893 916 0.8537 700.0000
893 917 0.5699 700.0000
893 920 0.8083 700.0000
894 896 0.8150 700.0000
894 912 0.7513 700.0000
894 913 0.5267 700.0000
894 914 0.6738 700.0000
895 897 0.6390 700.0000
895 910 0.6323 700.0000
895 911 0.6832 700.0000
895 912 0.5122 700.0000
895 913 0.7083 700.0000
895 917 0.8947 700.0000
896 898 0.6517 700.0000
896 909 0.7713 700.0000
896 910 0.5996 700.0000
896 911 0.4558 700.0000
896 912 0.7108 700.0000
896 913 0.8444 700.0000
897 899 0.7278 700.0000
897 908 0.6447 700.0000
897 909 0.7386 700.0000
897 910 0.5561 700.0000
897 911 0.7249 700.0000
898 900 0.6735 700.0000
898 907 0.8445 700.0000
898 908 0.5821 700.0000
898 909 0.4930 700.0000
898 910 0.6755 700.0000
898 911 0.7244 700.0000
899 901 0.6076 700.0000
899 903 0.8984 700.0000
899 906 0.7939 700.0000
899 907 0.6861 700.0000
899 908 0.5419 700.0000
899 909 0.7552 700.0000
900 902 0.6483 700.0000
900 903 0.4354 700.0000
900 904 0.7420 700.0000
900 906 0.8205 700.0000
900 907 0.5100 700.0000
900 908 0.6903 700.0000
900 909 0.5858 700.0000
901 903 0.7837 700.0000
902 904 0.8569 700.0000
903 905 0.7497 700.0000
903 906 0.7872 700.0000
903 907 0.5092 700.0000
904 906 0.5523 700.0000
904 907 0.4956 700.0000
904 908 0.8980 700.0000
905 907 0.6113 700.0000
905 908 0.8879 700.0000
906 908 0.4905 700.0000
907 909 0.8792 700.0000
907 941 0.8498 700.0000
908 910 0.7650 700.0000
909 911 0.5169 700.0000
910 912 0.5478 700.0000
910 918 0.8128 700.0000
911 913 0.7772 700.0000
912 914 0.6861 700.0000
912 916 0.8054 700.0000
912 917 0.5484 700.0000
912 918 0.5347 700.0000
912 921 0.8136 700.0000
913 916 0.8595 700.0000
913 917 0.7703 700.0000
914 916 0.5216 700.0000
914 917 0.5519 700.0000
914 918 0.8689 700.0000
914 920 0.8620 700.0000
915 917 0.7691 700.0000
915 918 0.6327 700.0000
915 919 0.5688 700.0000
916 918 0.6512 700.0000
916 919 0.4764 700.0000
916 920 0.4845 700.0000
916 921 0.8604 700.0000
917 919 0.6002 700.0000
917 920 0.4139 700.0000
917 921 0.6137 700.0000
917 922 0.8451 700.0000
918 920 0.7900 700.0000
918 921 0.6046 700.0000
918 922 0.5749 700.0000
919 921 0.7362 700.0000
919 922 0.6167 700.0000
919 923 0.6939 700.0000
920 922 0.8374 700.0000
920 923 0.7409 700.0000
920 924 0.8502 700.0000
921 923 0.7241 700.0000
921 924 0.5809 700.0000
921 925 0.6634 700.0000
921 927 0.6653 700.0000
921 940 0.8138 700.0000
922 924 0.7709 700.0000
922 925 0.6345 700.0000
922 927 0.8778 700.0000
922 940 0.7010 700.0000
923 925 0.7682 700.0000
924 926 0.5908 700.0000
924 927 0.5487 700.0000
925 927 0.4811 700.0000
925 938 0.8257 700.0000
925 940 0.6538 700.0000
926 928 0.7329 700.0000
926 938 0.8346 700.0000
927 929 0.8344 700.0000
927 937 0.7954 700.0000
927 938 0.4755 700.0000
927 939 0.8084 700.0000
927 940 0.7003 700.0000
928 930 0.7053 700.0000
928 935 0.6233 700.0000
928 936 0.6115 700.0000
928 937 0.6064 700.0000
928 938 0.6614 700.0000
929 931 0.5865 700.0000
929 935 0.6756 700.0000
929 936 0.4441 700.0000
929 937 0.6648 700.0000
929 938 0.6447 700.0000
930 932 0.7258 700.0000
930 933 0.6570 700.0000
930 934 0.7014 700.0000
930 935 0.5625 700.0000
930 936 0.6627 700.0000
931 933 0.7227 700.0000
931 934 0.5836 700.0000
931 935 0.6797 700.0000
931 936 0.5766 700.0000
932 934 0.5693 700.0000
932 935 0.8940 700.0000
933 935 0.8341 700.0000
934 936 0.7167 700.0000
935 937 0.6787 700.0000
936 938 0.6632 700.0000
936 939 0.8948 700.0000
937 939 0.5649 700.0000
938 940 0.6548 700.0000
939 941 0.7717 700.0000
992 994 0.6561 700.0000
992 1028 0.7558 700.0000
992 1029 0.5809 700.0000
992 1030 0.4384 700.0000
992 1031 0.6545 700.0000
992 1032 0.6333 700.0000
992 1034 0.8958 700.0000
992 1035 0.6154 700.0000
993 995 0.6759 700.0000
993 1019 0.8844 700.0000
993 1027 0.6151 700.0000
993 1028 0.5896 700.0000
993 1029 0.5085 700.0000
993 1030 0.6654 700.0000
993 1035 0.8201 700.0000
994 996 0.6364 700.0000
994 1025 0.8986 700.0000
994 1026 0.8350 700.0000
994 1027 0.5539 700.0000
994 1028 0.4147 700.0000
994 1029 0.6847 700.0000
994 1030 0.8217 700.0000
994 1035 0.6887 700.0000
995 997 0.7952 700.0000
995 1025 0.5770 700.0000
995 1026 0.7626 700.0000
995 1027 0.5079 700.0000
995 1028 0.6958 700.0000
996 998 0.5273 700.0000
996 999 0.8797 700.0000
996 1000 0.8281 700.0000
996 1001 0.7262 700.0000
996 1006 0.7528 700.0000
996 1018 0.8763 700.0000
996 1024 0.7422 700.0000
996 1025 0.6088 700.0000
996 1026 0.4753 700.0000
996 1027 0.7497 700.0000
996 1028 0.6488 700.0000
996 1042 0.8517 700.0000
997 999 0.4847 700.0000
997 1000 0.5016 700.0000
997 1001 0.6570 700.0000
997 1024 0.5986 700.0000
997 1025 0.6194 700.0000
997 1026 0.7895 700.0000
998 1000 0.6630 700.0000
998 1001 0.6083 700.0000
998 1002 0.8001 700.0000
998 1003 0.8421 700.0000
998 1006 0.5510 700.0000
998 1021 0.8664 700.0000
998 1024 0.4501 700.0000
998 1025 0.6224 700.0000
998 1026 0.5367 700.0000
999 1001 0.7109 700.0000
999 1024 0.5973 700.0000
999 1025 0.8526 700.0000
1000 1002 0.8272 700.0000
1000 1042 0.8485 700.0000
1000 1046 0.6149 700.0000
1000 1049 0.8884 700.0000
1001 1005 0.5418 700.0000
1001 1006 0.6126 700.0000
1001 1042 0.5891 700.0000
1001 1045 0.7663 700.0000
1001 1046 0.6833 700.0000
1001 1049 0.8884 700.0000
1002 1004 0.5176 700.0000
1002 1005 0.3822 700.0000
1002 1006 0.5081 700.0000
1002 1007 0.8139 700.0000
1002 1045 0.8845 700.0000
1003 1005 0.7891 700.0000
1003 1006 0.4970 700.0000
1003 1007 0.7306 700.0000
1004 1006 0.7595 700.0000
1004 1007 0.6479 700.0000
1004 1008 0.8289 700.0000
1005 1007 0.6989 700.0000
1005 1008 0.7235 700.0000
1005 1009 0.7863 700.0000
1005 1041 0.7212 700.0000
1005 1042 0.6888 700.0000
1005 1045 0.5980 700.0000
1006 1009 0.7330 700.0000
1006 1018 0.8373 700.0000
1006 1026 0.6573 700.0000
1007 1009 0.5363 700.0000
1007 1010 0.5213 700.0000
1007 1011 0.6535 700.0000
1007 1018 0.8467 700.0000
1008 1010 0.6920 700.0000
1008 1011 0.4618 700.0000
1008 1012 0.5456 700.0000
1008 1013 0.8598 700.0000
1008 1041 0.6848 700.0000
1009 1011 0.6334 700.0000
1009 1012 0.5806 700.0000
1009 1013 0.6015 700.0000
1009 1014 0.8654 700.0000
1009 1016 0.7240 700.0000
1009 1018 0.7335 700.0000
1009 1028 0.8432 700.0000
1009 1038 0.5600 700.0000
1009 1041 0.7362 700.0000
1009 1042 0.7940 700.0000
1010 1012 0.6768 700.0000
1010 1013 0.5990 700.0000
1010 1014 0.5772 700.0000
1010 1015 0.8166 700.0000
1010 1016 0.6473 700.0000
1010 1018 0.6803 700.0000
1011 1013 0.6455 700.0000
1011 1014 0.6446 700.0000
1012 1014 0.7167 700.0000
1012 1016 0.8884 700.0000
1012 1034 0.7678 700.0000
1012 1037 0.6504 700.0000
1012 1038 0.6952 700.0000
1012 1041 0.7350 700.0000
1013 1015 0.5511 700.0000
1013 1016 0.5165 700.0000
1013 1031 0.8964 700.0000
1013 1034 0.4808 700.0000
1013 1035 0.8388 700.0000
1013 1037 0.6731 700.0000
1013 1038 0.6776 700.0000
1014 1016 0.5809 700.0000
1014 1034 0.8191 700.0000
1015 1017 0.6964 700.0000
1015 1029 0.8449 700.0000
1015 1030 0.7068 700.0000
1015 1031 0.7089 700.0000
1015 1034 0.6582 700.0000
1016 1018 0.6307 700.0000
1016 1028 0.6341 700.0000
1016 1029 0.6001 700.0000
1016 1030 0.5856 700.0000
1016 1031 0.7773 700.0000
1016 1034 0.6363 700.0000
1016 1035 0.7977 700.0000
1016 1038 0.8469 700.0000
1017 1019 0.7084 700.0000
1017 1028 0.8438 700.0000
1017 1029 0.5423 700.0000
1017 1030 0.7520 700.0000
1018 1020 0.7146 700.0000
1018 1026 0.5774 700.0000
1018 1027 0.7932 700.0000
1018 1028 0.5819 700.0000
1018 1029 0.7852 700.0000
1019 1021 0.7148 700.0000
1019 1026 0.7274 700.0000
1019 1027 0.4711 700.0000
1019 1028 0.7094 700.0000
1019 1029 0.6955 700.0000
1020 1022 0.7661 700.0000
1020 1024 0.8483 700.0000
1020 1025 0.8529 700.0000
1020 1026 0.5827 700.0000
1020 1027 0.8262 700.0000
1021 1023 0.6742 700.0000
1021 1024 0.5828 700.0000
1021 1025 0.4986 700.0000
1021 1026 0.5858 700.0000
1021 1027 0.6559 700.0000
1022 1024 0.7398 700.0000
1022 1025 0.7037 700.0000
1023 1025 0.6011 700.0000
1024 1026 0.6277 700.0000
1025 1027 0.6541 700.0000
1026 1028 0.6650 700.0000
1027 1029 0.7156 700.0000
1028 1030 0.6732 700.0000
1028 1035 0.6711 700.0000
1028 1038 0.8055 700.0000
1029 1031 0.7842 700.0000
1029 1035 0.8143 700.0000
1030 1032 0.7708 700.0000
1030 1034 0.6334 700.0000
1030 1035 0.6124 700.0000
1031 1033 0.5956 700.0000
1031 1034 0.5151 700.0000
1031 1035 0.7115 700.0000
1032 1034 0.7298 700.0000
1032 1035 0.5636 700.0000
1032 1036 0.5454 700.0000
1033 1035 0.7527 700.0000
1033 1036 0.6051 700.0000
1033 1037 0.6147 700.0000
1034 1036 0.7312 700.0000
1034 1037 0.5215 700.0000
1034 1038 0.6621 700.0000
1035 1037 0.7719 700.0000
1035 1038 0.5277 700.0000
1035 1039 0.7159 700.0000
1036 1038 0.7391 700.0000
1036 1039 0.6480 700.0000
1036 1040 0.6254 700.0000
1037 1040 0.6867 700.0000
1037 1041 0.8729 700.0000
1038 1040 0.7175 700.0000
1038 1041 0.6107 700.0000
1038 1042 0.5887 700.0000
1038 1043 0.8861 700.0000
1039 1041 0.8135 700.0000
1039 1042 0.5852 700.0000
1039 1043 0.5453 700.0000
1039 1044 0.8942 700.0000
1040 1042 0.7618 700.0000
1040 1043 0.6154 700.0000
1040 1044 0.6191 700.0000
1041 1043 0.6740 700.0000
1041 1044 0.5681 700.0000
1041 1045 0.5436 700.0000
1042 1044 0.7038 700.0000
1042 1045 0.5879 700.0000
1042 1046 0.7161 700.0000
1043 1045 0.6722 700.0000
1043 1046 0.5976 700.0000
1043 1047 0.6024 700.0000
1044 1046 0.8646 700.0000
1044 1047 0.6438 700.0000
1044 1048 0.6696 700.0000
1045 1047 0.7140 700.0000
1045 1048 0.5013 700.0000
1045 1049 0.6585 700.0000
1046 1048 0.7880 700.0000
1046 1049 0.5276 700.0000
1046 1050 0.5326 700.0000
1047 1049 0.6255 700.0000
1047 1050 0.5725 700.0000
1047 1051 0.6265 700.0000
1048 1050 0.8214 700.0000
1048 1051 0.5945 700.0000
1048 1052 0.6076 700.0000
1049 1051 0.6246 700.0000
1049 1052 0.5187 700.0000
1049 1053 0.5611 700.0000
1050 1052 0.7993 700.0000
1050 1053 0.5888 700.0000
1050 1054 0.7233 700.0000
1051 1053 0.8076 700.0000
1051 1054 0.6707 700.0000
1051 1055 0.7994 700.0000
1052 1054 0.7935 700.0000
1052 1055 0.6978 700.0000
1053 1055 0.8150 700.0000
1087 1089 0.4035 700.0000
1087 1090 0.7936 700.0000
1087 1132 0.8438 700.0000
1087 1145 0.8174 700.0000
1088 1090 0.7738 700.0000
1088 1132 0.6392 700.0000
1088 1133 0.5495 700.0000
1088 1134 0.7444 700.0000
1088 1135 0.8812 700.0000
1088 1141 0.6295 700.0000
1088 1142 0.8492 700.0000
1088 1145 0.6069 700.0000
1089 1091 0.6450 700.0000
1089 1130 0.6021 700.0000
1089 1131 0.7261 700.0000
1089 1132 0.6092 700.0000
1089 1133 0.8208 700.0000
1089 1145 0.8633 700.0000
1090 1092 0.6932 700.0000
1090 1129 0.8927 700.0000
1090 1130 0.7238 700.0000
1090 1131 0.5175 700.0000
1090 1132 0.7870 700.0000
1090 1133 0.6676 700.0000
1090 1145 0.5456 700.0000
1090 1148 0.6719 700.0000
1090 1149 0.7363 700.0000
1090 1152 0.8774 700.0000
1091 1093 0.7254 700.0000
1091 1124 0.6685 700.0000
1091 1125 0.7760 700.0000
1091 1128 0.5200 700.0000
1091 1129 0.6025 700.0000
1091 1130 0.5445 700.0000
1091 1131 0.7601 700.0000
1092 1094 0.6986 700.0000
1092 1095 0.8167 700.0000
1092 1096 0.7356 700.0000
1092 1097 0.6419 700.0000
1092 1128 0.5420 700.0000
1092 1129 0.4479 700.0000
1092 1130 0.6943 700.0000
1092 1131 0.6813 700.0000
1092 1152 0.7445 700.0000
1093 1095 0.5290 700.0000
1093 1096 0.4881 700.0000
1093 1097 0.7299 700.0000
1093 1098 0.8821 700.0000
1093 1127 0.6776 700.0000
1093 1128 0.4962 700.0000
1093 1129 0.6289 700.0000
1093 1152 0.8748 700.0000
1094 1096 0.7431 700.0000
1094 1097 0.5964 700.0000
1094 1098 0.5103 700.0000
1094 1123 0.7506 700.0000
1094 1125 0.8829 700.0000
1094 1126 0.8712 700.0000
1094 1127 0.5230 700.0000
1094 1128 0.6344 700.0000
1094 1129 0.5785 700.0000
1095 1097 0.7120 700.0000
1095 1098 0.5099 700.0000
1095 1099 0.7935 700.0000
1095 1127 0.6905 700.0000
1095 1128 0.8604 700.0000
1095 1129 0.8928 700.0000
1096 1098 0.8125 700.0000
1096 1099 0.7132 700.0000
1096 1152 0.7479 700.0000
1096 1156 0.5510 700.0000
1097 1099 0.8633 700.0000
1097 1100 0.5890 700.0000
1097 1101 0.5595 700.0000
1097 1108 0.8981 700.0000
1097 1121 0.7833 700.0000
1097 1129 0.6202 700.0000
1097 1131 0.7878 700.0000
1097 1152 0.7456 700.0000
1098 1100 0.8526 700.0000
1098 1101 0.6409 700.0000
1098 1102 0.8055 700.0000
1099 1101 0.8571 700.0000
1099 1102 0.6016 700.0000
1099 1103 0.5332 700.0000
1099 1104 0.8111 700.0000
1099 1155 0.7089 700.0000
1099 1156 0.7191 700.0000
1100 1102 0.8783 700.0000
1100 1103 0.6221 700.0000
1100 1104 0.4621 700.0000
1100 1105 0.7354 700.0000
1100 1107 0.6804 700.0000
1100 1108 0.7590 700.0000
1100 1148 0.7556 700.0000
1100 1151 0.7389 700.0000
1100 1152 0.5414 700.0000
1100 1155 0.6031 700.0000
1100 1156 0.7650 700.0000
1101 1103 0.7979 700.0000
1101 1104 0.6851 700.0000
1101 1105 0.5403 700.0000
1101 1106 0.8613 700.0000
1101 1108 0.7368 700.0000
1102 1104 0.7873 700.0000
1102 1105 0.7697 700.0000
1103 1105 0.6812 700.0000
1103 1155 0.6946 700.0000
1104 1106 0.6525 700.0000
1104 1107 0.4882 700.0000
1104 1108 0.8017 700.0000
1104 1151 0.7828 700.0000
1104 1155 0.7101 700.0000
1105 1107 0.6667 700.0000
1105 1108 0.7348 700.0000
1105 1109 0.7861 700.0000
1106 1108 0.6984 700.0000
1106 1109 0.5624 700.0000
1106 1110 0.6688 700.0000
1107 1109 0.7469 700.0000
1107 1110 0.5389 700.0000
1107 1111 0.6440 700.0000
1107 1147 0.8461 700.0000
1107 1148 0.8030 700.0000
1107 1151 0.6140 700.0000
1108 1110 0.6083 700.0000
1108 1111 0.5604 700.0000
1108 1112 0.5901 700.0000
1108 1119 0.6346 700.0000
1108 1148 0.7241 700.0000
1109 1111 0.6775 700.0000
1109 1112 0.5008 700.0000
1109 1113 0.6150 700.0000
1109 1119 0.8365 700.0000
1110 1112 0.6205 700.0000
1110 1113 0.5512 700.0000
1110 1114 0.6290 700.0000
1110 1115 0.7997 700.0000
1111 1113 0.7243 700.0000
1111 1114 0.6100 700.0000
1111 1115 0.5526 700.0000
1111 1116 0.8179 700.0000
1111 1117 0.6757 700.0000
1111 1119 0.7922 700.0000
1111 1143 0.8555 700.0000
1111 1144 0.5941 700.0000
1111 1147 0.6392 700.0000
1111 1148 0.7185 700.0000
1112 1115 0.7823 700.0000
1112 1116 0.6343 700.0000
1112 1117 0.4635 700.0000
1112 1118 0.5331 700.0000
1112 1119 0.5512 700.0000
1112 1133 0.8767 700.0000
1112 1144 0.8893 700.0000
1113 1115 0.8421 700.0000
1113 1116 0.7401 700.0000
1113 1117 0.8214 700.0000
1114 1116 0.8692 700.0000
1114 1143 0.8697 700.0000
1114 1144 0.8449 700.0000
1114 1147 0.8420 700.0000
1115 1117 0.6089 700.0000
1115 1139 0.8206 700.0000
1115 1140 0.5229 700.0000
1115 1141 0.7829 700.0000
1115 1143 0.5605 700.0000
1115 1144 0.5141 700.0000
1115 1147 0.7670 700.0000
1116 1118 0.6708 700.0000
1116 1134 0.8140 700.0000
1116 1135 0.6291 700.0000
1116 1136 0.7713 700.0000
1116 1137 0.7720 700.0000
1116 1140 0.6205 700.0000
1116 1141 0.8052 700.0000
1116 1144 0.8615 700.0000
1117 1119 0.6357 700.0000
1117 1133 0.6662 700.0000
1117 1134 0.5917 700.0000
1117 1135 0.5891 700.0000
1117 1136 0.8751 700.0000
1117 1140 0.7243 700.0000
1117 1141 0.6656 700.0000
1117 1144 0.6930 700.0000
1118 1120 0.6496 700.0000
1118 1132 0.8696 700.0000
1118 1133 0.7344 700.0000
1118 1134 0.4658 700.0000
1118 1135 0.7255 700.0000
1119 1121 0.6412 700.0000
1119 1131 0.6119 700.0000
1119 1132 0.6691 700.0000
1119 1133 0.5218 700.0000
1119 1134 0.6844 700.0000
1119 1148 0.8578 700.0000
1120 1122 0.5965 700.0000
1120 1130 0.8072 700.0000
1120 1131 0.7371 700.0000
1120 1132 0.4874 700.0000
1120 1133 0.7793 700.0000
1120 1134 0.6757 700.0000
1121 1123 0.7945 700.0000
1121 1129 0.6762 700.0000
1121 1130 0.6647 700.0000
1121 1131 0.5785 700.0000
1121 1132 0.7450 700.0000
1122 1124 0.6695 700.0000
1122 1129 0.7038 700.0000
1122 1130 0.4981 700.0000
1122 1131 0.7429 700.0000
1122 1132 0.6643 700.0000
1123 1125 0.5995 700.0000
1123 1126 0.7284 700.0000
1123 1127 0.8086 700.0000
1123 1128 0.7435 700.0000
1123 1129 0.5822 700.0000
1123 1130 0.7682 700.0000
1124 1126 0.6777 700.0000
1124 1127 0.8889 700.0000
1124 1128 0.5638 700.0000
1124 1129 0.6161 700.0000
1124 1130 0.5715 700.0000
1125 1127 0.6177 700.0000
1125 1128 0.4450 700.0000
1125 1129 0.7164 700.0000
1125 1130 0.8477 700.0000
1126 1128 0.6073 700.0000
1127 1129 0.8164 700.0000
1128 1130 0.7541 700.0000
1129 1131 0.6050 700.0000
1130 1132 0.5550 700.0000
1131 1133 0.5907 700.0000
1131 1145 0.8761 700.0000
1131 1148 0.7502 700.0000
1132 1134 0.6549 700.0000
1133 1135 0.8118 700.0000
1133 1141 0.5854 700.0000
1133 1144 0.6574 700.0000
1133 1145 0.5601 700.0000
1133 1148 0.7908 700.0000
1134 1136 0.7915 700.0000
1134 1141 0.6992 700.0000
1135 1137 0.6526 700.0000
1135 1138 0.6763 700.0000
1135 1139 0.8192 700.0000
1135 1140 0.6958 700.0000
1135 1141 0.5435 700.0000
1136 1138 0.7233 700.0000
1136 1140 0.7947 700.0000
1136 1141 0.8387 700.0000
1137 1139 0.6663 700.0000
1137 1140 0.5480 700.0000
1137 1141 0.8633 700.0000
1138 1140 0.6006 700.0000
1138 1141 0.5352 700.0000
1138 1142 0.6507 700.0000
1138 1143 0.8950 700.0000
1139 1141 0.5337 700.0000
1139 1142 0.5168 700.0000
1139 1143 0.6006 700.0000
1139 1144 0.8060 700.0000
1140 1142 0.7645 700.0000
1140 1143 0.5929 700.0000
1140 1144 0.7014 700.0000
1141 1143 0.6235 700.0000
1141 1144 0.5662 700.0000
1141 1145 0.6103 700.0000
1142 1144 0.6887 700.0000
1142 1145 0.5747 700.0000
1142 1146 0.6176 700.0000
1143 1145 0.6838 700.0000
1143 1146 0.4923 700.0000
1143 1147 0.5999 700.0000
1144 1146 0.6169 700.0000
1144 1147 0.4970 700.0000
1144 1148 0.6766 700.0000
1144 1149 0.8247 700.0000
1145 1147 0.8180 700.0000
1145 1148 0.7329 700.0000
1145 1149 0.7425 700.0000
1146 1148 0.8555 700.0000
1146 1149 0.6396 700.0000
1146 1150 0.7086 700.0000
1147 1149 0.5625 700.0000
1147 1150 0.5383 700.0000
1147 1151 0.5978 700.0000
1148 1150 0.6905 700.0000
1148 1151 0.6588 700.0000
1148 1152 0.5637 700.0000
1148 1153 0.8957 700.0000
1149 1151 0.6439 700.0000
1149 1152 0.5676 700.0000
1149 1153 0.5564 700.0000
1149 1154 0.8886 700.0000
1150 1152 0.7249 700.0000
1150 1153 0.5419 700.0000
1150 1154 0.6028 700.0000
1150 1155 0.8387 700.0000
1151 1153 0.7775 700.0000
1151 1154 0.5347 700.0000
1151 1155 0.5987 700.0000
1152 1154 0.8222 700.0000
1152 1155 0.6200 700.0000
1152 1156 0.5069 700.0000
1153 1155 0.7545 700.0000
1153 1156 0.5942 700.0000
1154 1156 0.7516 700.0000
1159 1161 0.7786 700.0000
1159 1198 0.6144 700.0000
1159 1199 0.4427 700.0000
1159 1200 0.6276 700.0000
1159 1201 0.8606 700.0000
1160 1162 0.6431 700.0000
1160 1198 0.7597 700.0000
1160 1199 0.5527 700.0000
1160 1200 0.6583 700.0000
1160 1201 0.5137 700.0000
1160 1204 0.7008 700.0000
1161 1163 0.6400 700.0000
1161 1196 0.6318 700.0000
1161 1197 0.6526 700.0000
1161 1198 0.5440 700.0000
1161 1199 0.7550 700.0000
1161 1204 0.8965 700.0000
1162 1164 0.7309 700.0000
1162 1196 0.7547 700.0000
1162 1197 0.5293 700.0000
1162 1198 0.7984 700.0000
1162 1199 0.8058 700.0000
1162 1201 0.7608 700.0000
1162 1204 0.5542 700.0000
1162 1205 0.8350 700.0000
1162 1208 0.6819 700.0000
1163 1165 0.6866 700.0000
1163 1194 0.5857 700.0000
1163 1195 0.6479 700.0000
1163 1196 0.5240 700.0000
1163 1197 0.6247 700.0000
1164 1166 0.5917 700.0000
1164 1172 0.8764 700.0000
1164 1193 0.7532 700.0000
1164 1194 0.5964 700.0000
1164 1195 0.4538 700.0000
1164 1196 0.7069 700.0000
1164 1197 0.6842 700.0000
1164 1208 0.6808 700.0000
1164 1211 0.7518 700.0000
1165 1167 0.7178 700.0000
1165 1192 0.8732 700.0000
1165 1193 0.5997 700.0000
1165 1194 0.5192 700.0000
1165 1195 0.6861 700.0000
1166 1168 0.6057 700.0000
1166 1169 0.7748 700.0000
1166 1171 0.5873 700.0000
1166 1172 0.5789 700.0000
1166 1175 0.7862 700.0000
1166 1192 0.8041 700.0000
1166 1193 0.4692 700.0000
1166 1194 0.6972 700.0000
1166 1195 0.6571 700.0000
1166 1211 0.8403 700.0000
1166 1215 0.7837 700.0000
1167 1169 0.7320 700.0000
1167 1171 0.6087 700.0000
1167 1172 0.8246 700.0000
1167 1192 0.8312 700.0000
1167 1193 0.6228 700.0000
1168 1170 0.5280 700.0000
1168 1171 0.4287 700.0000
1168 1172 0.6357 700.0000
1168 1173 0.8447 700.0000
1168 1192 0.7643 700.0000
1168 1193 0.6161 700.0000
1169 1171 0.6541 700.0000
1169 1172 0.5284 700.0000
1169 1173 0.5743 700.0000
1169 1190 0.6344 700.0000
1169 1192 0.5583 700.0000
1169 1193 0.5356 700.0000
1170 1172 0.7119 700.0000
1170 1173 0.6582 700.0000
1170 1174 0.7506 700.0000
1171 1173 0.7636 700.0000
1171 1174 0.6192 700.0000
1171 1175 0.6324 700.0000
1171 1193 0.7996 700.0000
1171 1215 0.8016 700.0000
1172 1174 0.6485 700.0000
1172 1175 0.5443 700.0000
1172 1176 0.6250 700.0000
1172 1177 0.8462 700.0000
1172 1190 0.5776 700.0000
1172 1192 0.7984 700.0000
1172 1193 0.5614 700.0000
1172 1194 0.8763 700.0000
1172 1195 0.5915 700.0000
1173 1175 0.7599 700.0000
1173 1176 0.5111 700.0000
1173 1177 0.6269 700.0000
1173 1190 0.5524 700.0000
1173 1193 0.8239 700.0000
1173 1195 0.8443 700.0000
1174 1176 0.8138 700.0000
1174 1177 0.5898 700.0000
1174 1178 0.5534 700.0000
1175 1177 0.7734 700.0000
1175 1178 0.5236 700.0000
1175 1179 0.6266 700.0000
1175 1195 0.8012 700.0000
1175 1207 0.8977 700.0000
1175 1210 0.8367 700.0000
1175 1211 0.6027 700.0000
1175 1214 0.7902 700.0000
1175 1215 0.7861 700.0000
1176 1178 0.7912 700.0000
1176 1179 0.6548 700.0000
1176 1180 0.5558 700.0000
1176 1187 0.8948 700.0000
1176 1188 0.4738 700.0000
1176 1189 0.7909 700.0000
1176 1190 0.6700 700.0000
1176 1195 0.7121 700.0000
1177 1179 0.7635 700.0000
1177 1180 0.6509 700.0000
1177 1181 0.7885 700.0000
1178 1180 0.7779 700.0000
1178 1181 0.7369 700.0000
1178 1182 0.6749 700.0000
1178 1210 0.8312 700.0000
1179 1181 0.7695 700.0000
1179 1182 0.5274 700.0000
1179 1183 0.5069 700.0000
1179 1186 0.7089 700.0000
1179 1188 0.6903 700.0000
1179 1197 0.8865 700.0000
1179 1206 0.8749 700.0000
1179 1207 0.6230 700.0000
1179 1210 0.7144 700.0000
1179 1211 0.8131 700.0000
1180 1182 0.7270 700.0000
1180 1183 0.6715 700.0000
1180 1184 0.6642 700.0000
1180 1186 0.6625 700.0000
1180 1187 0.8020 700.0000
1180 1188 0.5770 700.0000
1181 1183 0.8202 700.0000
1181 1184 0.7758 700.0000
1182 1184 0.8000 700.0000
1182 1207 0.8431 700.0000
1182 1210 0.7268 700.0000
1183 1185 0.7443 700.0000
1183 1186 0.5358 700.0000
1183 1188 0.8955 700.0000
1183 1203 0.5658 700.0000
1183 1204 0.8560 700.0000
1183 1206 0.6857 700.0000
1183 1207 0.6340 700.0000
1183 1210 0.8126 700.0000
1184 1186 0.6530 700.0000
1184 1203 0.8858 700.0000
1185 1199 0.7903 700.0000
1185 1200 0.7400 700.0000
1185 1203 0.6726 700.0000
1186 1188 0.5601 700.0000
1186 1197 0.6226 700.0000
1186 1198 0.6097 700.0000
1186 1199 0.5999 700.0000
1186 1200 0.7539 700.0000
1186 1203 0.5902 700.0000
1186 1204 0.7150 700.0000
1186 1207 0.8135 700.0000
1187 1189 0.6041 700.0000
1187 1196 0.7295 700.0000
1187 1197 0.6913 700.0000
1187 1198 0.4513 700.0000
1187 1199 0.7486 700.0000
1188 1190 0.8119 700.0000
1188 1195 0.6436 700.0000
1188 1196 0.6128 700.0000
1188 1197 0.5860 700.0000
1188 1198 0.7345 700.0000
1189 1191 0.7315 700.0000
1189 1195 0.7323 700.0000
1189 1196 0.4790 700.0000
1189 1197 0.7997 700.0000
1189 1198 0.7948 700.0000
1190 1192 0.5687 700.0000
1190 1193 0.5709 700.0000
1190 1194 0.7135 700.0000
1190 1195 0.6106 700.0000
1190 1196 0.7810 700.0000
1191 1193 0.6862 700.0000
1191 1194 0.5880 700.0000
1191 1195 0.8518 700.0000
1191 1196 0.8081 700.0000
1192 1194 0.5548 700.0000
1192 1195 0.8469 700.0000
1193 1195 0.6034 700.0000
1194 1196 0.6551 700.0000
1195 1197 0.5947 700.0000
1195 1211 0.8994 700.0000
1196 1198 0.6643 700.0000
1197 1199 0.6908 700.0000
1197 1203 0.8848 700.0000
1197 1204 0.5549 700.0000
1197 1207 0.7578 700.0000
1197 1208 0.7572 700.0000
1198 1200 0.7998 700.0000
1198 1204 0.7870 700.0000
1199 1201 0.6874 700.0000
1199 1202 0.8334 700.0000
1199 1203 0.6104 700.0000
1199 1204 0.5752 700.0000
1200 1202 0.5026 700.0000
1200 1203 0.4261 700.0000
1200 1204 0.5926 700.0000
1200 1205 0.8152 700.0000
1201 1203 0.7094 700.0000
1201 1204 0.5076 700.0000
1201 1205 0.5600 700.0000
1201 1206 0.8925 700.0000
1202 1204 0.6694 700.0000
1202 1205 0.5699 700.0000
1202 1206 0.7120 700.0000
1203 1205 0.6474 700.0000
1203 1206 0.5968 700.0000
1203 1207 0.6998 700.0000
1204 1206 0.6176 700.0000
1204 1207 0.5740 700.0000
1204 1208 0.5786 700.0000
1205 1207 0.5604 700.0000
1205 1208 0.5224 700.0000
1205 1209 0.6229 700.0000
1206 1208 0.6318 700.0000
1206 1209 0.4868 700.0000
1206 1210 0.5838 700.0000
1206 1211 0.8356 700.0000
1207 1209 0.6131 700.0000
1207 1210 0.5150 700.0000
1207 1211 0.5745 700.0000
1207 1212 0.8161 700.0000
1208 1210 0.8367 700.0000
1208 1211 0.5828 700.0000
1208 1212 0.6903 700.0000
1209 1211 0.7282 700.0000
1209 1212 0.5543 700.0000
1209 1213 0.5367 700.0000
1210 1212 0.6961 700.0000
1210 1213 0.5329 700.0000
1210 1214 0.7210 700.0000
1211 1213 0.6892 700.0000
1211 1214 0.5733 700.0000
1211 1215 0.5579 700.0000
1212 1214 0.5465 700.0000
1212 1215 0.5861 700.0000
1212 1216 0.6119 700.0000
1213 1215 0.8075 700.0000
1213 1216 0.7116 700.0000
1214 1216 0.5923 700.0000
1232 1234 0.6431 700.0000
1232 1270 0.7916 700.0000
1232 1271 0.6461 700.0000
1232 1272 0.4379 700.0000
1232 1273 0.7309 700.0000
1232 1274 0.7953 700.0000
1232 1288 0.5845 700.0000
1232 1291 0.6684 700.0000
1232 1292 0.7670 700.0000
1233 1235 0.8674 700.0000
1233 1266 0.8055 700.0000
1233 1269 0.4971 700.0000
1233 1270 0.6512 700.0000
1233 1271 0.5350 700.0000
1233 1272 0.7598 700.0000
1234 1236 0.6188 700.0000
1234 1237 0.8305 700.0000
1234 1238 0.7237 700.0000
1234 1239 0.6713 700.0000
1234 1269 0.5560 700.0000
1234 1270 0.4411 700.0000
1234 1271 0.6745 700.0000
1234 1272 0.7376 700.0000
1234 1295 0.7563 700.0000
1235 1237 0.4655 700.0000
1235 1238 0.5482 700.0000
1235 1239 0.7932 700.0000
1235 1240 0.8643 700.0000
1235 1267 0.8913 700.0000
1235 1268 0.6301 700.0000
1235 1269 0.5890 700.0000
1235 1270 0.6722 700.0000
1236 1238 0.7154 700.0000
1236 1239 0.6014 700.0000
1236 1240 0.5667 700.0000
1236 1265 0.6352 700.0000
1236 1267 0.6926 700.0000
1236 1268 0.6256 700.0000
1236 1269 0.6400 700.0000
1236 1270 0.5000 700.0000
1237 1239 0.7151 700.0000
1237 1240 0.5079 700.0000
1237 1241 0.6151 700.0000
1237 1242 0.8706 700.0000
1237 1268 0.8098 700.0000
1237 1270 0.8618 700.0000
1238 1240 0.7954 700.0000
1238 1241 0.5670 700.0000
1238 1242 0.6071 700.0000
1238 1295 0.7090 700.0000
1238 1298 0.8702 700.0000
1238 1299 0.6646 700.0000
1239 1241 0.7445 700.0000
1239 1242 0.5832 700.0000
1239 1243 0.4959 700.0000
1239 1244 0.8759 700.0000
1239 1246 0.6245 700.0000
1239 1247 0.8302 700.0000
1239 1263 0.8059 700.0000
1239 1265 0.8812 700.0000
1239 1270 0.5842 700.0000
1239 1272 0.8484 700.0000
1239 1295 0.7976 700.0000
1240 1242 0.7725 700.0000
1240 1243 0.5773 700.0000
1240 1265 0.8869 700.0000
1240 1270 0.8790 700.0000
1241 1243 0.7472 700.0000
1241 1244 0.8683 700.0000
1241 1299 0.8839 700.0000
1242 1244 0.6477 700.0000
1242 1245 0.6264 700.0000
1242 1246 0.5472 700.0000
1242 1295 0.6671 700.0000
1242 1298 0.5629 700.0000
1242 1299 0.6811 700.0000
1242 1301 0.8402 700.0000
1243 1245 0.8237 700.0000
1243 1246 0.6310 700.0000
1243 1247 0.5845 700.0000
1244 1246 0.6356 700.0000
1244 1247 0.5788 700.0000
1244 1248 0.6528 700.0000
1245 1247 0.7322 700.0000
1245 1248 0.5399 700.0000
1245 1249 0.6647 700.0000
1245 1294 0.8246 700.0000
1245 1297 0.8548 700.0000
1245 1298 0.6519 700.0000
1245 1301 0.7882 700.0000
1246 1248 0.7060 700.0000
1246 1249 0.6053 700.0000
1246 1250 0.6109 700.0000
1246 1291 0.6809 700.0000
1246 1294 0.6739 700.0000
1246 1295 0.6689 700.0000
1246 1298 0.7493 700.0000
1247 1249 0.7619 700.0000
1247 1250 0.5356 700.0000
1247 1251 0.7023 700.0000
1248 1250 0.7386 700.0000
1248 1251 0.6470 700.0000
1248 1252 0.6836 700.0000
1249 1251 0.6739 700.0000
1249 1252 0.4799 700.0000
1249 1253 0.6371 700.0000
1249 1290 0.7984 700.0000
1249 1291 0.7543 700.0000
1249 1294 0.5862 700.0000
1250 1252 0.7067 700.0000
1250 1253 0.5237 700.0000
1250 1254 0.5788 700.0000
1250 1259 0.8929 700.0000
1250 1261 0.6541 700.0000
1250 1272 0.8685 700.0000
1250 1274 0.7896 700.0000
1250 1287 0.8862 700.0000
1250 1291 0.6885 700.0000
1251 1253 0.5983 700.0000
1251 1254 0.4756 700.0000
1251 1255 0.6105 700.0000
1251 1261 0.8691 700.0000
1252 1254 0.7803 700.0000
1252 1255 0.6368 700.0000
1252 1256 0.7055 700.0000
1253 1255 0.7451 700.0000
1253 1256 0.6304 700.0000
1253 1257 0.5410 700.0000
1253 1259 0.6707 700.0000
1253 1261 0.8816 700.0000
1253 1274 0.7644 700.0000
1253 1287 0.5706 700.0000
1253 1290 0.6349 700.0000
1253 1291 0.7671 700.0000
1254 1257 0.7967 700.0000
1254 1258 0.7123 700.0000
1254 1259 0.4540 700.0000
1254 1260 0.5625 700.0000
1254 1261 0.5863 700.0000
1254 1274 0.7773 700.0000
1254 1277 0.8423 700.0000
1255 1257 0.8550 700.0000
1255 1258 0.7504 700.0000
1255 1259 0.8642 700.0000
1256 1287 0.8884 700.0000
1256 1290 0.8482 700.0000
1257 1259 0.6334 700.0000
1257 1283 0.5103 700.0000
1257 1284 0.7763 700.0000
1257 1285 0.8802 700.0000
1257 1286 0.5820 700.0000
1257 1287 0.5566 700.0000
1257 1290 0.7620 700.0000
1258 1260 0.7515 700.0000
1258 1276 0.6907 700.0000
1258 1277 0.4669 700.0000
1258 1278 0.6974 700.0000
1258 1281 0.8568 700.0000
1258 1283 0.7852 700.0000
1259 1261 0.6749 700.0000
1259 1274 0.6098 700.0000
1259 1275 0.6913 700.0000
1259 1276 0.5765 700.0000
1259 1277 0.5616 700.0000
1259 1282 0.8831 700.0000
1259 1283 0.7184 700.0000
1259 1284 0.7429 700.0000
1259 1287 0.7528 700.0000
1260 1262 0.6712 700.0000
1260 1273 0.8628 700.0000
1260 1274 0.6848 700.0000
1260 1275 0.4999 700.0000
1260 1276 0.6541 700.0000
1260 1277 0.5378 700.0000
1261 1263 0.6530 700.0000
1261 1272 0.7566 700.0000
1261 1273 0.6536 700.0000
1261 1274 0.5610 700.0000
1261 1275 0.6898 700.0000
1262 1264 0.7200 700.0000
1262 1271 0.8810 700.0000
1262 1272 0.7556 700.0000
1262 1273 0.4671 700.0000
1262 1274 0.7350 700.0000
1262 1275 0.6047 700.0000
1263 1265 0.7852 700.0000
1263 1270 0.6911 700.0000
1263 1271 0.6450 700.0000
1263 1272 0.5694 700.0000
1263 1273 0.6985 700.0000
1264 1266 0.5787 700.0000
1264 1267 0.8934 700.0000
1264 1269 0.8921 700.0000
1264 1270 0.5570 700.0000
1264 1271 0.4026 700.0000
1264 1272 0.6766 700.0000
1264 1273 0.7405 700.0000
1265 1267 0.5117 700.0000
1265 1268 0.8606 700.0000
1265 1269 0.7808 700.0000
1265 1270 0.5524 700.0000
1265 1271 0.7282 700.0000
1266 1269 0.6131 700.0000
1266 1270 0.7011 700.0000
1266 1271 0.5609 700.0000
1267 1269 0.5841 700.0000
1267 1270 0.7576 700.0000
1268 1270 0.8832 700.0000
1269 1271 0.6486 700.0000
1270 1272 0.6450 700.0000
1271 1273 0.6590 700.0000
1272 1274 0.6203 700.0000
1272 1288 0.7172 700.0000
1272 1291 0.6917 700.0000
1273 1275 0.6224 700.0000
1273 1288 0.7486 700.0000
1274 1276 0.8565 700.0000
1274 1284 0.5813 700.0000
1274 1285 0.8480 700.0000
1274 1287 0.5543 700.0000
1274 1288 0.4843 700.0000
1274 1291 0.7852 700.0000
1275 1277 0.7508 700.0000
1275 1282 0.8956 700.0000
1275 1284 0.8034 700.0000
1276 1278 0.5647 700.0000
1276 1279 0.7341 700.0000
1276 1281 0.7105 700.0000
1276 1282 0.5486 700.0000
1276 1283 0.7200 700.0000
1276 1284 0.7107 700.0000
1278 1280 0.4979 700.0000
1278 1281 0.5044 700.0000
1278 1282 0.7806 700.0000
1278 1283 0.8927 700.0000
1279 1281 0.8828 700.0000
1281 1283 0.5819 700.0000
1282 1284 0.4852 700.0000
1282 1285 0.7067 700.0000
1282 1286 0.7946 700.0000
1283 1285 0.6344 700.0000
1283 1286 0.4632 700.0000
1283 1287 0.6876 700.0000
1284 1286 0.5904 700.0000
1284 1287 0.5362 700.0000
1284 1288 0.5324 700.0000
1284 1289 0.8890 700.0000
1285 1287 0.5710 700.0000
1285 1288 0.5458 700.0000
1285 1289 0.6706 700.0000
1285 1290 0.8977 700.0000
1286 1288 0.8003 700.0000
1286 1289 0.6583 700.0000
1286 1290 0.7550 700.0000
1287 1289 0.5089 700.0000
1287 1290 0.4860 700.0000
1287 1291 0.6753 700.0000
1287 1292 0.8340 700.0000
1288 1290 0.7754 700.0000
1288 1291 0.6742 700.0000
1288 1292 0.7709 700.0000
1289 1291 0.6743 700.0000
1289 1292 0.4902 700.0000
1289 1293 0.6291 700.0000
1289 1294 0.8655 700.0000
1290 1292 0.6036 700.0000
1290 1293 0.5481 700.0000
1290 1294 0.6583 700.0000
1291 1293 0.7386 700.0000
1291 1294 0.5405 700.0000
1291 1295 0.5927 700.0000
1291 1296 0.8544 700.0000
1292 1294 0.6202 700.0000
1292 1295 0.6337 700.0000
1292 1296 0.5642 700.0000
1293 1295 0.8002 700.0000
1293 1296 0.5047 700.0000
1293 1297 0.7174 700.0000
1294 1296 0.5830 700.0000
1294 1297 0.5576 700.0000
1294 1298 0.6066 700.0000
1294 1299 0.8470 700.0000
1295 1297 0.8207 700.0000
1295 1298 0.5848 700.0000
1295 1299 0.5931 700.0000
1295 1300 0.8883 700.0000
1296 1298 0.7106 700.0000
1296 1299 0.6565 700.0000
1296 1300 0.7065 700.0000
1297 1299 0.6877 700.0000
1297 1300 0.5523 700.0000
1297 1301 0.5832 700.0000
1298 1300 0.5274 700.0000
1298 1301 0.4639 700.0000
1299 1301 0.6341 700.0000
1303 1305 0.6499 700.0000
1303 1346 0.8777 700.0000
1303 1347 0.7237 700.0000
1303 1348 0.5204 700.0000
1303 1349 0.6751 700.0000
1303 1350 0.5417 700.0000
1303 1353 0.6593 700.0000
1304 1306 0.6501 700.0000
1304 1338 0.8938 700.0000
1304 1345 0.5666 700.0000
1304 1346 0.6871 700.0000
1304 1347 0.5775 700.0000
1304 1348 0.8356 700.0000
1305 1307 0.6291 700.0000
1305 1344 0.8597 700.0000
1305 1345 0.7187 700.0000
1305 1346 0.5201 700.0000
1305 1347 0.7687 700.0000
1305 1348 0.8227 700.0000
1305 1353 0.5936 700.0000
1305 1354 0.8530 700.0000
1305 1357 0.6525 700.0000
1306 1308 0.6341 700.0000
1306 1343 0.6519 700.0000
1306 1344 0.6917 700.0000
1306 1345 0.5402 700.0000
1306 1346 0.6864 700.0000
1307 1309 0.6367 700.0000
1307 1343 0.6381 700.0000
1307 1344 0.4762 700.0000
1307 1345 0.6790 700.0000
1307 1346 0.6681 700.0000
1307 1357 0.6659 700.0000
1307 1360 0.7763 700.0000
1307 1361 0.8279 700.0000
1308 1310 0.5708 700.0000
1308 1311 0.6999 700.0000
1308 1312 0.8827 700.0000
1308 1342 0.6885 700.0000
1308 1343 0.6062 700.0000
1308 1344 0.8226 700.0000
1309 1311 0.6145 700.0000
1309 1312 0.5373 700.0000
1309 1313 0.7451 700.0000
1309 1316 0.4821 700.0000
1309 1319 0.7779 700.0000
1309 1339 0.8531 700.0000
1309 1340 0.8685 700.0000
1309 1341 0.8892 700.0000
1309 1342 0.6202 700.0000
1309 1343 0.5698 700.0000
1309 1344 0.6776 700.0000
1310 1312 0.7900 700.0000
1310 1313 0.7932 700.0000
1310 1316 0.7549 700.0000
1310 1342 0.5671 700.0000
1310 1343 0.8800 700.0000
1311 1313 0.6108 700.0000
1311 1316 0.8176 700.0000
1312 1314 0.8146 700.0000
1312 1315 0.5368 700.0000
1312 1316 0.5879 700.0000
1312 1319 0.8155 700.0000
1312 1360 0.8543 700.0000
1312 1361 0.7836 700.0000
1313 1315 0.5918 700.0000
1313 1316 0.5183 700.0000
1313 1317 0.8040 700.0000
1314 1316 0.8484 700.0000
1314 1317 0.7202 700.0000
1315 1317 0.7601 700.0000
1315 1318 0.6197 700.0000
1315 1319 0.7407 700.0000
1316 1319 0.6775 700.0000
1316 1320 0.6659 700.0000
1316 1341 0.7890 700.0000
1316 1342 0.7585 700.0000
1316 1343 0.8836 700.0000
1317 1319 0.7712 700.0000
1317 1320 0.6502 700.0000
1317 1321 0.7252 700.0000
1318 1320 0.7704 700.0000
1318 1321 0.4579 700.0000
1318 1323 0.7813 700.0000
1318 1324 0.6298 700.0000
1319 1321 0.6568 700.0000
1319 1324 0.5046 700.0000
1319 1325 0.8379 700.0000
1319 1339 0.7126 700.0000
1319 1344 0.7670 700.0000
1319 1360 0.7436 700.0000
1320 1322 0.8468 700.0000
1320 1324 0.8217 700.0000
1320 1339 0.6179 700.0000
1320 1340 0.8921 700.0000
1320 1341 0.8178 700.0000
1321 1323 0.5766 700.0000
1321 1324 0.6595 700.0000
1321 1325 0.8177 700.0000
1322 1324 0.7318 700.0000
1322 1325 0.5737 700.0000
1322 1326 0.6030 700.0000
1323 1325 0.7198 700.0000
1323 1326 0.6254 700.0000
1323 1327 0.6881 700.0000
1324 1326 0.7187 700.0000
1324 1327 0.6133 700.0000
1324 1328 0.5809 700.0000
1324 1329 0.8688 700.0000
1324 1337 0.8103 700.0000
1324 1359 0.7394 700.0000
1324 1360 0.7811 700.0000
1325 1327 0.6265 700.0000
1325 1328 0.5724 700.0000
1325 1329 0.4992 700.0000
1325 1330 0.8900 700.0000
1325 1337 0.6722 700.0000
1326 1328 0.7883 700.0000
1326 1329 0.5337 700.0000
1326 1330 0.6797 700.0000
1327 1329 0.7983 700.0000
1327 1330 0.5446 700.0000
1327 1331 0.4800 700.0000
1327 1332 0.8257 700.0000
1327 1359 0.7699 700.0000
1328 1330 0.8222 700.0000
1328 1331 0.6599 700.0000
1328 1332 0.4593 700.0000
1328 1333 0.7586 700.0000
1328 1335 0.6497 700.0000
1328 1336 0.8968 700.0000
1328 1337 0.6102 700.0000
1328 1356 0.6706 700.0000
1328 1359 0.6392 700.0000
1328 1360 0.7968 700.0000
1329 1332 0.8448 700.0000
1329 1333 0.7111 700.0000
1329 1335 0.8226 700.0000
1329 1336 0.8275 700.0000
1329 1337 0.6633 700.0000
1330 1332 0.8243 700.0000
1330 1333 0.7597 700.0000
1331 1333 0.8828 700.0000
1331 1359 0.6230 700.0000
1332 1334 0.6846 700.0000
1332 1335 0.5529 700.0000
1332 1352 0.7170 700.0000
1332 1353 0.8842 700.0000
1332 1355 0.6816 700.0000
1332 1356 0.5496 700.0000
1332 1359 0.6932 700.0000
1333 1335 0.5744 700.0000
1333 1352 0.8116 700.0000
1334 1348 0.7865 700.0000
1334 1349 0.7373 700.0000
1334 1352 0.5484 700.0000
1335 1337 0.7018 700.0000
1335 1346 0.6549 700.0000
1335 1347 0.5974 700.0000
1335 1348 0.6200 700.0000
1335 1349 0.8131 700.0000
1335 1352 0.6543 700.0000
1335 1353 0.6709 700.0000
1335 1356 0.6984 700.0000
1336 1338 0.6124 700.0000
1336 1345 0.7184 700.0000
1336 1346 0.6660 700.0000
1336 1347 0.4796 700.0000
1336 1348 0.8083 700.0000
1337 1339 0.6183 700.0000
1337 1344 0.6374 700.0000
1337 1345 0.6997 700.0000
1337 1346 0.6773 700.0000
1337 1347 0.8259 700.0000
1338 1340 0.5828 700.0000
1338 1343 0.7379 700.0000
1338 1344 0.6014 700.0000
1338 1345 0.4276 700.0000
1338 1346 0.7236 700.0000
1338 1347 0.8305 700.0000
1339 1341 0.7933 700.0000
1339 1343 0.6211 700.0000
1339 1344 0.5320 700.0000
1339 1345 0.7294 700.0000
1340 1342 0.6981 700.0000
1340 1343 0.4153 700.0000
1340 1344 0.7164 700.0000
1340 1345 0.7258 700.0000
1341 1343 0.7244 700.0000
1343 1345 0.6337 700.0000
1344 1346 0.5548 700.0000
1344 1357 0.8813 700.0000
1344 1360 0.7358 700.0000
1345 1347 0.6567 700.0000
1346 1348 0.7078 700.0000
1346 1353 0.5717 700.0000
1346 1356 0.7150 700.0000
1346 1357 0.7291 700.0000
1347 1349 0.8137 700.0000
1347 1353 0.6972 700.0000
1348 1350 0.5886 700.0000
1348 1351 0.8633 700.0000
1348 1352 0.6623 700.0000
1348 1353 0.5197 700.0000
1349 1351 0.5945 700.0000
1349 1352 0.4904 700.0000
1349 1353 0.6638 700.0000
1350 1352 0.6250 700.0000
1350 1353 0.5423 700.0000
1350 1354 0.6881 700.0000
1351 1353 0.7051 700.0000
1351 1354 0.6287 700.0000
1351 1355 0.6629 700.0000
1352 1354 0.6976 700.0000
1352 1355 0.5833 700.0000
1352 1356 0.7733 700.0000
1353 1355 0.7216 700.0000
1353 1356 0.5608 700.0000
1353 1357 0.6117 700.0000
1354 1356 0.5177 700.0000
1354 1357 0.5081 700.0000
1354 1358 0.5929 700.0000
1355 1357 0.8324 700.0000
1355 1358 0.6276 700.0000
1355 1359 0.8647 700.0000
1356 1358 0.6175 700.0000
1356 1359 0.5837 700.0000
1356 1360 0.6022 700.0000
1356 1361 0.8233 700.0000
1357 1359 0.8943 700.0000
1357 1360 0.6238 700.0000
1357 1361 0.5896 700.0000
1358 1360 0.7375 700.0000
1358 1361 0.6136 700.0000
1359 1361 0.7739 700.0000
1410 1412 0.6399 700.0000
1411 1413 0.6473 700.0000
1411 1414 0.8645 700.0000
1412 1414 0.7522 700.0000
1412 1421 0.5621 700.0000
1412 1422 0.6930 700.0000
1413 1415 0.6923 700.0000
1413 1420 0.8210 700.0000
1413 1421 0.5613 700.0000
1413 1422 0.4569 700.0000
1413 1423 0.8899 700.0000
1413 1425 0.8415 700.0000
1413 1434 0.7208 700.0000
1414 1416 0.6420 700.0000
1414 1418 0.7606 700.0000
1414 1419 0.6052 700.0000
1414 1420 0.6353 700.0000
1414 1421 0.5969 700.0000
1414 1422 0.6435 700.0000
1414 1434 0.8907 700.0000
1415 1417 0.4821 700.0000
1415 1418 0.4289 700.0000
1415 1419 0.5938 700.0000
1415 1420 0.6019 700.0000
1415 1421 0.6968 700.0000
1415 1422 0.5762 700.0000
1415 1423 0.7925 700.0000
1415 1434 0.8195 700.0000
1415 1435 0.5492 700.0000
1415 1436 0.5177 700.0000
1415 1439 0.6788 700.0000
1415 1440 0.8778 700.0000
1416 1418 0.6470 700.0000
1416 1419 0.5543 700.0000
1416 1420 0.8975 700.0000
1416 1435 0.6756 700.0000
1416 1436 0.8894 700.0000
1416 1439 0.8978 700.0000
1416 1451 0.6839 700.0000
1416 1452 0.6852 700.0000
1417 1419 0.6922 700.0000
1417 1420 0.8828 700.0000
1417 1435 0.6769 700.0000
1417 1436 0.7149 700.0000
1417 1438 0.8987 700.0000
1417 1439 0.5163 700.0000
1417 1440 0.7181 700.0000
1417 1442 0.8877 700.0000
1417 1443 0.7702 700.0000
1417 1451 0.6945 700.0000
1418 1420 0.4441 700.0000
1418 1421 0.7569 700.0000
1418 1422 0.8396 700.0000
1418 1423 0.8705 700.0000
1418 1435 0.8960 700.0000
1418 1436 0.6652 700.0000
1418 1439 0.6255 700.0000
1419 1421 0.8741 700.0000
1420 1422 0.7299 700.0000
1420 1423 0.7989 700.0000
1420 1436 0.8160 700.0000
1421 1423 0.6265 700.0000
1421 1436 0.7951 700.0000
1422 1424 0.7504 700.0000
1422 1425 0.5698 700.0000
1422 1434 0.6990 700.0000
1422 1435 0.7364 700.0000
1422 1436 0.5133 700.0000
1422 1437 0.8881 700.0000
1423 1425 0.7099 700.0000
1423 1436 0.4399 700.0000
1423 1437 0.6838 700.0000
1423 1438 0.7386 700.0000
1423 1439 0.8225 700.0000
1424 1426 0.7338 700.0000
1424 1436 0.6293 700.0000
1424 1437 0.5441 700.0000
1424 1438 0.7247 700.0000
1425 1427 0.6121 700.0000
1425 1434 0.5470 700.0000
1425 1435 0.7544 700.0000
1425 1436 0.7191 700.0000
1425 1437 0.8102 700.0000
1426 1428 0.6077 700.0000
1426 1429 0.8837 700.0000
1426 1434 0.7754 700.0000
1426 1435 0.6131 700.0000
1426 1436 0.7057 700.0000
1426 1437 0.4887 700.0000
1426 1438 0.8115 700.0000
1426 1439 0.8901 700.0000
1426 1440 0.6010 700.0000
1426 1441 0.7211 700.0000
1427 1429 0.6223 700.0000
1427 1431 0.7818 700.0000
1427 1432 0.6065 700.0000
1427 1433 0.7305 700.0000
1427 1434 0.5587 700.0000
1427 1435 0.7108 700.0000
1428 1430 0.6982 700.0000
1428 1431 0.4948 700.0000
1428 1432 0.6359 700.0000
1428 1433 0.5704 700.0000
1428 1434 0.7550 700.0000
1428 1435 0.6757 700.0000
1428 1440 0.7754 700.0000
1428 1444 0.8953 700.0000
1428 1450 0.6936 700.0000
1428 1455 0.8237 700.0000
1428 1457 0.6242 700.0000
1429 1431 0.6058 700.0000
1429 1432 0.6136 700.0000
1429 1433 0.8764 700.0000
1429 1457 0.6462 700.0000
1430 1432 0.7968 700.0000
1430 1455 0.6237 700.0000
1430 1456 0.7239 700.0000
1430 1457 0.5332 700.0000
1431 1433 0.4089 700.0000
1431 1434 0.8839 700.0000
1431 1450 0.6463 700.0000
1431 1452 0.7995 700.0000
1431 1453 0.6075 700.0000
1431 1455 0.6095 700.0000
1431 1457 0.7443 700.0000
1432 1434 0.7544 700.0000
1433 1435 0.6443 700.0000
1433 1450 0.6281 700.0000
1433 1451 0.7905 700.0000
1433 1452 0.5751 700.0000
1433 1453 0.6463 700.0000
1433 1455 0.8499 700.0000
1434 1436 0.8480 700.0000
1435 1437 0.7210 700.0000
1435 1438 0.8957 700.0000
1435 1439 0.7033 700.0000
1435 1440 0.5368 700.0000
1435 1450 0.7835 700.0000
1435 1451 0.7331 700.0000
1435 1452 0.8101 700.0000
1436 1438 0.5261 700.0000
1436 1439 0.4601 700.0000
1436 1440 0.6651 700.0000
1436 1441 0.8721 700.0000
1437 1439 0.5419 700.0000
1437 1440 0.5385 700.0000
1437 1441 0.5251 700.0000
1438 1440 0.6277 700.0000
1438 1441 0.5408 700.0000
1438 1442 0.6918 700.0000
1439 1441 0.6538 700.0000
1439 1442 0.6070 700.0000
1439 1443 0.7014 700.0000
1440 1442 0.7353 700.0000
1440 1443 0.5276 700.0000
1440 1444 0.5454 700.0000
1440 1445 0.8771 700.0000
1440 1450 0.8245 700.0000
1440 1451 0.7745 700.0000
1441 1443 0.6414 700.0000
1441 1444 0.6061 700.0000
1441 1445 0.7128 700.0000
1442 1444 0.8282 700.0000
1442 1445 0.5947 700.0000
1442 1446 0.6125 700.0000
1443 1445 0.5099 700.0000
1443 1446 0.5573 700.0000
1443 1447 0.6543 700.0000
1443 1448 0.7515 700.0000
1443 1449 0.7324 700.0000
1443 1450 0.8908 700.0000
1443 1451 0.7506 700.0000
1444 1446 0.8175 700.0000
1444 1447 0.6963 700.0000
1444 1448 0.4589 700.0000
1444 1449 0.5878 700.0000
1444 1450 0.7759 700.0000
1444 1451 0.8316 700.0000
1444 1456 0.8771 700.0000
1444 1457 0.6943 700.0000
1444 1458 0.8201 700.0000
1445 1447 0.7351 700.0000
1445 1448 0.7341 700.0000
1447 1449 0.4946 700.0000
1447 1451 0.8712 700.0000
1447 1454 0.8826 700.0000
1447 1460 0.6880 700.0000
1448 1450 0.8354 700.0000
1448 1455 0.8395 700.0000
1448 1456 0.5783 700.0000
1448 1457 0.6461 700.0000
1448 1458 0.4701 700.0000
1448 1459 0.7338 700.0000
1448 1460 0.6043 700.0000
1449 1451 0.5906 700.0000
1449 1452 0.8833 700.0000
1449 1453 0.7632 700.0000
1449 1454 0.5596 700.0000
1449 1455 0.5929 700.0000
1449 1456 0.5733 700.0000
1449 1457 0.6787 700.0000
1449 1458 0.7816 700.0000
1449 1460 0.7843 700.0000
1450 1452 0.4798 700.0000
1450 1453 0.4263 700.0000
1450 1454 0.5794 700.0000
1450 1455 0.4821 700.0000
1450 1456 0.7648 700.0000
1450 1457 0.6889 700.0000
1451 1453 0.6442 700.0000
1451 1454 0.6659 700.0000
1451 1455 0.8198 700.0000
1452 1454 0.7014 700.0000
1452 1455 0.8253 700.0000
1453 1455 0.4541 700.0000
1453 1456 0.8705 700.0000
1454 1456 0.7913 700.0000
1455 1457 0.5389 700.0000
1455 1458 0.8945 700.0000
1456 1458 0.4783 700.0000
1456 1459 0.8371 700.0000
1456 1460 0.7478 700.0000
1458 1460 0.6199 700.0000
1459 1461 0.6254 700.0000
1462 1464 0.6118 700.0000
1462 1465 0.8809 700.0000
1462 1501 0.6947 700.0000
1462 1534 0.8934 700.0000
1462 1537 0.6844 700.0000
1462 1538 0.4128 700.0000
1462 1539 0.5431 700.0000
1462 1542 0.8158 700.0000
1462 1558 0.8454 700.0000
1463 1465 0.6667 700.0000
1463 1499 0.7840 700.0000
1463 1501 0.5282 700.0000
1463 1502 0.5315 700.0000
1463 1503 0.8913 700.0000
1463 1538 0.6349 700.0000
1463 1539 0.7835 700.0000
1463 1541 0.8578 700.0000
1463 1542 0.5123 700.0000
1463 1543 0.6091 700.0000
1463 1558 0.8147 700.0000
1464 1466 0.7661 700.0000
1464 1467 0.7317 700.0000
1464 1493 0.7257 700.0000
1464 1534 0.8303 700.0000
1464 1535 0.6025 700.0000
1464 1536 0.8778 700.0000
1464 1537 0.8930 700.0000
1464 1538 0.3943 700.0000
1464 1539 0.6599 700.0000
1464 1540 0.6330 700.0000
1464 1541 0.5274 700.0000
1464 1542 0.6702 700.0000
1464 1543 0.8652 700.0000
1464 1555 0.8800 700.0000
1464 1558 0.8581 700.0000
1465 1467 0.6537 700.0000
1465 1493 0.5560 700.0000
1465 1494 0.7077 700.0000
1465 1495 0.8027 700.0000
1465 1496 0.8264 700.0000
1465 1502 0.8591 700.0000
1465 1509 0.7122 700.0000
1465 1512 0.8861 700.0000
1465 1535 0.8726 700.0000
1465 1538 0.6967 700.0000
1465 1541 0.6447 700.0000
1465 1542 0.7060 700.0000
1465 1543 0.7236 700.0000
1465 1555 0.6867 700.0000
1466 1468 0.8523 700.0000
1466 1493 0.7119 700.0000
1466 1494 0.4565 700.0000
1466 1495 0.7364 700.0000
1466 1496 0.8324 700.0000
1467 1469 0.7987 700.0000
1467 1491 0.8624 700.0000
1467 1492 0.5622 700.0000
1467 1493 0.4942 700.0000
1467 1494 0.5409 700.0000
1467 1535 0.6965 700.0000
1468 1470 0.6135 700.0000
1468 1490 0.7117 700.0000
1468 1491 0.6516 700.0000
1468 1492 0.4039 700.0000
1468 1493 0.5911 700.0000
1468 1494 0.7759 700.0000
1468 1535 0.7212 700.0000
1469 1471 0.7400 700.0000
1469 1489 0.6539 700.0000
1469 1490 0.6550 700.0000
1469 1491 0.5152 700.0000
1469 1492 0.8271 700.0000
1469 1528 0.8297 700.0000
1469 1531 0.7486 700.0000
1469 1532 0.4576 700.0000
1469 1534 0.8918 700.0000
1469 1535 0.5227 700.0000
1469 1536 0.8431 700.0000
1469 1540 0.8717 700.0000
1470 1472 0.6862 700.0000
1470 1488 0.7817 700.0000
1470 1489 0.6159 700.0000
1470 1490 0.4341 700.0000
1470 1491 0.6811 700.0000
1470 1492 0.8047 700.0000
1470 1532 0.7867 700.0000
1471 1473 0.6997 700.0000
1471 1487 0.6772 700.0000
1471 1488 0.6687 700.0000
1471 1489 0.6578 700.0000
1471 1490 0.8083 700.0000
1471 1528 0.6994 700.0000
1471 1532 0.7541 700.0000
1472 1474 0.6984 700.0000
1472 1486 0.7813 700.0000
1472 1487 0.6168 700.0000
1472 1488 0.4004 700.0000
1472 1489 0.6915 700.0000
1472 1490 0.7565 700.0000
1473 1475 0.7689 700.0000
1473 1476 0.8529 700.0000
1473 1485 0.6911 700.0000
1473 1486 0.5766 700.0000
1473 1487 0.5638 700.0000
1473 1488 0.6311 700.0000
1473 1520 0.6780 700.0000
1474 1476 0.4352 700.0000
1474 1477 0.7762 700.0000
1474 1485 0.5708 700.0000
1474 1486 0.4162 700.0000
1474 1487 0.7167 700.0000
1474 1488 0.7111 700.0000
1474 1520 0.8100 700.0000
1474 1566 0.8542 700.0000
1475 1485 0.7624 700.0000
1475 1486 0.8791 700.0000
1476 1478 0.7458 700.0000
1476 1485 0.6468 700.0000
1476 1486 0.5615 700.0000
1476 1566 0.7108 700.0000
1477 1479 0.6297 700.0000
1477 1480 0.7878 700.0000
1477 1481 0.7662 700.0000
1477 1482 0.4857 700.0000
1477 1483 0.7541 700.0000
1477 1484 0.7509 700.0000
1477 1485 0.5668 700.0000
1477 1486 0.6375 700.0000
1477 1519 0.8863 700.0000
1477 1566 0.7686 700.0000
1477 1567 0.8933 700.0000
1478 1480 0.6142 700.0000
1478 1481 0.5289 700.0000
1478 1482 0.6503 700.0000
1478 1484 0.8041 700.0000
1478 1485 0.6491 700.0000
1478 1486 0.5923 700.0000
1478 1517 0.8018 700.0000
1478 1518 0.8025 700.0000
1478 1519 0.6275 700.0000
1478 1566 0.6212 700.0000
1478 1567 0.7286 700.0000
1478 1574 0.8824 700.0000
1478 1575 0.5262 700.0000
1478 1576 0.7962 700.0000
1479 1481 0.6091 700.0000
1479 1482 0.6162 700.0000
1479 1566 0.8232 700.0000
1479 1567 0.6524 700.0000
1479 1568 0.8621 700.0000
1479 1569 0.8471 700.0000
1479 1574 0.8036 700.0000
1479 1575 0.5262 700.0000
1479 1576 0.4876 700.0000
1479 1577 0.8729 700.0000
1480 1482 0.5210 700.0000
1480 1483 0.8153 700.0000
1480 1484 0.8201 700.0000
1480 1519 0.8740 700.0000
1480 1575 0.7626 700.0000
1480 1576 0.6632 700.0000
1480 1577 0.8849 700.0000
1480 1578 0.7484 700.0000
1481 1483 0.7505 700.0000
1481 1484 0.6030 700.0000
1481 1485 0.7787 700.0000
1481 1518 0.8742 700.0000
1481 1519 0.5385 700.0000
1481 1521 0.6989 700.0000
1481 1575 0.7101 700.0000
1481 1576 0.8330 700.0000
1481 1577 0.8869 700.0000
1481 1578 0.7778 700.0000
1481 1581 0.8718 700.0000
1482 1484 0.7015 700.0000
1482 1485 0.8367 700.0000
1483 1485 0.7157 700.0000
1483 1521 0.8979 700.0000
1484 1486 0.8399 700.0000
1484 1519 0.6646 700.0000
1484 1520 0.5755 700.0000
1484 1521 0.5590 700.0000
1485 1487 0.6660 700.0000
1485 1518 0.8332 700.0000
1485 1519 0.5907 700.0000
1485 1520 0.4245 700.0000
1485 1521 0.7392 700.0000
1486 1488 0.6154 700.0000
1486 1517 0.6863 700.0000
1486 1518 0.6545 700.0000
1486 1519 0.6121 700.0000
1486 1520 0.6222 700.0000
1486 1566 0.6717 700.0000
1487 1489 0.6384 700.0000
1487 1516 0.7390 700.0000
1487 1517 0.7046 700.0000
1487 1518 0.4156 700.0000
1487 1519 0.5688 700.0000
1487 1520 0.5659 700.0000
1487 1521 0.8509 700.0000
1487 1524 0.6999 700.0000
1487 1525 0.7479 700.0000
1487 1528 0.7172 700.0000
1488 1490 0.6464 700.0000
1488 1515 0.6769 700.0000
1488 1516 0.5530 700.0000
1488 1517 0.5577 700.0000
1488 1518 0.7256 700.0000
1488 1566 0.8323 700.0000
1489 1491 0.5504 700.0000
1489 1515 0.5869 700.0000
1489 1516 0.3843 700.0000
1489 1517 0.6686 700.0000
1489 1518 0.7045 700.0000
1489 1528 0.7460 700.0000
1489 1531 0.8170 700.0000
1489 1532 0.8560 700.0000
1489 1562 0.7963 700.0000
1490 1492 0.6726 700.0000
1490 1513 0.7467 700.0000
1490 1514 0.8277 700.0000
1490 1515 0.5442 700.0000
1490 1516 0.6752 700.0000
1491 1493 0.6877 700.0000
1491 1512 0.8519 700.0000
1491 1513 0.8155 700.0000
1491 1514 0.6755 700.0000
1491 1515 0.6673 700.0000
1491 1516 0.6916 700.0000
1491 1531 0.8543 700.0000
1491 1532 0.8901 700.0000
1491 1535 0.7226 700.0000
1491 1540 0.7058 700.0000
1491 1541 0.6920 700.0000
1491 1557 0.8333 700.0000
1491 1562 0.7855 700.0000
1492 1494 0.6494 700.0000
1492 1511 0.8155 700.0000
1492 1512 0.6489 700.0000
1492 1513 0.5414 700.0000
1492 1514 0.8343 700.0000
1493 1495 0.7665 700.0000
1493 1511 0.6572 700.0000
1493 1512 0.4952 700.0000
1493 1513 0.7219 700.0000
1493 1514 0.8122 700.0000
1493 1535 0.8626 700.0000
1493 1541 0.6463 700.0000
1493 1555 0.6909 700.0000
1494 1496 0.7467 700.0000
1494 1509 0.8394 700.0000
1494 1511 0.7174 700.0000
1494 1512 0.8452 700.0000
1495 1497 0.7644 700.0000
1495 1508 0.7912 700.0000
1495 1509 0.5031 700.0000
1495 1510 0.5815 700.0000
1495 1511 0.5290 700.0000
1495 1512 0.8344 700.0000
1495 1555 0.8825 700.0000
1496 1498 0.6947 700.0000
1496 1506 0.8331 700.0000
1496 1507 0.8935 700.0000
1496 1508 0.5331 700.0000
1496 1509 0.3293 700.0000
1496 1510 0.6618 700.0000
1496 1511 0.7913 700.0000
1497 1499 0.6645 700.0000
1497 1502 0.8583 700.0000
1497 1505 0.8213 700.0000
1497 1506 0.5088 700.0000
1497 1507 0.7436 700.0000
1497 1508 0.5381 700.0000
1497 1509 0.5836 700.0000
1498 1500 0.8771 700.0000
1498 1501 0.8855 700.0000
1498 1502 0.4533 700.0000
1498 1503 0.6226 700.0000
1498 1504 0.5129 700.0000
1498 1505 0.4866 700.0000
1498 1506 0.4861 700.0000
1498 1507 0.5018 700.0000
1498 1508 0.8020 700.0000
1498 1509 0.5879 700.0000
1498 1543 0.6420 700.0000
1498 1544 0.8520 700.0000
1498 1553 0.6703 700.0000
1499 1501 0.5108 700.0000
1499 1502 0.4095 700.0000
1499 1503 0.8177 700.0000
1499 1504 0.8685 700.0000
1499 1505 0.5998 700.0000
1499 1506 0.7241 700.0000
1499 1543 0.8744 700.0000
1500 1502 0.7250 700.0000
1500 1505 0.6427 700.0000
1501 1503 0.8605 700.0000
1502 1504 0.6899 700.0000
1502 1505 0.6508 700.0000
1502 1506 0.8725 700.0000
1502 1509 0.8316 700.0000
1502 1542 0.7599 700.0000
1502 1543 0.5253 700.0000
1502 1544 0.8303 700.0000
1503 1505 0.6149 700.0000
1503 1507 0.8167 700.0000
1503 1543 0.6554 700.0000
1503 1544 0.6796 700.0000
1503 1553 0.7642 700.0000
1504 1506 0.6809 700.0000
1504 1507 0.4699 700.0000
1504 1543 0.8145 700.0000
1504 1544 0.7936 700.0000
1504 1552 0.8156 700.0000
1504 1553 0.5917 700.0000
1505 1507 0.6019 700.0000
1506 1508 0.6709 700.0000
1506 1509 0.8847 700.0000
1507 1509 0.8084 700.0000
1507 1552 0.8510 700.0000
1507 1553 0.5409 700.0000
1508 1510 0.8128 700.0000
1509 1511 0.6743 700.0000
1509 1543 0.6618 700.0000
1509 1544 0.8860 700.0000
1509 1553 0.7258 700.0000
1509 1554 0.6873 700.0000
1509 1555 0.6410 700.0000
1510 1512 0.6702 700.0000
1510 1553 0.8064 700.0000
1510 1554 0.6081 700.0000
1510 1555 0.6187 700.0000
1511 1513 0.7179 700.0000
1511 1554 0.8290 700.0000
1511 1555 0.6332 700.0000
1512 1514 0.5202 700.0000
1512 1541 0.7894 700.0000
1512 1554 0.8600 700.0000
1512 1555 0.5322 700.0000
1512 1556 0.8737 700.0000
1513 1515 0.7728 700.0000
1514 1516 0.8464 700.0000
1514 1541 0.8350 700.0000
1514 1555 0.8463 700.0000
1514 1557 0.7005 700.0000
1514 1564 0.7595 700.0000
1515 1517 0.5731 700.0000
1515 1562 0.8390 700.0000
1515 1564 0.5780 700.0000
1515 1565 0.8396 700.0000
1516 1518 0.6540 700.0000
1516 1562 0.6082 700.0000
1516 1563 0.6844 700.0000
1516 1564 0.5841 700.0000
1516 1565 0.7892 700.0000
1516 1566 0.8553 700.0000
1517 1519 0.8838 700.0000
1517 1562 0.8620 700.0000
1517 1563 0.6337 700.0000
1517 1564 0.5906 700.0000
1517 1565 0.5544 700.0000
1517 1566 0.4887 700.0000
1517 1567 0.8664 700.0000
1517 1574 0.8232 700.0000
1517 1575 0.7340 700.0000
1518 1520 0.7520 700.0000
1518 1521 0.7797 700.0000
1518 1523 0.8993 700.0000
1518 1524 0.5403 700.0000
1518 1525 0.8683 700.0000
1518 1527 0.6982 700.0000
1518 1528 0.7144 700.0000
1518 1562 0.8820 700.0000
1518 1563 0.7692 700.0000
1518 1575 0.7912 700.0000
1518 1580 0.7848 700.0000
1518 1581 0.7744 700.0000
1519 1521 0.4668 700.0000
1519 1523 0.7398 700.0000
1519 1524 0.5088 700.0000
1519 1525 0.7926 700.0000
1519 1527 0.8620 700.0000
1519 1575 0.7842 700.0000
1519 1581 0.7530 700.0000
1520 1522 0.8937 700.0000
1520 1524 0.6722 700.0000
1520 1525 0.5115 700.0000
1521 1523 0.5373 700.0000
1521 1524 0.4709 700.0000
1521 1525 0.5878 700.0000
1521 1581 0.8598 700.0000
1522 1524 0.7049 700.0000
1522 1525 0.6333 700.0000
1522 1526 0.6843 700.0000
1523 1525 0.8502 700.0000
1523 1526 0.5971 700.0000
1523 1527 0.6648 700.0000
1523 1581 0.5169 700.0000
1523 1582 0.8903 700.0000
1523 1585 0.7295 700.0000
1524 1526 0.6059 700.0000
1524 1527 0.4491 700.0000
1524 1528 0.5959 700.0000
1524 1529 0.8297 700.0000
1524 1581 0.6725 700.0000
1525 1527 0.8344 700.0000
1525 1528 0.6791 700.0000
1525 1529 0.7629 700.0000
1526 1528 0.7610 700.0000
1526 1529 0.5942 700.0000
1526 1530 0.6005 700.0000
1526 1581 0.8978 700.0000
1526 1585 0.6968 700.0000
1527 1529 0.6859 700.0000
1527 1530 0.5043 700.0000
1527 1531 0.5702 700.0000
1527 1580 0.8653 700.0000
1527 1581 0.6639 700.0000
1527 1584 0.6585 700.0000
1527 1585 0.6218 700.0000
1527 1588 0.7909 700.0000
1528 1530 0.6625 700.0000
1528 1531 0.5327 700.0000
1528 1532 0.5641 700.0000
1529 1531 0.7743 700.0000
1529 1532 0.6744 700.0000
1529 1533 0.8093 700.0000
1530 1532 0.7957 700.0000
1530 1533 0.5720 700.0000
1530 1534 0.7042 700.0000
1530 1584 0.8419 700.0000
1530 1585 0.7342 700.0000
1530 1588 0.5789 700.0000
1531 1533 0.8125 700.0000
1531 1534 0.5529 700.0000
1531 1535 0.7497 700.0000
1531 1540 0.6867 700.0000
1531 1560 0.7650 700.0000
1531 1562 0.7873 700.0000
1531 1584 0.8213 700.0000
1531 1588 0.7052 700.0000
1532 1534 0.7395 700.0000
1532 1535 0.6274 700.0000
1532 1536 0.6868 700.0000
1533 1536 0.6692 700.0000
1533 1537 0.5729 700.0000
1533 1588 0.8436 700.0000
1534 1536 0.5570 700.0000
1534 1537 0.4657 700.0000
1534 1538 0.7457 700.0000
1534 1539 0.4705 700.0000
1534 1540 0.5604 700.0000
1534 1560 0.8273 700.0000
1534 1588 0.7368 700.0000
1534 1591 0.7955 700.0000
1535 1537 0.7774 700.0000
1535 1538 0.6539 700.0000
1535 1539 0.7596 700.0000
1535 1540 0.5933 700.0000
1535 1541 0.7522 700.0000
1536 1538 0.6772 700.0000
1536 1539 0.8628 700.0000
1537 1539 0.5425 700.0000
1537 1591 0.8253 700.0000
1538 1540 0.8242 700.0000
1538 1541 0.8735 700.0000
1539 1541 0.7590 700.0000
1539 1542 0.8390 700.0000
1539 1558 0.5556 700.0000
1539 1559 0.8550 700.0000
1539 1560 0.7427 700.0000
1539 1588 0.8462 700.0000
1539 1591 0.5709 700.0000
1540 1542 0.8052 700.0000
1540 1556 0.8873 700.0000
1540 1557 0.6368 700.0000
1540 1558 0.5923 700.0000
1540 1559 0.8717 700.0000
1540 1560 0.5574 700.0000
1540 1562 0.7519 700.0000
1541 1543 0.8481 700.0000
1541 1555 0.6260 700.0000
1541 1556 0.5895 700.0000
1541 1557 0.5211 700.0000
1541 1558 0.6559 700.0000
1541 1560 0.8256 700.0000
1542 1544 0.6140 700.0000
1542 1554 0.7883 700.0000
1542 1555 0.6082 700.0000
1542 1556 0.4312 700.0000
1542 1557 0.7976 700.0000
1542 1558 0.5573 700.0000
1543 1552 0.8747 700.0000
1543 1553 0.6882 700.0000
1543 1554 0.5753 700.0000
1543 1555 0.5610 700.0000
1543 1556 0.5913 700.0000
1544 1546 0.6397 700.0000
1544 1551 0.7335 700.0000
1544 1552 0.5456 700.0000
1544 1553 0.5326 700.0000
1544 1554 0.4308 700.0000
1544 1555 0.6760 700.0000
1544 1556 0.5620 700.0000
1545 1547 0.5808 700.0000
1545 1548 0.8358 700.0000
1545 1549 0.7862 700.0000
1545 1550 0.5265 700.0000
1545 1551 0.5373 700.0000
1545 1552 0.5584 700.0000
1545 1553 0.8421 700.0000
1545 1554 0.7665 700.0000
1545 1556 0.8590 700.0000
1546 1548 0.5044 700.0000
1546 1549 0.4651 700.0000
1546 1550 0.4987 700.0000
1546 1551 0.4724 700.0000
1546 1552 0.6956 700.0000
1546 1554 0.6233 700.0000
1546 1555 0.8680 700.0000
1546 1556 0.6477 700.0000
1547 1550 0.8165 700.0000
1548 1550 0.6678 700.0000
1548 1551 0.8045 700.0000
1549 1551 0.4872 700.0000
1549 1552 0.8786 700.0000
1549 1554 0.8114 700.0000
1550 1552 0.6654 700.0000
1550 1554 0.8907 700.0000
1551 1553 0.7054 700.0000
1551 1554 0.5954 700.0000
1552 1554 0.5479 700.0000
1553 1555 0.8707 700.0000
1554 1556 0.5901 700.0000
1555 1557 0.7971 700.0000
1556 1558 0.6932 700.0000
1557 1559 0.8033 700.0000
1557 1560 0.6593 700.0000
1557 1561 0.7189 700.0000
1557 1562 0.5963 700.0000
1558 1560 0.5738 700.0000
1558 1591 0.7173 700.0000
1559 1561 0.6646 700.0000
1559 1587 0.6545 700.0000
1559 1590 0.8739 700.0000
1559 1591 0.7235 700.0000
1560 1562 0.5773 700.0000
1560 1584 0.6662 700.0000
1560 1587 0.5151 700.0000
1560 1588 0.6424 700.0000
1560 1591 0.7472 700.0000
1561 1563 0.7788 700.0000
1561 1573 0.7816 700.0000
1561 1580 0.7415 700.0000
1561 1583 0.7485 700.0000
1561 1584 0.6964 700.0000
1561 1587 0.5940 700.0000
1562 1564 0.6864 700.0000
1562 1573 0.8672 700.0000
1562 1580 0.7693 700.0000
1562 1584 0.7857 700.0000
1563 1565 0.5652 700.0000
1563 1569 0.7584 700.0000
1563 1570 0.7793 700.0000
1563 1573 0.6000 700.0000
1563 1574 0.4500 700.0000
1563 1575 0.5371 700.0000
1563 1577 0.7412 700.0000
1563 1580 0.5536 700.0000
1564 1566 0.8682 700.0000
1564 1572 0.8537 700.0000
1564 1573 0.5981 700.0000
1564 1574 0.7156 700.0000
1565 1567 0.5628 700.0000
1565 1568 0.6821 700.0000
1565 1569 0.6978 700.0000
1565 1572 0.6782 700.0000
1565 1573 0.7079 700.0000
1565 1574 0.4646 700.0000
1565 1575 0.6444 700.0000
1566 1574 0.8493 700.0000
1566 1575 0.7371 700.0000
1567 1569 0.7460 700.0000
1567 1572 0.8819 700.0000
1567 1574 0.6862 700.0000
1567 1575 0.6952 700.0000
1567 1576 0.8092 700.0000
1568 1570 0.6134 700.0000
1568 1571 0.6427 700.0000
1568 1572 0.4758 700.0000
1568 1573 0.8622 700.0000
1568 1574 0.5009 700.0000
1568 1575 0.7598 700.0000
1568 1576 0.6369 700.0000
1569 1571 0.5624 700.0000
1569 1572 0.5459 700.0000
1569 1573 0.7194 700.0000
1569 1574 0.3286 700.0000
1569 1575 0.6191 700.0000
1569 1576 0.5074 700.0000
1569 1577 0.6688 700.0000
1570 1572 0.6796 700.0000
1570 1573 0.6439 700.0000
1570 1574 0.5002 700.0000
1570 1575 0.7848 700.0000
1570 1576 0.6715 700.0000
1570 1577 0.5737 700.0000
1571 1573 0.7370 700.0000
1571 1574 0.8020 700.0000
1572 1574 0.6390 700.0000
1574 1576 0.5977 700.0000
1574 1577 0.6309 700.0000
1574 1580 0.8089 700.0000
1575 1577 0.5710 700.0000
1575 1578 0.8254 700.0000
1575 1580 0.7236 700.0000
1576 1578 0.6777 700.0000
1577 1579 0.4714 700.0000
1577 1580 0.5634 700.0000
1577 1581 0.7795 700.0000
1577 1583 0.7159 700.0000
1578 1580 0.7834 700.0000
1578 1581 0.7612 700.0000
1578 1582 0.8842 700.0000
1578 1583 0.8487 700.0000
1579 1581 0.6391 700.0000
1579 1582 0.5673 700.0000
1579 1583 0.4575 700.0000
1579 1584 0.8850 700.0000
1580 1582 0.8161 700.0000
1580 1583 0.5133 700.0000
1580 1584 0.5284 700.0000
1580 1585 0.8418 700.0000
1580 1587 0.8709 700.0000
1581 1583 0.7039 700.0000
1581 1584 0.5863 700.0000
1581 1585 0.5994 700.0000
1582 1584 0.7294 700.0000
1582 1585 0.5802 700.0000
1582 1586 0.5436 700.0000
1583 1585 0.8268 700.0000
1583 1586 0.6605 700.0000
1583 1587 0.6908 700.0000
1584 1586 0.6418 700.0000
1584 1587 0.4632 700.0000
1584 1588 0.5666 700.0000
1585 1587 0.7617 700.0000
1585 1588 0.6226 700.0000
1585 1589 0.7459 700.0000
1586 1588 0.7528 700.0000
1586 1589 0.6182 700.0000
1586 1590 0.7710 700.0000
1587 1589 0.8212 700.0000
1587 1590 0.6651 700.0000
1587 1591 0.7388 700.0000
1588 1590 0.6238 700.0000
1588 1591 0.5911 700.0000
1589 1591 0.7944 700.0000
