i j d[nm] fc
60 62 0.7442 700.0000
61 63 0.6830 700.0000
62 64 0.7066 700.0000
63 65 0.6872 700.0000
63 96 0.7909 700.0000
64 66 0.6387 700.0000
65 67 0.8010 700.0000
66 68 0.7813 700.0000
66 69 0.8698 700.0000
66 70 0.5713 700.0000
66 71 0.6449 700.0000
66 74 0.8286 700.0000
66 95 0.8688 700.0000
66 96 0.8335 700.0000
67 69 0.4993 700.0000
67 70 0.3995 700.0000
67 71 0.7334 700.0000
67 72 0.8510 700.0000
68 70 0.7229 700.0000
68 71 0.5616 700.0000
68 72 0.5347 700.0000
69 71 0.7586 700.0000
69 72 0.5367 700.0000
69 73 0.6973 700.0000
70 72 0.7141 700.0000
70 73 0.5510 700.0000
70 74 0.6288 700.0000
71 73 0.7110 700.0000
71 74 0.5852 700.0000
71 75 0.5446 700.0000
71 76 0.8610 700.0000
71 78 0.8972 700.0000
71 95 0.6240 700.0000
71 96 0.7466 700.0000
72 74 0.7779 700.0000
72 75 0.7222 700.0000
72 76 0.7220 700.0000
73 75 0.7767 700.0000
73 76 0.5957 700.0000
73 77 0.6757 700.0000
74 76 0.6739 700.0000
74 77 0.5715 700.0000
74 78 0.6784 700.0000
74 81 0.6562 700.0000
74 95 0.6889 700.0000
75 77 0.7041 700.0000
75 78 0.4791 700.0000
75 95 0.5824 700.0000
76 78 0.7574 700.0000
77 79 0.7960 700.0000
77 80 0.4795 700.0000
77 81 0.6846 700.0000
78 80 0.7061 700.0000
78 81 0.6212 700.0000
78 82 0.5970 700.0000
78 93 0.7838 700.0000
78 94 0.7658 700.0000
78 95 0.5504 700.0000
79 81 0.8384 700.0000
79 82 0.6905 700.0000
79 83 0.5187 700.0000
80 82 0.6824 700.0000
80 83 0.5782 700.0000
80 84 0.7322 700.0000
81 83 0.7175 700.0000
81 84 0.5744 700.0000
81 85 0.5610 700.0000
81 93 0.6472 700.0000
81 94 0.8905 700.0000
81 95 0.8193 700.0000
82 84 0.6486 700.0000
82 85 0.5726 700.0000
82 86 0.6635 700.0000
82 87 0.8931 700.0000
82 91 0.8634 700.0000
82 92 0.7352 700.0000
82 93 0.4419 700.0000
82 94 0.7359 700.0000
82 95 0.8447 700.0000
83 85 0.7804 700.0000
83 86 0.6381 700.0000
83 87 0.6282 700.0000
84 86 0.6857 700.0000
84 87 0.5480 700.0000
84 88 0.5544 700.0000
84 89 0.7110 700.0000
84 91 0.8747 700.0000
85 87 0.7079 700.0000
85 88 0.6524 700.0000
85 89 0.5268 700.0000
85 90 0.6628 700.0000
85 91 0.4958 700.0000
85 92 0.7355 700.0000
85 93 0.6052 700.0000
86 88 0.8734 700.0000
86 89 0.8138 700.0000
86 90 0.5073 700.0000
86 91 0.5971 700.0000
86 92 0.6171 700.0000
86 93 0.7699 700.0000
87 89 0.7634 700.0000
87 90 0.7015 700.0000
87 91 0.8615 700.0000
88 90 0.8121 700.0000
88 91 0.8739 700.0000
89 91 0.5579 700.0000
90 92 0.6490 700.0000
91 93 0.6720 700.0000
92 94 0.7193 700.0000
93 95 0.7128 700.0000
94 96 0.6279 700.0000
107 109 0.5752 700.0000
107 122 0.8144 700.0000
107 123 0.6219 700.0000
107 124 0.4824 700.0000
107 125 0.7498 700.0000
107 285 0.8787 700.0000
108 110 0.7117 700.0000
108 111 0.6085 700.0000
108 121 0.6448 700.0000
108 122 0.5980 700.0000
108 123 0.4443 700.0000
108 276 0.8812 700.0000
109 111 0.8722 700.0000
109 121 0.7987 700.0000
109 122 0.4817 700.0000
109 123 0.6841 700.0000
109 124 0.7911 700.0000
109 285 0.6941 700.0000
109 286 0.8300 700.0000
109 289 0.5587 700.0000
110 112 0.6287 700.0000
110 119 0.8965 700.0000
110 120 0.6483 700.0000
110 121 0.5853 700.0000
110 122 0.4889 700.0000
110 123 0.8670 700.0000
110 277 0.8474 700.0000
110 288 0.8889 700.0000
110 289 0.5650 700.0000
110 290 0.8670 700.0000
110 291 0.8855 700.0000
110 292 0.5768 700.0000
110 293 0.6568 700.0000
110 296 0.8087 700.0000
111 113 0.7082 700.0000
111 119 0.5298 700.0000
111 120 0.7202 700.0000
111 121 0.5993 700.0000
111 122 0.8207 700.0000
111 123 0.8615 700.0000
111 274 0.8939 700.0000
112 114 0.6104 700.0000
112 115 0.8932 700.0000
112 119 0.6962 700.0000
112 120 0.6007 700.0000
112 121 0.8304 700.0000
112 292 0.8031 700.0000
112 296 0.5744 700.0000
113 115 0.5503 700.0000
113 116 0.6288 700.0000
113 118 0.6175 700.0000
113 119 0.4978 700.0000
113 120 0.7164 700.0000
114 116 0.7848 700.0000
114 118 0.5400 700.0000
114 119 0.7334 700.0000
114 120 0.6028 700.0000
114 259 0.7794 700.0000
114 260 0.7422 700.0000
114 263 0.6292 700.0000
114 264 0.7861 700.0000
114 275 0.8385 700.0000
114 296 0.7050 700.0000
115 117 0.6534 700.0000
115 118 0.4042 700.0000
115 119 0.8152 700.0000
115 263 0.6920 700.0000
115 264 0.8846 700.0000
115 268 0.8101 700.0000
116 118 0.6434 700.0000
117 268 0.7826 700.0000
117 270 0.7036 700.0000
117 271 0.8228 700.0000
117 272 0.8121 700.0000
117 273 0.6935 700.0000
118 120 0.7497 700.0000
118 263 0.6977 700.0000
118 268 0.7820 700.0000
118 270 0.8235 700.0000
118 272 0.5852 700.0000
118 273 0.6429 700.0000
118 274 0.7169 700.0000
118 275 0.6878 700.0000
119 121 0.5715 700.0000
119 273 0.7457 700.0000
119 274 0.4931 700.0000
119 275 0.6393 700.0000
119 276 0.7564 700.0000
120 122 0.7034 700.0000
120 256 0.7958 700.0000
120 259 0.7814 700.0000
120 274 0.7959 700.0000
120 275 0.4912 700.0000
120 276 0.7144 700.0000
120 277 0.6642 700.0000
120 292 0.7558 700.0000
120 296 0.7781 700.0000
121 123 0.5345 700.0000
121 274 0.7198 700.0000
121 275 0.5867 700.0000
121 276 0.4611 700.0000
121 277 0.5317 700.0000
121 278 0.8280 700.0000
122 124 0.8635 700.0000
122 276 0.7259 700.0000
122 277 0.4853 700.0000
122 278 0.7001 700.0000
122 279 0.8469 700.0000
122 285 0.6480 700.0000
122 286 0.8715 700.0000
122 288 0.6328 700.0000
122 289 0.6589 700.0000
122 292 0.7802 700.0000
123 125 0.6528 700.0000
123 130 0.7076 700.0000
123 276 0.5575 700.0000
123 277 0.7055 700.0000
123 278 0.6290 700.0000
123 279 0.8541 700.0000
124 126 0.8700 700.0000
124 278 0.7933 700.0000
124 279 0.5790 700.0000
124 280 0.6188 700.0000
124 281 0.8149 700.0000
124 282 0.6205 700.0000
124 285 0.6318 700.0000
125 127 0.6367 700.0000
125 128 0.8119 700.0000
125 129 0.6374 700.0000
125 130 0.5455 700.0000
125 131 0.8964 700.0000
125 278 0.6191 700.0000
125 279 0.6431 700.0000
125 280 0.6611 700.0000
126 128 0.4292 700.0000
126 129 0.4710 700.0000
126 130 0.6865 700.0000
126 149 0.8650 700.0000
126 152 0.8406 700.0000
126 153 0.8802 700.0000
126 278 0.8087 700.0000
126 279 0.7768 700.0000
126 280 0.6145 700.0000
127 129 0.6499 700.0000
127 130 0.5581 700.0000
127 131 0.8926 700.0000
127 132 0.8585 700.0000
127 135 0.6271 700.0000
127 136 0.7704 700.0000
127 137 0.8732 700.0000
127 149 0.6745 700.0000
127 152 0.8508 700.0000
127 153 0.7032 700.0000
127 235 0.6726 700.0000
127 236 0.8798 700.0000
127 237 0.7526 700.0000
127 278 0.5818 700.0000
127 279 0.7518 700.0000
127 280 0.8050 700.0000
128 130 0.7522 700.0000
128 135 0.8893 700.0000
128 149 0.8193 700.0000
128 152 0.6342 700.0000
128 153 0.5678 700.0000
128 156 0.5986 700.0000
128 157 0.8343 700.0000
128 188 0.6337 700.0000
128 189 0.7493 700.0000
128 190 0.8941 700.0000
129 131 0.6965 700.0000
129 156 0.8911 700.0000
129 188 0.7780 700.0000
129 189 0.6479 700.0000
130 132 0.5288 700.0000
130 134 0.8773 700.0000
130 135 0.8040 700.0000
130 189 0.7491 700.0000
130 190 0.8639 700.0000
130 235 0.6991 700.0000
130 276 0.6936 700.0000
130 278 0.6953 700.0000
131 133 0.7531 700.0000
131 134 0.8445 700.0000
131 189 0.5920 700.0000
131 190 0.7461 700.0000
131 233 0.7511 700.0000
131 235 0.8849 700.0000
131 276 0.8235 700.0000
132 134 0.4759 700.0000
132 135 0.6480 700.0000
132 189 0.6540 700.0000
132 190 0.5756 700.0000
132 191 0.7649 700.0000
132 231 0.8799 700.0000
132 233 0.4749 700.0000
132 234 0.6345 700.0000
132 235 0.6298 700.0000
132 274 0.8416 700.0000
132 276 0.7125 700.0000
133 135 0.8285 700.0000
133 189 0.8512 700.0000
133 190 0.6326 700.0000
133 191 0.4599 700.0000
133 192 0.7172 700.0000
133 230 0.8510 700.0000
133 231 0.5154 700.0000
133 232 0.5987 700.0000
133 233 0.4275 700.0000
133 234 0.7188 700.0000
133 235 0.8950 700.0000
134 136 0.6793 700.0000
134 189 0.8922 700.0000
134 190 0.5821 700.0000
134 191 0.6777 700.0000
134 192 0.5898 700.0000
134 193 0.6880 700.0000
134 194 0.6604 700.0000
134 224 0.8253 700.0000
134 231 0.6371 700.0000
134 233 0.5678 700.0000
134 234 0.4757 700.0000
134 235 0.5328 700.0000
134 236 0.8727 700.0000
134 276 0.8790 700.0000
135 137 0.6886 700.0000
135 153 0.8006 700.0000
135 185 0.8261 700.0000
135 188 0.8155 700.0000
135 189 0.8680 700.0000
135 190 0.6024 700.0000
135 192 0.7419 700.0000
135 193 0.5066 700.0000
135 194 0.5783 700.0000
135 195 0.8386 700.0000
135 234 0.6846 700.0000
135 235 0.4758 700.0000
135 236 0.7690 700.0000
135 237 0.8350 700.0000
136 138 0.6914 700.0000
136 139 0.8945 700.0000
136 149 0.8677 700.0000
136 193 0.6787 700.0000
136 194 0.4647 700.0000
136 195 0.7064 700.0000
136 196 0.6371 700.0000
136 220 0.7323 700.0000
136 234 0.7352 700.0000
136 235 0.5065 700.0000
136 236 0.5269 700.0000
136 237 0.5415 700.0000
136 239 0.7751 700.0000
136 278 0.8871 700.0000
137 139 0.5158 700.0000
137 140 0.8766 700.0000
137 143 0.8629 700.0000
137 145 0.7379 700.0000
137 149 0.5893 700.0000
137 150 0.5752 700.0000
137 153 0.6878 700.0000
137 181 0.8601 700.0000
137 193 0.6545 700.0000
137 194 0.6559 700.0000
137 195 0.4699 700.0000
137 196 0.5486 700.0000
137 197 0.8603 700.0000
137 237 0.7605 700.0000
137 239 0.8273 700.0000
138 140 0.7331 700.0000
138 145 0.8006 700.0000
138 147 0.8145 700.0000
138 148 0.7866 700.0000
138 149 0.5655 700.0000
138 150 0.6067 700.0000
138 153 0.8958 700.0000
138 195 0.7116 700.0000
138 196 0.5431 700.0000
138 197 0.7299 700.0000
138 198 0.7551 700.0000
138 237 0.7173 700.0000
138 238 0.8093 700.0000
138 239 0.6218 700.0000
138 240 0.7507 700.0000
138 243 0.8853 700.0000
138 244 0.8358 700.0000
139 141 0.7644 700.0000
139 142 0.8636 700.0000
139 143 0.6323 700.0000
139 144 0.8189 700.0000
139 145 0.7215 700.0000
139 149 0.8728 700.0000
139 150 0.7480 700.0000
139 175 0.8060 700.0000
139 181 0.8700 700.0000
139 195 0.6099 700.0000
139 196 0.4634 700.0000
139 197 0.4845 700.0000
139 198 0.6265 700.0000
139 239 0.8110 700.0000
139 240 0.8578 700.0000
139 244 0.8070 700.0000
140 142 0.4916 700.0000
140 143 0.5096 700.0000
140 144 0.5284 700.0000
140 145 0.6977 700.0000
140 146 0.8821 700.0000
140 174 0.8518 700.0000
140 175 0.7380 700.0000
140 195 0.8591 700.0000
140 196 0.8215 700.0000
140 197 0.6586 700.0000
140 198 0.7995 700.0000
140 200 0.8944 700.0000
140 244 0.8434 700.0000
141 143 0.7644 700.0000
141 144 0.8923 700.0000
141 174 0.5164 700.0000
141 175 0.5119 700.0000
141 176 0.5846 700.0000
141 177 0.6924 700.0000
141 179 0.8860 700.0000
141 197 0.6365 700.0000
141 198 0.7876 700.0000
141 200 0.8024 700.0000
142 144 0.5000 700.0000
142 145 0.8996 700.0000
142 165 0.8822 700.0000
142 166 0.8836 700.0000
142 169 0.6818 700.0000
142 173 0.8329 700.0000
142 174 0.5215 700.0000
142 175 0.7165 700.0000
143 145 0.5911 700.0000
143 162 0.6874 700.0000
143 165 0.4639 700.0000
143 166 0.7343 700.0000
143 168 0.7319 700.0000
143 169 0.6430 700.0000
143 173 0.8761 700.0000
143 174 0.8023 700.0000
143 175 0.6721 700.0000
143 181 0.7465 700.0000
143 195 0.6133 700.0000
143 196 0.8783 700.0000
143 197 0.8548 700.0000
144 146 0.6457 700.0000
144 147 0.8527 700.0000
144 150 0.8721 700.0000
144 162 0.6398 700.0000
144 165 0.7747 700.0000
144 166 0.7721 700.0000
145 147 0.6583 700.0000
145 148 0.8393 700.0000
145 149 0.8496 700.0000
145 150 0.4482 700.0000
145 151 0.6350 700.0000
145 152 0.8537 700.0000
145 153 0.7662 700.0000
145 154 0.6188 700.0000
145 161 0.7081 700.0000
145 162 0.5055 700.0000
145 165 0.7177 700.0000
145 195 0.7842 700.0000
146 148 0.6367 700.0000
146 150 0.6330 700.0000
146 151 0.4964 700.0000
146 152 0.8974 700.0000
146 154 0.8751 700.0000
147 149 0.6619 700.0000
147 150 0.4779 700.0000
147 151 0.4464 700.0000
147 152 0.7417 700.0000
147 243 0.7522 700.0000
148 150 0.4812 700.0000
148 151 0.4880 700.0000
148 152 0.5914 700.0000
148 153 0.8132 700.0000
148 243 0.7936 700.0000
149 151 0.6902 700.0000
149 152 0.5403 700.0000
149 153 0.5513 700.0000
149 237 0.8050 700.0000
150 152 0.5094 700.0000
150 153 0.4888 700.0000
150 154 0.6081 700.0000
150 155 0.8365 700.0000
150 161 0.8792 700.0000
150 162 0.8966 700.0000
150 195 0.8761 700.0000
151 153 0.6674 700.0000
151 154 0.5398 700.0000
151 155 0.5136 700.0000
151 156 0.8882 700.0000
152 154 0.5479 700.0000
152 155 0.4833 700.0000
152 156 0.6058 700.0000
152 157 0.8293 700.0000
152 158 0.8845 700.0000
153 155 0.7315 700.0000
153 156 0.5897 700.0000
153 157 0.6629 700.0000
153 158 0.7685 700.0000
153 161 0.7339 700.0000
153 185 0.8297 700.0000
153 188 0.6868 700.0000
153 193 0.7785 700.0000
154 156 0.5799 700.0000
154 157 0.5424 700.0000
154 158 0.4237 700.0000
154 159 0.5832 700.0000
154 160 0.8655 700.0000
154 161 0.5454 700.0000
154 162 0.6796 700.0000
154 188 0.8949 700.0000
155 157 0.7489 700.0000
155 158 0.7006 700.0000
155 159 0.7923 700.0000
156 158 0.5605 700.0000
156 161 0.8971 700.0000
156 185 0.8841 700.0000
156 186 0.8140 700.0000
156 187 0.5839 700.0000
156 188 0.5974 700.0000
157 159 0.7656 700.0000
157 160 0.6900 700.0000
157 161 0.6286 700.0000
157 184 0.8833 700.0000
157 185 0.6176 700.0000
157 186 0.4957 700.0000
157 187 0.3900 700.0000
157 188 0.5076 700.0000
158 160 0.5530 700.0000
158 161 0.5168 700.0000
158 162 0.7950 700.0000
158 185 0.7843 700.0000
158 186 0.6578 700.0000
158 187 0.5600 700.0000
158 188 0.7997 700.0000
159 161 0.7108 700.0000
159 162 0.6411 700.0000
159 163 0.7486 700.0000
160 162 0.8185 700.0000
160 163 0.6967 700.0000
160 164 0.5711 700.0000
160 183 0.8543 700.0000
160 184 0.6727 700.0000
160 185 0.7122 700.0000
160 186 0.5736 700.0000
160 187 0.7758 700.0000
161 163 0.7455 700.0000
161 164 0.5594 700.0000
161 165 0.6412 700.0000
161 183 0.6222 700.0000
161 184 0.5687 700.0000
161 185 0.6249 700.0000
161 186 0.6840 700.0000
161 188 0.8615 700.0000
161 193 0.7012 700.0000
161 195 0.8345 700.0000
162 164 0.7393 700.0000
162 165 0.4889 700.0000
162 166 0.5189 700.0000
162 167 0.8743 700.0000
163 165 0.6264 700.0000
163 166 0.4281 700.0000
163 167 0.5506 700.0000
164 166 0.7742 700.0000
164 167 0.5448 700.0000
164 168 0.7818 700.0000
164 182 0.8197 700.0000
164 183 0.5017 700.0000
164 184 0.5547 700.0000
164 185 0.8588 700.0000
164 193 0.8841 700.0000
165 167 0.6026 700.0000
165 168 0.5914 700.0000
165 169 0.6503 700.0000
165 170 0.8784 700.0000
165 181 0.7971 700.0000
165 182 0.8653 700.0000
165 183 0.6665 700.0000
165 184 0.8727 700.0000
165 195 0.7100 700.0000
166 168 0.8629 700.0000
166 169 0.6592 700.0000
166 170 0.7441 700.0000
167 169 0.7348 700.0000
167 170 0.6388 700.0000
167 171 0.7406 700.0000
168 170 0.6537 700.0000
168 171 0.6560 700.0000
168 172 0.4581 700.0000
168 173 0.5992 700.0000
168 175 0.7813 700.0000
168 181 0.6131 700.0000
168 182 0.7075 700.0000
168 183 0.7983 700.0000
168 195 0.8540 700.0000
169 171 0.8252 700.0000
169 172 0.6862 700.0000
169 173 0.3755 700.0000
169 174 0.5922 700.0000
169 175 0.7368 700.0000
170 172 0.6640 700.0000
170 173 0.5487 700.0000
170 174 0.8859 700.0000
171 173 0.8281 700.0000
173 175 0.6274 700.0000
173 176 0.8789 700.0000
174 176 0.6947 700.0000
175 177 0.6828 700.0000
175 178 0.7754 700.0000
175 179 0.5109 700.0000
175 180 0.7223 700.0000
175 181 0.7115 700.0000
175 195 0.8707 700.0000
175 196 0.8069 700.0000
175 197 0.5769 700.0000
175 198 0.8989 700.0000
176 178 0.5592 700.0000
176 179 0.3787 700.0000
176 180 0.8324 700.0000
176 197 0.5936 700.0000
176 198 0.8094 700.0000
176 212 0.8690 700.0000
177 179 0.5367 700.0000
177 196 0.8521 700.0000
177 197 0.4926 700.0000
177 198 0.5363 700.0000
177 199 0.6362 700.0000
177 200 0.8896 700.0000
177 211 0.8927 700.0000
177 212 0.5104 700.0000
177 213 0.8738 700.0000
177 215 0.7110 700.0000
177 216 0.7679 700.0000
178 180 0.6657 700.0000
178 196 0.7122 700.0000
178 197 0.5329 700.0000
178 198 0.6453 700.0000
178 199 0.7978 700.0000
178 211 0.8209 700.0000
178 212 0.6090 700.0000
178 213 0.7431 700.0000
178 215 0.5077 700.0000
178 216 0.4249 700.0000
178 217 0.8137 700.0000
178 218 0.8210 700.0000
178 219 0.6423 700.0000
178 220 0.8971 700.0000
179 181 0.7803 700.0000
179 196 0.7951 700.0000
179 197 0.6184 700.0000
179 198 0.8826 700.0000
179 215 0.7962 700.0000
179 216 0.7336 700.0000
179 219 0.7247 700.0000
180 182 0.6778 700.0000
180 194 0.6404 700.0000
180 195 0.6904 700.0000
180 196 0.5928 700.0000
180 197 0.7171 700.0000
180 216 0.7055 700.0000
180 219 0.5520 700.0000
180 220 0.6525 700.0000
180 223 0.7488 700.0000
181 183 0.6498 700.0000
181 193 0.7608 700.0000
181 194 0.5717 700.0000
181 195 0.4217 700.0000
181 196 0.6646 700.0000
181 197 0.8315 700.0000
181 223 0.8492 700.0000
182 184 0.6863 700.0000
182 192 0.6282 700.0000
182 193 0.6191 700.0000
182 194 0.5679 700.0000
182 195 0.6002 700.0000
182 223 0.7025 700.0000
183 185 0.6633 700.0000
183 186 0.8823 700.0000
183 192 0.6060 700.0000
183 193 0.4426 700.0000
183 194 0.7207 700.0000
183 195 0.5962 700.0000
184 186 0.5762 700.0000
184 188 0.8157 700.0000
184 190 0.7678 700.0000
184 191 0.8431 700.0000
184 192 0.5533 700.0000
184 193 0.4896 700.0000
184 194 0.8984 700.0000
184 195 0.8466 700.0000
185 187 0.7779 700.0000
185 188 0.4438 700.0000
185 189 0.7356 700.0000
185 190 0.5005 700.0000
185 191 0.7493 700.0000
185 192 0.6682 700.0000
185 193 0.5643 700.0000
186 188 0.4948 700.0000
186 189 0.8022 700.0000
186 190 0.7039 700.0000
186 193 0.8608 700.0000
188 190 0.4614 700.0000
188 193 0.8045 700.0000
189 191 0.7861 700.0000
190 192 0.6425 700.0000
190 193 0.6844 700.0000
191 230 0.8507 700.0000
191 231 0.7519 700.0000
191 233 0.8850 700.0000
192 194 0.6791 700.0000
192 223 0.8099 700.0000
192 228 0.7668 700.0000
192 231 0.7564 700.0000
193 195 0.5254 700.0000
194 196 0.6367 700.0000
194 220 0.6242 700.0000
194 223 0.7118 700.0000
194 224 0.8813 700.0000
194 234 0.8622 700.0000
194 235 0.8188 700.0000
194 236 0.8981 700.0000
195 197 0.8025 700.0000
196 198 0.6100 700.0000
196 216 0.6545 700.0000
196 217 0.8718 700.0000
196 219 0.8689 700.0000
196 220 0.7611 700.0000
196 237 0.8709 700.0000
196 239 0.6635 700.0000
197 199 0.6851 700.0000
197 212 0.8573 700.0000
197 213 0.8894 700.0000
197 216 0.7040 700.0000
197 239 0.8058 700.0000
197 240 0.8593 700.0000
197 244 0.8720 700.0000
198 200 0.6859 700.0000
198 209 0.8572 700.0000
198 212 0.6849 700.0000
198 213 0.6703 700.0000
198 216 0.7396 700.0000
198 239 0.6365 700.0000
198 240 0.5511 700.0000
198 244 0.6076 700.0000
198 246 0.8887 700.0000
199 201 0.7534 700.0000
199 202 0.8289 700.0000
199 208 0.8039 700.0000
199 209 0.5305 700.0000
199 210 0.7989 700.0000
199 211 0.8159 700.0000
199 212 0.5307 700.0000
199 213 0.5933 700.0000
199 216 0.8831 700.0000
199 239 0.7582 700.0000
199 240 0.5241 700.0000
199 244 0.5921 700.0000
199 246 0.6554 700.0000
200 202 0.7272 700.0000
200 209 0.8948 700.0000
200 240 0.8049 700.0000
200 243 0.8224 700.0000
200 244 0.4432 700.0000
200 245 0.8428 700.0000
201 203 0.5396 700.0000
201 204 0.8520 700.0000
201 205 0.7526 700.0000
201 206 0.6060 700.0000
201 208 0.8896 700.0000
201 209 0.5796 700.0000
201 210 0.8685 700.0000
201 240 0.8351 700.0000
201 244 0.8561 700.0000
201 245 0.6466 700.0000
201 246 0.4860 700.0000
201 247 0.5920 700.0000
201 250 0.8753 700.0000
202 204 0.4614 700.0000
202 205 0.5071 700.0000
202 206 0.7620 700.0000
202 208 0.7936 700.0000
202 209 0.6076 700.0000
203 205 0.7696 700.0000
203 206 0.5245 700.0000
204 206 0.7618 700.0000
204 209 0.8752 700.0000
205 207 0.6051 700.0000
205 208 0.4484 700.0000
205 209 0.5062 700.0000
205 210 0.8195 700.0000
205 212 0.8514 700.0000
206 208 0.7246 700.0000
206 209 0.6473 700.0000
206 210 0.7336 700.0000
206 246 0.8773 700.0000
206 247 0.8758 700.0000
206 250 0.8515 700.0000
207 209 0.7277 700.0000
207 210 0.6246 700.0000
207 211 0.7667 700.0000
208 210 0.5039 700.0000
208 211 0.4818 700.0000
208 212 0.4992 700.0000
208 213 0.8580 700.0000
208 214 0.8704 700.0000
208 215 0.8541 700.0000
209 211 0.6067 700.0000
209 212 0.5061 700.0000
209 213 0.7145 700.0000
209 246 0.6918 700.0000
210 212 0.6611 700.0000
210 213 0.5555 700.0000
210 214 0.5597 700.0000
210 215 0.8825 700.0000
210 246 0.7683 700.0000
210 250 0.7030 700.0000
210 251 0.8388 700.0000
210 254 0.6295 700.0000
211 213 0.5560 700.0000
211 214 0.4132 700.0000
211 215 0.4867 700.0000
211 216 0.8196 700.0000
211 254 0.8454 700.0000
212 214 0.7597 700.0000
212 215 0.5305 700.0000
212 216 0.7911 700.0000
213 215 0.7385 700.0000
213 216 0.5516 700.0000
213 217 0.6136 700.0000
213 239 0.6385 700.0000
213 240 0.7350 700.0000
213 246 0.7530 700.0000
213 250 0.8958 700.0000
213 251 0.6779 700.0000
213 254 0.6080 700.0000
213 255 0.6756 700.0000
213 258 0.8151 700.0000
214 216 0.6998 700.0000
214 217 0.6591 700.0000
214 218 0.7150 700.0000
214 254 0.5986 700.0000
214 255 0.7933 700.0000
214 257 0.8368 700.0000
214 258 0.5422 700.0000
215 217 0.8585 700.0000
215 218 0.7177 700.0000
215 219 0.7847 700.0000
216 218 0.5447 700.0000
216 219 0.4760 700.0000
216 220 0.5786 700.0000
216 221 0.8369 700.0000
216 239 0.7813 700.0000
216 255 0.8992 700.0000
216 258 0.8877 700.0000
217 219 0.6091 700.0000
217 220 0.5081 700.0000
217 221 0.6047 700.0000
217 222 0.8890 700.0000
217 236 0.7876 700.0000
217 239 0.7905 700.0000
217 254 0.8296 700.0000
217 255 0.6083 700.0000
217 258 0.5862 700.0000
217 259 0.6792 700.0000
217 262 0.8604 700.0000
218 220 0.6077 700.0000
218 221 0.5216 700.0000
218 222 0.5404 700.0000
218 258 0.6963 700.0000
218 259 0.8417 700.0000
218 262 0.6720 700.0000
219 221 0.6202 700.0000
219 222 0.5127 700.0000
219 223 0.7709 700.0000
220 222 0.6639 700.0000
220 223 0.6747 700.0000
220 224 0.6624 700.0000
220 234 0.8312 700.0000
220 236 0.7927 700.0000
221 223 0.8106 700.0000
221 224 0.5678 700.0000
221 225 0.5962 700.0000
221 226 0.8097 700.0000
221 234 0.8701 700.0000
221 258 0.8551 700.0000
221 259 0.6960 700.0000
221 262 0.6683 700.0000
221 263 0.7629 700.0000
221 272 0.8683 700.0000
221 275 0.8763 700.0000
222 224 0.6845 700.0000
222 225 0.5701 700.0000
222 226 0.5091 700.0000
222 227 0.7211 700.0000
222 262 0.8482 700.0000
223 225 0.7597 700.0000
223 226 0.8376 700.0000
223 227 0.4428 700.0000
223 228 0.5115 700.0000
223 229 0.8775 700.0000
223 231 0.7560 700.0000
224 226 0.7356 700.0000
224 227 0.7508 700.0000
224 228 0.5603 700.0000
224 229 0.7309 700.0000
224 231 0.5027 700.0000
224 233 0.8770 700.0000
224 234 0.7319 700.0000
224 270 0.8018 700.0000
224 271 0.8871 700.0000
224 272 0.6312 700.0000
225 227 0.7968 700.0000
225 228 0.7875 700.0000
225 229 0.7372 700.0000
225 231 0.8205 700.0000
225 263 0.8858 700.0000
225 268 0.6150 700.0000
225 269 0.8950 700.0000
225 270 0.5449 700.0000
225 271 0.8263 700.0000
225 272 0.6444 700.0000
226 229 0.8611 700.0000
226 266 0.8886 700.0000
226 268 0.7603 700.0000
226 269 0.8799 700.0000
226 270 0.7863 700.0000
227 229 0.8320 700.0000
228 230 0.5117 700.0000
228 231 0.4849 700.0000
228 271 0.8828 700.0000
229 231 0.6161 700.0000
229 232 0.8248 700.0000
229 270 0.6932 700.0000
229 271 0.5436 700.0000
229 272 0.8516 700.0000
230 232 0.7311 700.0000
230 271 0.7094 700.0000
231 233 0.5864 700.0000
231 234 0.7181 700.0000
231 270 0.8858 700.0000
231 271 0.7111 700.0000
231 272 0.6449 700.0000
232 270 0.8687 700.0000
232 271 0.5427 700.0000
232 272 0.6108 700.0000
232 273 0.5137 700.0000
232 274 0.7313 700.0000
233 235 0.7314 700.0000
233 272 0.6855 700.0000
233 273 0.6964 700.0000
233 274 0.5000 700.0000
233 275 0.7412 700.0000
233 276 0.6642 700.0000
234 236 0.6036 700.0000
234 272 0.7583 700.0000
234 274 0.6928 700.0000
234 275 0.5080 700.0000
234 276 0.5446 700.0000
234 277 0.8555 700.0000
235 237 0.6450 700.0000
235 275 0.7129 700.0000
235 276 0.5364 700.0000
235 277 0.7051 700.0000
235 278 0.6133 700.0000
236 238 0.7325 700.0000
236 239 0.7462 700.0000
236 255 0.7493 700.0000
236 275 0.6966 700.0000
236 276 0.7042 700.0000
236 277 0.5182 700.0000
236 278 0.6196 700.0000
236 288 0.8684 700.0000
237 239 0.5057 700.0000
237 240 0.8858 700.0000
237 241 0.8757 700.0000
237 255 0.8349 700.0000
237 277 0.6932 700.0000
237 278 0.5785 700.0000
237 279 0.7513 700.0000
237 288 0.8431 700.0000
238 240 0.6197 700.0000
238 241 0.5019 700.0000
238 242 0.7749 700.0000
238 246 0.8488 700.0000
238 248 0.7329 700.0000
238 251 0.5896 700.0000
238 252 0.7206 700.0000
238 255 0.7666 700.0000
238 277 0.8477 700.0000
238 278 0.8028 700.0000
238 279 0.7739 700.0000
238 284 0.6869 700.0000
238 288 0.7285 700.0000
239 241 0.6663 700.0000
239 242 0.8649 700.0000
239 244 0.8522 700.0000
239 246 0.8035 700.0000
239 251 0.6618 700.0000
239 255 0.7432 700.0000
240 242 0.5516 700.0000
240 243 0.7318 700.0000
240 244 0.4619 700.0000
240 245 0.7736 700.0000
240 246 0.5005 700.0000
240 247 0.8106 700.0000
240 251 0.6841 700.0000
241 243 0.7383 700.0000
241 244 0.7309 700.0000
241 245 0.7103 700.0000
241 246 0.5806 700.0000
241 247 0.6827 700.0000
241 248 0.5821 700.0000
241 251 0.6516 700.0000
241 284 0.7979 700.0000
242 244 0.5770 700.0000
242 245 0.5575 700.0000
242 246 0.7787 700.0000
242 247 0.8934 700.0000
242 248 0.8805 700.0000
243 245 0.6469 700.0000
244 246 0.7752 700.0000
245 247 0.7521 700.0000
246 248 0.7073 700.0000
246 249 0.8933 700.0000
246 250 0.6065 700.0000
246 251 0.5166 700.0000
246 252 0.8917 700.0000
246 254 0.8789 700.0000
247 249 0.6267 700.0000
247 250 0.5092 700.0000
247 251 0.6088 700.0000
247 252 0.8563 700.0000
248 250 0.7036 700.0000
248 251 0.5468 700.0000
248 252 0.5732 700.0000
248 253 0.8990 700.0000
248 283 0.7579 700.0000
248 284 0.6032 700.0000
248 286 0.8747 700.0000
248 287 0.6209 700.0000
248 288 0.7971 700.0000
249 251 0.6883 700.0000
249 252 0.5761 700.0000
249 253 0.6331 700.0000
249 284 0.8926 700.0000
249 286 0.8903 700.0000
249 287 0.5983 700.0000
249 288 0.8947 700.0000
249 290 0.8396 700.0000
249 291 0.8244 700.0000
250 252 0.6361 700.0000
250 253 0.5627 700.0000
250 254 0.5722 700.0000
250 255 0.8839 700.0000
251 253 0.7150 700.0000
251 254 0.5416 700.0000
251 255 0.5680 700.0000
251 256 0.8914 700.0000
251 287 0.8658 700.0000
251 288 0.7817 700.0000
252 254 0.6111 700.0000
252 255 0.5438 700.0000
252 256 0.6514 700.0000
252 277 0.8773 700.0000
252 284 0.7755 700.0000
252 286 0.8814 700.0000
252 287 0.5419 700.0000
252 288 0.4701 700.0000
252 290 0.7879 700.0000
252 291 0.5978 700.0000
252 292 0.8312 700.0000
253 255 0.7580 700.0000
253 256 0.6547 700.0000
253 257 0.6398 700.0000
253 287 0.8108 700.0000
253 288 0.8668 700.0000
253 290 0.7731 700.0000
253 291 0.5153 700.0000
253 292 0.8214 700.0000
253 294 0.7134 700.0000
253 295 0.6967 700.0000
254 256 0.6391 700.0000
254 257 0.5677 700.0000
254 258 0.5917 700.0000
254 259 0.8819 700.0000
255 257 0.7410 700.0000
255 258 0.5788 700.0000
255 259 0.6326 700.0000
255 277 0.7973 700.0000
255 288 0.7294 700.0000
255 291 0.8932 700.0000
256 258 0.6157 700.0000
256 259 0.5186 700.0000
256 260 0.6690 700.0000
256 277 0.8131 700.0000
256 288 0.7351 700.0000
256 291 0.6116 700.0000
256 292 0.6019 700.0000
256 295 0.6048 700.0000
256 296 0.7414 700.0000
257 259 0.7307 700.0000
257 260 0.5183 700.0000
257 261 0.6475 700.0000
257 291 0.8672 700.0000
257 295 0.6013 700.0000
258 260 0.7011 700.0000
258 261 0.5483 700.0000
258 262 0.5886 700.0000
258 263 0.8663 700.0000
259 261 0.6620 700.0000
259 262 0.5694 700.0000
259 263 0.5996 700.0000
259 275 0.7421 700.0000
260 262 0.7504 700.0000
260 263 0.7463 700.0000
260 264 0.5502 700.0000
260 295 0.6143 700.0000
260 296 0.6697 700.0000
261 263 0.6430 700.0000
261 264 0.5034 700.0000
261 265 0.8690 700.0000
261 266 0.8570 700.0000
262 264 0.6660 700.0000
262 265 0.8355 700.0000
262 266 0.6341 700.0000
262 268 0.8943 700.0000
263 265 0.7105 700.0000
263 266 0.5948 700.0000
263 268 0.6396 700.0000
264 266 0.7188 700.0000
265 267 0.5853 700.0000
265 268 0.7778 700.0000
266 268 0.5382 700.0000
267 269 0.6674 700.0000
267 270 0.8890 700.0000
268 270 0.4916 700.0000
268 272 0.7623 700.0000
269 271 0.8402 700.0000
270 272 0.5008 700.0000
270 273 0.7999 700.0000
271 273 0.6595 700.0000
272 274 0.6845 700.0000
272 275 0.7305 700.0000
273 275 0.8961 700.0000
274 276 0.5587 700.0000
275 277 0.6620 700.0000
276 278 0.6610 700.0000
277 279 0.7867 700.0000
277 285 0.8188 700.0000
277 288 0.5161 700.0000
277 292 0.8719 700.0000
278 280 0.7725 700.0000
278 284 0.8487 700.0000
278 285 0.7826 700.0000
278 288 0.7739 700.0000
279 281 0.5307 700.0000
279 282 0.7523 700.0000
279 283 0.8231 700.0000
279 284 0.5444 700.0000
279 285 0.5541 700.0000
279 288 0.7793 700.0000
280 282 0.7369 700.0000
280 284 0.7826 700.0000
280 285 0.8416 700.0000
281 283 0.5370 700.0000
281 284 0.5059 700.0000
281 285 0.7310 700.0000
282 284 0.6659 700.0000
282 285 0.5576 700.0000
282 286 0.6915 700.0000
283 285 0.5901 700.0000
283 286 0.5578 700.0000
283 287 0.6803 700.0000
284 286 0.5769 700.0000
284 287 0.5428 700.0000
284 288 0.5859 700.0000
285 287 0.5716 700.0000
285 288 0.5652 700.0000
285 289 0.6584 700.0000
285 290 0.8863 700.0000
286 288 0.6474 700.0000
286 289 0.5132 700.0000
286 290 0.6010 700.0000
286 291 0.8284 700.0000
287 289 0.6397 700.0000
287 290 0.5002 700.0000
287 291 0.5995 700.0000
287 292 0.8043 700.0000
288 290 0.7239 700.0000
288 291 0.6394 700.0000
288 292 0.6920 700.0000
289 291 0.6822 700.0000
289 292 0.6063 700.0000
289 293 0.5060 700.0000
290 292 0.5215 700.0000
290 293 0.4690 700.0000
290 294 0.6666 700.0000
290 295 0.8222 700.0000
291 293 0.5993 700.0000
291 294 0.5692 700.0000
291 295 0.5491 700.0000
291 296 0.7593 700.0000
292 294 0.7217 700.0000
292 295 0.5439 700.0000
292 296 0.5114 700.0000
293 295 0.7791 700.0000
293 296 0.7224 700.0000
294 296 0.7894 700.0000
311 313 0.7075 700.0000
311 318 0.7631 700.0000
311 319 0.5947 700.0000
311 320 0.5545 700.0000
311 321 0.6687 700.0000
311 480 0.8988 700.0000
311 483 0.6038 700.0000
311 487 0.8829 700.0000
312 314 0.6032 700.0000
312 317 0.7633 700.0000
312 318 0.6913 700.0000
312 319 0.4548 700.0000
312 320 0.8163 700.0000
312 447 0.8074 700.0000
312 451 0.8254 700.0000
312 483 0.5234 700.0000
312 484 0.8400 700.0000
312 486 0.8518 700.0000
312 487 0.6020 700.0000
312 490 0.8332 700.0000
312 492 0.6430 700.0000
312 493 0.8841 700.0000
313 315 0.6665 700.0000
313 316 0.7859 700.0000
313 317 0.6081 700.0000
313 318 0.5397 700.0000
313 319 0.6830 700.0000
313 487 0.8974 700.0000
313 492 0.6653 700.0000
313 493 0.8212 700.0000
314 316 0.6963 700.0000
314 317 0.4652 700.0000
314 318 0.7088 700.0000
314 319 0.7631 700.0000
314 450 0.8297 700.0000
314 451 0.6591 700.0000
314 454 0.5637 700.0000
314 455 0.7704 700.0000
314 458 0.8389 700.0000
314 490 0.7889 700.0000
314 492 0.7572 700.0000
315 317 0.6176 700.0000
315 454 0.5786 700.0000
315 455 0.7498 700.0000
315 458 0.5231 700.0000
316 318 0.7644 700.0000
316 454 0.7869 700.0000
316 458 0.5924 700.0000
316 459 0.7456 700.0000
316 460 0.6800 700.0000
316 461 0.4995 700.0000
316 462 0.7508 700.0000
317 319 0.6245 700.0000
317 450 0.6999 700.0000
317 451 0.7982 700.0000
317 453 0.7479 700.0000
317 454 0.5701 700.0000
317 458 0.8546 700.0000
317 460 0.7885 700.0000
317 461 0.7446 700.0000
317 462 0.5096 700.0000
317 463 0.6606 700.0000
317 464 0.6566 700.0000
318 320 0.6373 700.0000
318 461 0.7960 700.0000
318 462 0.6258 700.0000
318 463 0.4571 700.0000
318 464 0.5764 700.0000
318 465 0.7955 700.0000
319 321 0.7057 700.0000
319 447 0.7177 700.0000
319 450 0.7253 700.0000
319 451 0.8633 700.0000
319 462 0.8841 700.0000
319 463 0.7340 700.0000
319 464 0.4852 700.0000
319 465 0.7276 700.0000
319 466 0.6779 700.0000
319 483 0.6760 700.0000
320 322 0.6027 700.0000
320 463 0.7181 700.0000
320 464 0.6424 700.0000
320 465 0.4638 700.0000
320 466 0.7220 700.0000
321 323 0.7347 700.0000
321 465 0.7371 700.0000
321 466 0.5699 700.0000
321 467 0.7434 700.0000
321 468 0.6965 700.0000
321 476 0.6148 700.0000
321 479 0.6710 700.0000
321 480 0.6877 700.0000
321 483 0.6958 700.0000
322 324 0.5861 700.0000
322 329 0.8067 700.0000
322 465 0.6195 700.0000
322 466 0.7258 700.0000
322 467 0.4943 700.0000
322 468 0.5847 700.0000
322 476 0.7907 700.0000
323 325 0.8873 700.0000
323 467 0.7610 700.0000
323 468 0.5450 700.0000
323 469 0.7681 700.0000
323 470 0.5094 700.0000
323 471 0.8626 700.0000
323 472 0.8514 700.0000
323 473 0.8278 700.0000
323 476 0.5932 700.0000
324 326 0.6728 700.0000
324 327 0.8056 700.0000
324 328 0.7482 700.0000
324 329 0.7361 700.0000
324 467 0.5308 700.0000
324 468 0.5575 700.0000
324 469 0.5269 700.0000
324 470 0.5152 700.0000
324 471 0.8875 700.0000
324 472 0.8943 700.0000
325 327 0.5118 700.0000
325 328 0.4542 700.0000
325 329 0.7442 700.0000
325 351 0.8375 700.0000
325 467 0.7801 700.0000
325 468 0.8773 700.0000
325 469 0.5822 700.0000
325 470 0.6959 700.0000
326 328 0.7246 700.0000
326 329 0.5279 700.0000
326 334 0.6426 700.0000
326 335 0.7534 700.0000
326 336 0.8446 700.0000
326 348 0.6863 700.0000
326 351 0.7559 700.0000
326 352 0.6808 700.0000
326 386 0.8968 700.0000
326 426 0.6634 700.0000
326 427 0.8808 700.0000
326 428 0.6378 700.0000
326 467 0.5482 700.0000
326 468 0.8894 700.0000
326 469 0.8908 700.0000
327 329 0.6766 700.0000
327 334 0.8767 700.0000
327 348 0.7885 700.0000
327 351 0.5240 700.0000
327 352 0.5787 700.0000
327 354 0.8473 700.0000
327 355 0.5915 700.0000
327 386 0.7599 700.0000
328 355 0.7563 700.0000
328 387 0.8545 700.0000
329 331 0.6666 700.0000
329 334 0.7405 700.0000
329 386 0.8795 700.0000
329 387 0.7455 700.0000
329 426 0.6402 700.0000
329 465 0.7397 700.0000
329 467 0.7004 700.0000
330 332 0.8095 700.0000
330 334 0.8712 700.0000
330 386 0.8919 700.0000
330 387 0.5602 700.0000
330 388 0.7620 700.0000
330 424 0.8146 700.0000
330 426 0.8220 700.0000
330 465 0.8648 700.0000
331 333 0.5213 700.0000
331 334 0.6225 700.0000
331 386 0.8573 700.0000
331 387 0.7280 700.0000
331 388 0.5343 700.0000
331 389 0.7065 700.0000
331 422 0.8862 700.0000
331 423 0.8123 700.0000
331 424 0.4824 700.0000
331 425 0.6881 700.0000
331 426 0.6260 700.0000
331 463 0.8810 700.0000
331 465 0.8168 700.0000
332 334 0.8178 700.0000
332 388 0.6319 700.0000
332 389 0.4556 700.0000
332 390 0.6884 700.0000
332 417 0.8575 700.0000
332 420 0.8866 700.0000
332 422 0.5336 700.0000
332 423 0.5629 700.0000
332 424 0.4119 700.0000
332 425 0.7178 700.0000
332 426 0.8693 700.0000
333 335 0.6566 700.0000
333 388 0.6049 700.0000
333 389 0.6815 700.0000
333 390 0.6244 700.0000
333 391 0.6596 700.0000
333 392 0.5525 700.0000
333 413 0.8607 700.0000
333 417 0.7448 700.0000
333 420 0.8867 700.0000
333 422 0.6668 700.0000
333 423 0.8611 700.0000
333 424 0.5588 700.0000
333 425 0.4654 700.0000
333 426 0.5702 700.0000
333 427 0.8062 700.0000
334 336 0.7123 700.0000
334 352 0.7718 700.0000
334 383 0.7808 700.0000
334 386 0.6896 700.0000
334 388 0.5637 700.0000
334 390 0.8574 700.0000
334 391 0.5247 700.0000
334 392 0.6954 700.0000
334 393 0.8753 700.0000
334 424 0.8764 700.0000
334 425 0.6974 700.0000
334 426 0.4936 700.0000
334 427 0.7627 700.0000
334 428 0.8420 700.0000
335 337 0.7182 700.0000
335 348 0.8709 700.0000
335 352 0.8821 700.0000
335 391 0.6692 700.0000
335 392 0.5913 700.0000
335 393 0.7055 700.0000
335 394 0.6916 700.0000
335 413 0.7544 700.0000
335 425 0.7072 700.0000
335 426 0.5685 700.0000
335 427 0.4914 700.0000
335 428 0.5592 700.0000
335 430 0.7793 700.0000
336 338 0.5411 700.0000
336 343 0.8396 700.0000
336 348 0.6007 700.0000
336 349 0.5792 700.0000
336 352 0.6062 700.0000
336 360 0.8955 700.0000
336 391 0.6615 700.0000
336 392 0.8275 700.0000
336 393 0.4663 700.0000
336 394 0.5818 700.0000
336 395 0.8850 700.0000
336 428 0.7603 700.0000
336 430 0.8925 700.0000
337 339 0.7954 700.0000
337 343 0.8783 700.0000
337 345 0.8354 700.0000
337 346 0.7240 700.0000
337 347 0.7896 700.0000
337 348 0.5441 700.0000
337 349 0.5972 700.0000
337 352 0.8711 700.0000
337 393 0.7354 700.0000
337 394 0.5157 700.0000
337 395 0.7845 700.0000
337 396 0.6302 700.0000
337 428 0.7331 700.0000
337 429 0.8686 700.0000
337 430 0.6766 700.0000
337 431 0.8485 700.0000
337 435 0.8555 700.0000
338 340 0.6014 700.0000
338 342 0.7696 700.0000
338 343 0.5952 700.0000
338 344 0.8693 700.0000
338 345 0.7169 700.0000
338 346 0.8019 700.0000
338 348 0.8235 700.0000
338 349 0.6570 700.0000
338 364 0.8306 700.0000
338 379 0.8939 700.0000
338 393 0.6078 700.0000
338 394 0.5268 700.0000
338 395 0.5480 700.0000
338 396 0.6376 700.0000
339 341 0.5063 700.0000
339 342 0.5105 700.0000
339 343 0.6733 700.0000
339 344 0.8184 700.0000
339 345 0.5812 700.0000
339 346 0.8660 700.0000
339 395 0.7072 700.0000
339 396 0.7142 700.0000
339 397 0.7871 700.0000
340 342 0.6949 700.0000
340 343 0.7747 700.0000
340 364 0.8454 700.0000
340 368 0.7620 700.0000
340 372 0.8523 700.0000
340 394 0.8893 700.0000
340 395 0.5395 700.0000
340 396 0.8141 700.0000
340 397 0.6036 700.0000
340 398 0.8822 700.0000
341 343 0.8864 700.0000
341 368 0.8937 700.0000
341 397 0.8288 700.0000
342 344 0.4481 700.0000
342 345 0.4820 700.0000
342 346 0.8460 700.0000
342 349 0.8880 700.0000
342 361 0.8799 700.0000
343 345 0.6407 700.0000
343 346 0.8335 700.0000
343 349 0.6205 700.0000
343 350 0.8763 700.0000
343 353 0.6808 700.0000
343 360 0.7737 700.0000
343 361 0.5778 700.0000
343 364 0.6559 700.0000
343 365 0.8436 700.0000
343 393 0.8297 700.0000
344 346 0.6206 700.0000
344 349 0.6228 700.0000
344 350 0.5886 700.0000
344 353 0.7129 700.0000
344 361 0.8262 700.0000
345 347 0.7362 700.0000
345 348 0.8764 700.0000
345 349 0.6430 700.0000
345 350 0.7371 700.0000
345 434 0.8491 700.0000
346 348 0.5589 700.0000
346 349 0.4732 700.0000
346 350 0.5449 700.0000
346 351 0.7896 700.0000
346 434 0.7228 700.0000
347 349 0.5618 700.0000
347 350 0.5844 700.0000
347 351 0.6501 700.0000
347 352 0.8934 700.0000
347 433 0.8593 700.0000
347 434 0.7695 700.0000
348 350 0.7103 700.0000
348 351 0.5421 700.0000
348 352 0.5907 700.0000
348 428 0.7163 700.0000
348 429 0.8577 700.0000
349 351 0.5389 700.0000
349 352 0.4998 700.0000
349 353 0.5992 700.0000
349 354 0.8618 700.0000
350 352 0.7573 700.0000
350 353 0.6320 700.0000
350 354 0.5877 700.0000
351 353 0.6447 700.0000
351 354 0.5297 700.0000
351 355 0.6887 700.0000
351 356 0.8895 700.0000
352 354 0.7244 700.0000
352 355 0.6551 700.0000
352 356 0.6319 700.0000
352 357 0.7972 700.0000
352 360 0.7391 700.0000
352 386 0.7147 700.0000
352 391 0.8023 700.0000
352 393 0.8992 700.0000
353 355 0.7534 700.0000
353 356 0.5686 700.0000
353 357 0.4834 700.0000
353 358 0.6639 700.0000
353 360 0.5805 700.0000
353 361 0.6935 700.0000
354 356 0.7435 700.0000
354 357 0.7189 700.0000
355 357 0.6964 700.0000
355 385 0.5775 700.0000
355 386 0.5989 700.0000
355 387 0.8515 700.0000
356 358 0.7130 700.0000
356 359 0.7056 700.0000
356 360 0.5522 700.0000
356 383 0.6252 700.0000
356 384 0.5437 700.0000
356 385 0.4324 700.0000
356 386 0.5367 700.0000
357 359 0.5367 700.0000
357 360 0.5200 700.0000
357 361 0.7538 700.0000
357 362 0.8836 700.0000
357 383 0.8573 700.0000
357 384 0.6574 700.0000
357 385 0.6400 700.0000
357 386 0.8536 700.0000
358 360 0.6515 700.0000
358 361 0.5526 700.0000
358 362 0.6470 700.0000
358 384 0.8795 700.0000
359 361 0.8177 700.0000
359 362 0.6255 700.0000
359 363 0.7565 700.0000
359 382 0.8902 700.0000
359 383 0.8986 700.0000
359 384 0.5518 700.0000
359 385 0.8140 700.0000
360 362 0.6752 700.0000
360 363 0.6392 700.0000
360 364 0.6664 700.0000
360 381 0.6376 700.0000
360 382 0.8191 700.0000
360 383 0.7045 700.0000
360 384 0.5948 700.0000
360 386 0.8811 700.0000
360 391 0.7003 700.0000
360 393 0.7686 700.0000
361 363 0.8432 700.0000
361 364 0.6368 700.0000
361 365 0.5891 700.0000
362 364 0.7068 700.0000
362 365 0.5379 700.0000
362 366 0.6563 700.0000
362 367 0.8820 700.0000
363 365 0.7467 700.0000
363 366 0.6002 700.0000
363 367 0.5895 700.0000
363 380 0.8031 700.0000
363 381 0.5335 700.0000
363 382 0.6022 700.0000
363 384 0.7515 700.0000
364 366 0.6691 700.0000
364 367 0.5966 700.0000
364 368 0.5640 700.0000
364 369 0.8938 700.0000
364 379 0.6111 700.0000
364 380 0.8508 700.0000
364 381 0.7230 700.0000
364 393 0.6148 700.0000
365 367 0.6673 700.0000
365 368 0.5549 700.0000
365 369 0.6923 700.0000
366 368 0.6376 700.0000
366 369 0.5040 700.0000
366 370 0.5486 700.0000
366 371 0.8339 700.0000
367 369 0.5833 700.0000
367 370 0.5366 700.0000
367 371 0.5407 700.0000
367 372 0.8498 700.0000
367 379 0.6411 700.0000
367 380 0.7360 700.0000
367 381 0.7798 700.0000
368 370 0.8034 700.0000
368 371 0.7525 700.0000
368 372 0.4645 700.0000
368 376 0.8972 700.0000
368 379 0.7262 700.0000
369 371 0.6875 700.0000
369 372 0.6607 700.0000
371 373 0.6831 700.0000
371 376 0.6866 700.0000
371 379 0.7497 700.0000
371 380 0.8754 700.0000
372 374 0.7014 700.0000
372 375 0.7911 700.0000
372 376 0.6303 700.0000
372 379 0.8419 700.0000
372 395 0.8757 700.0000
373 375 0.5157 700.0000
373 376 0.5370 700.0000
374 397 0.7520 700.0000
374 399 0.6793 700.0000
374 400 0.8621 700.0000
375 377 0.6426 700.0000
375 397 0.8766 700.0000
376 378 0.5518 700.0000
376 379 0.6487 700.0000
376 395 0.7605 700.0000
376 412 0.7496 700.0000
377 379 0.8038 700.0000
377 394 0.6287 700.0000
377 395 0.4860 700.0000
377 396 0.8046 700.0000
377 397 0.6612 700.0000
377 400 0.8641 700.0000
377 405 0.6219 700.0000
377 408 0.7079 700.0000
377 409 0.5482 700.0000
377 412 0.6209 700.0000
377 413 0.8983 700.0000
378 380 0.6728 700.0000
378 392 0.6395 700.0000
378 393 0.6646 700.0000
378 394 0.5836 700.0000
378 395 0.6202 700.0000
378 409 0.6416 700.0000
378 412 0.4959 700.0000
378 413 0.6315 700.0000
378 416 0.7003 700.0000
379 381 0.6730 700.0000
379 391 0.8259 700.0000
379 392 0.7436 700.0000
379 393 0.4791 700.0000
379 394 0.7557 700.0000
379 395 0.6750 700.0000
380 382 0.7815 700.0000
380 390 0.6700 700.0000
380 391 0.6263 700.0000
380 392 0.5469 700.0000
380 393 0.6378 700.0000
380 416 0.7666 700.0000
380 420 0.8747 700.0000
381 383 0.6471 700.0000
381 384 0.7256 700.0000
381 390 0.6443 700.0000
381 391 0.4198 700.0000
381 392 0.7231 700.0000
381 393 0.6060 700.0000
382 384 0.5046 700.0000
382 388 0.8351 700.0000
382 389 0.8097 700.0000
382 390 0.6094 700.0000
382 391 0.7283 700.0000
383 385 0.6322 700.0000
383 386 0.4485 700.0000
383 387 0.8305 700.0000
383 388 0.4496 700.0000
383 389 0.7411 700.0000
383 390 0.7004 700.0000
383 391 0.5604 700.0000
384 386 0.6662 700.0000
384 388 0.7982 700.0000
384 391 0.7997 700.0000
385 387 0.7559 700.0000
385 388 0.8640 700.0000
386 388 0.4643 700.0000
386 391 0.7598 700.0000
388 390 0.6480 700.0000
388 391 0.6567 700.0000
389 391 0.8939 700.0000
389 420 0.8469 700.0000
389 422 0.7890 700.0000
389 424 0.8641 700.0000
390 392 0.6726 700.0000
390 420 0.6362 700.0000
390 422 0.8056 700.0000
391 393 0.5271 700.0000
392 394 0.8210 700.0000
392 412 0.8302 700.0000
392 413 0.5342 700.0000
392 416 0.6211 700.0000
392 417 0.7505 700.0000
392 420 0.8191 700.0000
392 425 0.7862 700.0000
392 427 0.8867 700.0000
393 395 0.7067 700.0000
394 396 0.5729 700.0000
394 397 0.8996 700.0000
394 405 0.8097 700.0000
394 406 0.8549 700.0000
394 409 0.6411 700.0000
394 412 0.8985 700.0000
394 413 0.8155 700.0000
394 430 0.7668 700.0000
395 397 0.5360 700.0000
395 405 0.7941 700.0000
395 409 0.8424 700.0000
396 398 0.8533 700.0000
396 402 0.6329 700.0000
396 405 0.5734 700.0000
396 406 0.7483 700.0000
396 409 0.8866 700.0000
396 430 0.7849 700.0000
396 431 0.7352 700.0000
396 435 0.5542 700.0000
397 399 0.5829 700.0000
397 400 0.5741 700.0000
397 405 0.7121 700.0000
398 400 0.6276 700.0000
398 401 0.8230 700.0000
398 402 0.8143 700.0000
399 401 0.8500 700.0000
400 402 0.8381 700.0000
400 404 0.6821 700.0000
400 405 0.6242 700.0000
401 403 0.5330 700.0000
401 404 0.4400 700.0000
401 405 0.6054 700.0000
402 404 0.8025 700.0000
402 405 0.6243 700.0000
402 406 0.7802 700.0000
402 431 0.7369 700.0000
402 435 0.5256 700.0000
402 436 0.7009 700.0000
402 437 0.6232 700.0000
403 405 0.5916 700.0000
403 406 0.5649 700.0000
403 407 0.7229 700.0000
403 431 0.8680 700.0000
403 437 0.6779 700.0000
403 441 0.7972 700.0000
403 442 0.8296 700.0000
403 445 0.7366 700.0000
404 406 0.7657 700.0000
404 407 0.6365 700.0000
404 408 0.6376 700.0000
405 407 0.7561 700.0000
405 408 0.6356 700.0000
405 409 0.6371 700.0000
406 408 0.7516 700.0000
406 409 0.5819 700.0000
406 410 0.6397 700.0000
406 430 0.6091 700.0000
406 431 0.7031 700.0000
406 437 0.8114 700.0000
406 442 0.6958 700.0000
406 445 0.5954 700.0000
406 446 0.6538 700.0000
406 449 0.8780 700.0000
407 409 0.7015 700.0000
407 410 0.7158 700.0000
407 411 0.6756 700.0000
407 445 0.5744 700.0000
407 446 0.8053 700.0000
407 448 0.8130 700.0000
407 449 0.5434 700.0000
408 410 0.8265 700.0000
408 411 0.5767 700.0000
408 412 0.7084 700.0000
408 449 0.8514 700.0000
409 411 0.6424 700.0000
409 412 0.4989 700.0000
409 413 0.5451 700.0000
409 414 0.8274 700.0000
409 430 0.8774 700.0000
409 449 0.8784 700.0000
410 412 0.7703 700.0000
410 413 0.5273 700.0000
410 414 0.5687 700.0000
410 427 0.6691 700.0000
410 430 0.7886 700.0000
410 445 0.8189 700.0000
410 446 0.5761 700.0000
410 449 0.5931 700.0000
410 450 0.7146 700.0000
411 413 0.7237 700.0000
411 414 0.6139 700.0000
411 415 0.5133 700.0000
411 449 0.5865 700.0000
411 452 0.8565 700.0000
411 453 0.7675 700.0000
412 414 0.7483 700.0000
412 415 0.5822 700.0000
412 416 0.5449 700.0000
413 415 0.6888 700.0000
413 416 0.5391 700.0000
413 417 0.6553 700.0000
413 425 0.7844 700.0000
413 427 0.7709 700.0000
414 416 0.7191 700.0000
414 417 0.5378 700.0000
414 418 0.7442 700.0000
414 425 0.7731 700.0000
414 427 0.8851 700.0000
414 449 0.7856 700.0000
414 450 0.7131 700.0000
414 453 0.5246 700.0000
414 457 0.8645 700.0000
414 462 0.7900 700.0000
414 464 0.8716 700.0000
415 417 0.7213 700.0000
415 418 0.6407 700.0000
415 419 0.6866 700.0000
415 453 0.7364 700.0000
415 457 0.8459 700.0000
416 418 0.7401 700.0000
416 419 0.5263 700.0000
416 420 0.6075 700.0000
416 422 0.8824 700.0000
417 419 0.6847 700.0000
417 420 0.5754 700.0000
417 421 0.7156 700.0000
417 422 0.4136 700.0000
417 423 0.7835 700.0000
417 424 0.7905 700.0000
417 425 0.6961 700.0000
417 453 0.8746 700.0000
417 460 0.7695 700.0000
417 462 0.7124 700.0000
418 420 0.7186 700.0000
418 421 0.6238 700.0000
418 422 0.7012 700.0000
418 453 0.8199 700.0000
418 457 0.7216 700.0000
418 460 0.5901 700.0000
418 462 0.8877 700.0000
419 421 0.7845 700.0000
419 422 0.8911 700.0000
420 422 0.5613 700.0000
421 423 0.7255 700.0000
421 460 0.7552 700.0000
422 424 0.5588 700.0000
422 425 0.7233 700.0000
422 460 0.7912 700.0000
422 462 0.7009 700.0000
422 463 0.8852 700.0000
423 425 0.7831 700.0000
423 460 0.7760 700.0000
423 461 0.6105 700.0000
423 462 0.5607 700.0000
423 463 0.6031 700.0000
424 426 0.6850 700.0000
424 462 0.6299 700.0000
424 463 0.4943 700.0000
424 464 0.7353 700.0000
424 465 0.7349 700.0000
425 427 0.5296 700.0000
425 462 0.6789 700.0000
425 463 0.6202 700.0000
425 464 0.5186 700.0000
425 465 0.6265 700.0000
425 466 0.8628 700.0000
426 428 0.6757 700.0000
426 463 0.8328 700.0000
426 464 0.6865 700.0000
426 465 0.4951 700.0000
426 466 0.7362 700.0000
426 467 0.6493 700.0000
427 429 0.7765 700.0000
427 430 0.6810 700.0000
427 446 0.7913 700.0000
427 464 0.6532 700.0000
427 465 0.7137 700.0000
427 466 0.5353 700.0000
427 467 0.7230 700.0000
428 430 0.4793 700.0000
428 431 0.8690 700.0000
428 432 0.8790 700.0000
428 466 0.6577 700.0000
428 467 0.5305 700.0000
428 468 0.7620 700.0000
429 431 0.5870 700.0000
429 432 0.4932 700.0000
429 433 0.7560 700.0000
429 442 0.7838 700.0000
429 443 0.8826 700.0000
429 446 0.8557 700.0000
429 466 0.7148 700.0000
429 467 0.6902 700.0000
429 468 0.6534 700.0000
429 472 0.8850 700.0000
429 475 0.7044 700.0000
429 479 0.7631 700.0000
430 432 0.6540 700.0000
430 433 0.8456 700.0000
430 435 0.8594 700.0000
430 437 0.8619 700.0000
430 442 0.7347 700.0000
430 446 0.7096 700.0000
430 466 0.8404 700.0000
431 433 0.4744 700.0000
431 434 0.7520 700.0000
431 435 0.4973 700.0000
431 436 0.7861 700.0000
431 437 0.4384 700.0000
431 439 0.8964 700.0000
431 441 0.8979 700.0000
431 442 0.6526 700.0000
432 434 0.7792 700.0000
432 435 0.7421 700.0000
432 436 0.8638 700.0000
432 437 0.5727 700.0000
432 438 0.8453 700.0000
432 439 0.6439 700.0000
432 442 0.6935 700.0000
432 472 0.8718 700.0000
432 475 0.6477 700.0000
433 435 0.5362 700.0000
433 436 0.6633 700.0000
433 437 0.6671 700.0000
434 436 0.6795 700.0000
435 437 0.6246 700.0000
436 438 0.8220 700.0000
437 439 0.7766 700.0000
437 440 0.8599 700.0000
437 441 0.6218 700.0000
437 442 0.6045 700.0000
438 440 0.5234 700.0000
438 441 0.5256 700.0000
438 442 0.7611 700.0000
439 441 0.7109 700.0000
439 442 0.7003 700.0000
439 443 0.7691 700.0000
439 474 0.6440 700.0000
439 475 0.5447 700.0000
439 477 0.8921 700.0000
439 478 0.5806 700.0000
439 479 0.7699 700.0000
440 442 0.6534 700.0000
440 443 0.6560 700.0000
440 444 0.7568 700.0000
440 475 0.8295 700.0000
440 478 0.5779 700.0000
440 479 0.8143 700.0000
440 481 0.8828 700.0000
440 482 0.8234 700.0000
441 443 0.5789 700.0000
441 444 0.5286 700.0000
441 445 0.6090 700.0000
441 446 0.8841 700.0000
442 444 0.6242 700.0000
442 445 0.4917 700.0000
442 446 0.5519 700.0000
442 447 0.8282 700.0000
442 478 0.8673 700.0000
442 479 0.7228 700.0000
443 445 0.5569 700.0000
443 446 0.4924 700.0000
443 447 0.5321 700.0000
443 448 0.8148 700.0000
443 466 0.8542 700.0000
443 478 0.6773 700.0000
443 479 0.5013 700.0000
443 481 0.8977 700.0000
443 482 0.5929 700.0000
444 446 0.7592 700.0000
444 447 0.7026 700.0000
444 448 0.6017 700.0000
444 482 0.6037 700.0000
444 485 0.8559 700.0000
444 486 0.7635 700.0000
445 447 0.7513 700.0000
445 448 0.5788 700.0000
445 449 0.6640 700.0000
446 448 0.7005 700.0000
446 449 0.6629 700.0000
446 450 0.6853 700.0000
446 466 0.7073 700.0000
446 479 0.7794 700.0000
447 449 0.8401 700.0000
447 450 0.6091 700.0000
447 451 0.6570 700.0000
447 466 0.7427 700.0000
447 479 0.6813 700.0000
447 482 0.5836 700.0000
447 483 0.6493 700.0000
447 486 0.6100 700.0000
448 450 0.6815 700.0000
448 451 0.5719 700.0000
448 452 0.6385 700.0000
448 482 0.8936 700.0000
448 486 0.6853 700.0000
449 451 0.7109 700.0000
449 452 0.5230 700.0000
449 453 0.7385 700.0000
450 452 0.6060 700.0000
450 453 0.5762 700.0000
450 454 0.6420 700.0000
450 455 0.8991 700.0000
450 462 0.8998 700.0000
450 464 0.7222 700.0000
451 453 0.7649 700.0000
451 454 0.5673 700.0000
451 455 0.6152 700.0000
451 486 0.6867 700.0000
451 490 0.8434 700.0000
452 454 0.5817 700.0000
452 455 0.5187 700.0000
452 456 0.5761 700.0000
452 457 0.8419 700.0000
453 455 0.7799 700.0000
453 456 0.5899 700.0000
453 457 0.4586 700.0000
453 458 0.8641 700.0000
453 460 0.7581 700.0000
453 462 0.7863 700.0000
454 456 0.5799 700.0000
454 457 0.5833 700.0000
454 458 0.5957 700.0000
454 460 0.8534 700.0000
454 462 0.8793 700.0000
455 457 0.8087 700.0000
455 458 0.7528 700.0000
456 458 0.7392 700.0000
457 459 0.7399 700.0000
457 460 0.6215 700.0000
458 460 0.7462 700.0000
459 461 0.8992 700.0000
460 462 0.5541 700.0000
461 463 0.7304 700.0000
462 464 0.5863 700.0000
463 465 0.5841 700.0000
464 466 0.6143 700.0000
465 467 0.6647 700.0000
466 468 0.7353 700.0000
466 479 0.6340 700.0000
467 469 0.8065 700.0000
468 470 0.6476 700.0000
468 471 0.8442 700.0000
468 472 0.6023 700.0000
468 473 0.8601 700.0000
468 475 0.6139 700.0000
468 476 0.6205 700.0000
468 479 0.7441 700.0000
469 471 0.4813 700.0000
469 472 0.5136 700.0000
470 472 0.5953 700.0000
470 473 0.7472 700.0000
470 476 0.8840 700.0000
471 473 0.6182 700.0000
472 474 0.6720 700.0000
472 475 0.5068 700.0000
472 476 0.8155 700.0000
473 475 0.6823 700.0000
473 476 0.6158 700.0000
473 477 0.5808 700.0000
474 476 0.8802 700.0000
474 477 0.5860 700.0000
474 478 0.7554 700.0000
475 477 0.7087 700.0000
475 478 0.5795 700.0000
475 479 0.5940 700.0000
476 478 0.6887 700.0000
476 479 0.6723 700.0000
476 480 0.5635 700.0000
477 479 0.8506 700.0000
477 480 0.6439 700.0000
477 481 0.7266 700.0000
478 480 0.5476 700.0000
478 481 0.5018 700.0000
478 482 0.6523 700.0000
478 483 0.8959 700.0000
479 481 0.7429 700.0000
479 482 0.6893 700.0000
479 483 0.7501 700.0000
480 482 0.6944 700.0000
480 483 0.5161 700.0000
480 484 0.6182 700.0000
481 483 0.6708 700.0000
481 484 0.5179 700.0000
481 485 0.6190 700.0000
481 486 0.8970 700.0000
482 484 0.6155 700.0000
482 485 0.4505 700.0000
482 486 0.5251 700.0000
482 487 0.8885 700.0000
483 485 0.7979 700.0000
483 486 0.7239 700.0000
483 487 0.6167 700.0000
484 486 0.7001 700.0000
484 487 0.4863 700.0000
484 488 0.6060 700.0000
484 489 0.8362 700.0000
485 487 0.7137 700.0000
485 488 0.6702 700.0000
485 489 0.5794 700.0000
486 488 0.8717 700.0000
486 489 0.5380 700.0000
486 490 0.7062 700.0000
487 489 0.6510 700.0000
487 490 0.5300 700.0000
487 491 0.6338 700.0000
487 492 0.4490 700.0000
487 493 0.7600 700.0000
488 490 0.7801 700.0000
488 491 0.6835 700.0000
488 492 0.8189 700.0000
489 491 0.7646 700.0000
489 492 0.8977 700.0000
490 492 0.4856 700.0000
491 493 0.7026 700.0000
516 518 0.6540 700.0000
517 519 0.6187 700.0000
517 531 0.8965 700.0000
517 534 0.7486 700.0000
518 520 0.6417 700.0000
519 521 0.6988 700.0000
519 527 0.5521 700.0000
519 530 0.7213 700.0000
519 531 0.8070 700.0000
520 522 0.7515 700.0000
520 527 0.7680 700.0000
521 523 0.5604 700.0000
521 524 0.7671 700.0000
521 526 0.6018 700.0000
521 527 0.5341 700.0000
522 526 0.7025 700.0000
522 527 0.8939 700.0000
523 525 0.4460 700.0000
523 526 0.3836 700.0000
523 527 0.6464 700.0000
524 526 0.6479 700.0000
524 527 0.5764 700.0000
524 528 0.7450 700.0000
525 527 0.7440 700.0000
525 528 0.7208 700.0000
525 529 0.7356 700.0000
526 528 0.8952 700.0000
526 529 0.7221 700.0000
526 530 0.7448 700.0000
527 529 0.7937 700.0000
527 530 0.5986 700.0000
527 531 0.7242 700.0000
528 530 0.6868 700.0000
528 531 0.6222 700.0000
528 532 0.5951 700.0000
529 531 0.7733 700.0000
529 532 0.5627 700.0000
529 533 0.8167 700.0000
530 532 0.5118 700.0000
530 533 0.5773 700.0000
530 534 0.5706 700.0000
530 535 0.8608 700.0000
531 533 0.8381 700.0000
531 534 0.5458 700.0000
531 535 0.5391 700.0000
531 536 0.8956 700.0000
532 534 0.5607 700.0000
532 535 0.5424 700.0000
532 536 0.5037 700.0000
532 537 0.8563 700.0000
533 535 0.8026 700.0000
533 536 0.6090 700.0000
533 537 0.5435 700.0000
533 538 0.8822 700.0000
534 536 0.7447 700.0000
534 537 0.5610 700.0000
534 538 0.5947 700.0000
535 537 0.6985 700.0000
535 538 0.5245 700.0000
535 539 0.6563 700.0000
536 538 0.8740 700.0000
536 539 0.7062 700.0000
537 539 0.6011 700.0000
543 545 0.6278 700.0000
543 585 0.6289 700.0000
543 586 0.6094 700.0000
543 587 0.5591 700.0000
543 588 0.7546 700.0000
543 593 0.8027 700.0000
544 546 0.5786 700.0000
544 584 0.7976 700.0000
544 585 0.7372 700.0000
544 586 0.5282 700.0000
544 587 0.8778 700.0000
544 593 0.6862 700.0000
544 594 0.8915 700.0000
544 597 0.6641 700.0000
545 547 0.7058 700.0000
545 576 0.8930 700.0000
545 583 0.5975 700.0000
545 584 0.6534 700.0000
545 585 0.5708 700.0000
545 586 0.6777 700.0000
546 548 0.6595 700.0000
546 551 0.8193 700.0000
546 582 0.8389 700.0000
546 583 0.6465 700.0000
546 584 0.4498 700.0000
546 585 0.8137 700.0000
546 586 0.7320 700.0000
546 597 0.7220 700.0000
546 600 0.7144 700.0000
546 601 0.6795 700.0000
546 604 0.8428 700.0000
547 549 0.7093 700.0000
547 580 0.8986 700.0000
547 581 0.5172 700.0000
547 582 0.6387 700.0000
547 583 0.5520 700.0000
547 584 0.8494 700.0000
548 550 0.4819 700.0000
548 551 0.5343 700.0000
548 552 0.8286 700.0000
548 581 0.8834 700.0000
548 582 0.6036 700.0000
548 583 0.8114 700.0000
548 584 0.8229 700.0000
548 601 0.8250 700.0000
548 604 0.6187 700.0000
548 608 0.8407 700.0000
549 551 0.6197 700.0000
549 552 0.6160 700.0000
549 553 0.7895 700.0000
549 578 0.8797 700.0000
549 580 0.6803 700.0000
549 581 0.7574 700.0000
549 582 0.4731 700.0000
549 583 0.8702 700.0000
550 552 0.6783 700.0000
550 553 0.5150 700.0000
550 554 0.8088 700.0000
550 582 0.8596 700.0000
550 604 0.6151 700.0000
550 605 0.8504 700.0000
550 607 0.6099 700.0000
550 608 0.5533 700.0000
550 611 0.7464 700.0000
551 553 0.7099 700.0000
551 554 0.5143 700.0000
551 559 0.8858 700.0000
551 575 0.6733 700.0000
551 577 0.8467 700.0000
551 582 0.5453 700.0000
551 583 0.8359 700.0000
551 584 0.6709 700.0000
551 600 0.8991 700.0000
551 603 0.8961 700.0000
551 604 0.6682 700.0000
551 607 0.8803 700.0000
552 554 0.6426 700.0000
552 575 0.8594 700.0000
552 577 0.7697 700.0000
552 582 0.6537 700.0000
553 555 0.8745 700.0000
553 607 0.6552 700.0000
553 608 0.8884 700.0000
553 610 0.8468 700.0000
553 611 0.5840 700.0000
554 557 0.8909 700.0000
554 558 0.4915 700.0000
554 559 0.5774 700.0000
554 562 0.8639 700.0000
554 575 0.8894 700.0000
554 603 0.7037 700.0000
554 604 0.7507 700.0000
554 607 0.7117 700.0000
555 557 0.6220 700.0000
555 558 0.3903 700.0000
555 559 0.5036 700.0000
555 560 0.7937 700.0000
556 558 0.7330 700.0000
556 559 0.5499 700.0000
556 560 0.5021 700.0000
557 559 0.8085 700.0000
557 560 0.6054 700.0000
557 561 0.6468 700.0000
558 560 0.6829 700.0000
558 561 0.5911 700.0000
558 562 0.7291 700.0000
558 603 0.6073 700.0000
558 607 0.8522 700.0000
559 561 0.7133 700.0000
559 562 0.5352 700.0000
559 563 0.7005 700.0000
559 575 0.7938 700.0000
560 562 0.6823 700.0000
560 563 0.5532 700.0000
560 564 0.6992 700.0000
561 563 0.6191 700.0000
561 564 0.5374 700.0000
561 565 0.6151 700.0000
561 599 0.8680 700.0000
561 600 0.8959 700.0000
561 603 0.7491 700.0000
562 564 0.7239 700.0000
562 565 0.5433 700.0000
562 566 0.6484 700.0000
562 573 0.6196 700.0000
562 584 0.8913 700.0000
562 596 0.8310 700.0000
562 600 0.7129 700.0000
562 603 0.8031 700.0000
563 565 0.6201 700.0000
563 566 0.4927 700.0000
563 567 0.7511 700.0000
563 568 0.8988 700.0000
563 573 0.7577 700.0000
564 566 0.7549 700.0000
564 567 0.6463 700.0000
564 568 0.5943 700.0000
564 569 0.8877 700.0000
565 567 0.7703 700.0000
565 568 0.5321 700.0000
565 569 0.5668 700.0000
565 570 0.8515 700.0000
565 571 0.6850 700.0000
565 573 0.7948 700.0000
565 595 0.7880 700.0000
565 596 0.5804 700.0000
565 599 0.7288 700.0000
565 600 0.8411 700.0000
566 568 0.7447 700.0000
566 569 0.7079 700.0000
566 570 0.6905 700.0000
566 571 0.4674 700.0000
566 572 0.5647 700.0000
566 573 0.5086 700.0000
566 596 0.8849 700.0000
567 569 0.7309 700.0000
567 570 0.6932 700.0000
567 571 0.8454 700.0000
568 570 0.6406 700.0000
568 571 0.7789 700.0000
568 592 0.8373 700.0000
568 595 0.8788 700.0000
569 571 0.4991 700.0000
569 588 0.8665 700.0000
569 589 0.7954 700.0000
569 591 0.8165 700.0000
569 592 0.4591 700.0000
569 593 0.8336 700.0000
569 595 0.6638 700.0000
569 596 0.6798 700.0000
570 572 0.7853 700.0000
570 588 0.7361 700.0000
570 589 0.7279 700.0000
570 592 0.6215 700.0000
571 573 0.6155 700.0000
571 586 0.6873 700.0000
571 587 0.6855 700.0000
571 588 0.6020 700.0000
571 589 0.7413 700.0000
571 592 0.6644 700.0000
571 593 0.7217 700.0000
571 596 0.7069 700.0000
572 574 0.6165 700.0000
572 585 0.7118 700.0000
572 586 0.5785 700.0000
572 587 0.4460 700.0000
572 588 0.7132 700.0000
573 575 0.7682 700.0000
573 584 0.6570 700.0000
573 585 0.6987 700.0000
573 586 0.5613 700.0000
573 587 0.7624 700.0000
573 596 0.8369 700.0000
574 576 0.6183 700.0000
574 583 0.8407 700.0000
574 584 0.6025 700.0000
574 585 0.4368 700.0000
574 586 0.6966 700.0000
574 587 0.7794 700.0000
575 577 0.5837 700.0000
575 582 0.7129 700.0000
575 583 0.7427 700.0000
575 584 0.5652 700.0000
575 585 0.8451 700.0000
576 578 0.6761 700.0000
576 581 0.8058 700.0000
576 582 0.6297 700.0000
576 583 0.4349 700.0000
576 584 0.6756 700.0000
576 585 0.6744 700.0000
577 579 0.7248 700.0000
577 580 0.8449 700.0000
577 581 0.8694 700.0000
577 582 0.5425 700.0000
577 583 0.7277 700.0000
578 580 0.4797 700.0000
578 581 0.5854 700.0000
578 582 0.5831 700.0000
578 583 0.7357 700.0000
579 581 0.8024 700.0000
579 582 0.8439 700.0000
580 582 0.6642 700.0000
581 583 0.5231 700.0000
582 584 0.7348 700.0000
583 585 0.7027 700.0000
584 586 0.6271 700.0000
584 600 0.7408 700.0000
585 587 0.6043 700.0000
586 588 0.7091 700.0000
586 593 0.5853 700.0000
586 596 0.7016 700.0000
586 597 0.7038 700.0000
586 600 0.8731 700.0000
587 589 0.8447 700.0000
587 593 0.7987 700.0000
588 590 0.8370 700.0000
588 591 0.7811 700.0000
588 592 0.6457 700.0000
588 593 0.5218 700.0000
589 591 0.5074 700.0000
589 592 0.4427 700.0000
589 593 0.5445 700.0000
589 594 0.8138 700.0000
590 592 0.8095 700.0000
590 593 0.6887 700.0000
590 594 0.6222 700.0000
591 593 0.5794 700.0000
591 594 0.5022 700.0000
591 595 0.6273 700.0000
591 596 0.8567 700.0000
592 594 0.6807 700.0000
592 595 0.5640 700.0000
592 596 0.6920 700.0000
593 595 0.7259 700.0000
593 596 0.5625 700.0000
593 597 0.5951 700.0000
593 598 0.8865 700.0000
594 596 0.6606 700.0000
594 597 0.5687 700.0000
594 598 0.5865 700.0000
595 597 0.7266 700.0000
595 598 0.6163 700.0000
595 599 0.6135 700.0000
596 598 0.6595 700.0000
596 599 0.5217 700.0000
596 600 0.5859 700.0000
597 599 0.6352 700.0000
597 600 0.5274 700.0000
597 601 0.5971 700.0000
598 600 0.7560 700.0000
598 601 0.6863 700.0000
598 602 0.7668 700.0000
599 601 0.7611 700.0000
599 602 0.5916 700.0000
599 603 0.6927 700.0000
600 602 0.6938 700.0000
600 603 0.5258 700.0000
600 604 0.6075 700.0000
601 603 0.7486 700.0000
601 604 0.5270 700.0000
601 605 0.6158 700.0000
602 604 0.6737 700.0000
602 605 0.5394 700.0000
602 606 0.5007 700.0000
603 605 0.7225 700.0000
603 606 0.5859 700.0000
603 607 0.6717 700.0000
604 606 0.6930 700.0000
604 607 0.5576 700.0000
604 608 0.6654 700.0000
605 607 0.6458 700.0000
605 608 0.5194 700.0000
605 609 0.7476 700.0000
606 608 0.7892 700.0000
606 609 0.7351 700.0000
606 610 0.7726 700.0000
607 609 0.7165 700.0000
607 610 0.5051 700.0000
607 611 0.6031 700.0000
607 612 0.8830 700.0000
608 610 0.7962 700.0000
608 611 0.7048 700.0000
608 612 0.6793 700.0000
609 611 0.7442 700.0000
609 612 0.5067 700.0000
609 613 0.4608 700.0000
609 616 0.8997 700.0000
610 612 0.6830 700.0000
610 613 0.6223 700.0000
610 614 0.6872 700.0000
611 613 0.7949 700.0000
611 614 0.5168 700.0000
611 615 0.6283 700.0000
612 614 0.6543 700.0000
612 615 0.5353 700.0000
612 616 0.5818 700.0000
612 617 0.8005 700.0000
613 616 0.6218 700.0000
613 617 0.6569 700.0000
614 616 0.8083 700.0000
614 617 0.5357 700.0000
614 618 0.7335 700.0000
615 617 0.7591 700.0000
615 618 0.6235 700.0000
615 619 0.7087 700.0000
616 618 0.6717 700.0000
616 619 0.6123 700.0000
616 620 0.6177 700.0000
617 619 0.8515 700.0000
617 620 0.8155 700.0000
617 621 0.6824 700.0000
618 620 0.6742 700.0000
618 621 0.4767 700.0000
618 622 0.5698 700.0000
619 621 0.7842 700.0000
619 622 0.5520 700.0000
620 622 0.7564 700.0000
644 646 0.5854 700.0000
644 673 0.7446 700.0000
644 674 0.6744 700.0000
644 675 0.4691 700.0000
644 676 0.7487 700.0000
644 677 0.8723 700.0000
644 716 0.8773 700.0000
645 647 0.7179 700.0000
645 670 0.8983 700.0000
645 672 0.4606 700.0000
645 673 0.7340 700.0000
645 674 0.6010 700.0000
645 675 0.8242 700.0000
645 713 0.7987 700.0000
645 716 0.7211 700.0000
645 818 0.7257 700.0000
646 648 0.6660 700.0000
646 671 0.8841 700.0000
646 672 0.5871 700.0000
646 673 0.5455 700.0000
646 674 0.7406 700.0000
646 675 0.7427 700.0000
647 649 0.6903 700.0000
647 670 0.7244 700.0000
647 671 0.6608 700.0000
647 672 0.5471 700.0000
647 673 0.7394 700.0000
648 650 0.6370 700.0000
648 651 0.7433 700.0000
648 654 0.7355 700.0000
648 670 0.8650 700.0000
648 671 0.5422 700.0000
648 672 0.6966 700.0000
648 673 0.6280 700.0000
648 817 0.7807 700.0000
649 651 0.6007 700.0000
649 654 0.7883 700.0000
649 671 0.8260 700.0000
650 652 0.7813 700.0000
650 654 0.6449 700.0000
650 655 0.6451 700.0000
650 671 0.8836 700.0000
651 653 0.5657 700.0000
651 654 0.4365 700.0000
651 655 0.5931 700.0000
651 656 0.8324 700.0000
652 654 0.6920 700.0000
652 655 0.4859 700.0000
652 656 0.5329 700.0000
653 655 0.7475 700.0000
653 656 0.6252 700.0000
653 657 0.6003 700.0000
653 702 0.8748 700.0000
654 656 0.6747 700.0000
654 657 0.5139 700.0000
654 658 0.7041 700.0000
654 671 0.7169 700.0000
654 817 0.7497 700.0000
654 819 0.7702 700.0000
655 657 0.7095 700.0000
655 658 0.5484 700.0000
655 659 0.6116 700.0000
656 658 0.7365 700.0000
656 659 0.5041 700.0000
656 660 0.6909 700.0000
657 659 0.7573 700.0000
657 660 0.5479 700.0000
657 661 0.6575 700.0000
657 702 0.8559 700.0000
657 704 0.8989 700.0000
657 763 0.7512 700.0000
657 817 0.8609 700.0000
657 819 0.6949 700.0000
658 660 0.7680 700.0000
658 661 0.6203 700.0000
658 662 0.5068 700.0000
658 666 0.8895 700.0000
658 667 0.8185 700.0000
658 668 0.4993 700.0000
658 671 0.8676 700.0000
658 819 0.7722 700.0000
659 661 0.8277 700.0000
659 662 0.5648 700.0000
659 663 0.6467 700.0000
660 662 0.7613 700.0000
660 663 0.5850 700.0000
660 664 0.6959 700.0000
660 742 0.6597 700.0000
661 663 0.8057 700.0000
661 664 0.6018 700.0000
661 665 0.7450 700.0000
661 666 0.5015 700.0000
661 667 0.8780 700.0000
661 668 0.6514 700.0000
661 704 0.8370 700.0000
661 742 0.5747 700.0000
661 745 0.8897 700.0000
661 746 0.8845 700.0000
661 761 0.7733 700.0000
661 819 0.6150 700.0000
661 821 0.7088 700.0000
662 664 0.7208 700.0000
662 665 0.6542 700.0000
662 666 0.6440 700.0000
662 667 0.6318 700.0000
662 668 0.6489 700.0000
663 665 0.7744 700.0000
663 743 0.8761 700.0000
664 666 0.5451 700.0000
664 741 0.8533 700.0000
664 742 0.5655 700.0000
664 743 0.5043 700.0000
664 744 0.8814 700.0000
664 745 0.8259 700.0000
664 746 0.6205 700.0000
664 747 0.8271 700.0000
665 667 0.7130 700.0000
665 743 0.8550 700.0000
665 746 0.6800 700.0000
665 750 0.7552 700.0000
665 821 0.8683 700.0000
665 822 0.7707 700.0000
665 823 0.6775 700.0000
666 668 0.6802 700.0000
666 742 0.7931 700.0000
666 745 0.8584 700.0000
666 746 0.6503 700.0000
666 750 0.8288 700.0000
666 759 0.7157 700.0000
666 821 0.5390 700.0000
666 822 0.6097 700.0000
666 823 0.6737 700.0000
667 669 0.5770 700.0000
667 820 0.8950 700.0000
667 821 0.6363 700.0000
667 822 0.4599 700.0000
667 823 0.8049 700.0000
668 670 0.7443 700.0000
668 671 0.7426 700.0000
668 819 0.6657 700.0000
668 820 0.6325 700.0000
668 821 0.5215 700.0000
668 822 0.7240 700.0000
669 671 0.8171 700.0000
669 758 0.8379 700.0000
669 820 0.5106 700.0000
669 821 0.5770 700.0000
669 822 0.6487 700.0000
670 672 0.5148 700.0000
670 818 0.7017 700.0000
670 819 0.7769 700.0000
670 820 0.4598 700.0000
670 821 0.8158 700.0000
671 673 0.8234 700.0000
671 817 0.6931 700.0000
671 818 0.6246 700.0000
671 819 0.5194 700.0000
671 820 0.6801 700.0000
672 674 0.7006 700.0000
672 817 0.7532 700.0000
672 818 0.4627 700.0000
672 819 0.7792 700.0000
672 820 0.7400 700.0000
673 675 0.5140 700.0000
673 815 0.8859 700.0000
673 816 0.6710 700.0000
673 817 0.5314 700.0000
673 818 0.8742 700.0000
674 676 0.7148 700.0000
674 715 0.8948 700.0000
674 716 0.5878 700.0000
674 762 0.8277 700.0000
674 814 0.7898 700.0000
674 815 0.5175 700.0000
674 816 0.6050 700.0000
674 817 0.6297 700.0000
674 818 0.7189 700.0000
675 677 0.7216 700.0000
675 680 0.8225 700.0000
675 716 0.8886 700.0000
675 815 0.8356 700.0000
675 816 0.8204 700.0000
676 678 0.5069 700.0000
676 679 0.4594 700.0000
676 680 0.6349 700.0000
676 681 0.8392 700.0000
676 716 0.7149 700.0000
676 717 0.8683 700.0000
676 718 0.8493 700.0000
676 814 0.7980 700.0000
676 815 0.7598 700.0000
677 679 0.8005 700.0000
677 680 0.6936 700.0000
677 681 0.7611 700.0000
678 680 0.7016 700.0000
678 681 0.5593 700.0000
678 682 0.6747 700.0000
678 718 0.8984 700.0000
679 681 0.6203 700.0000
679 682 0.5662 700.0000
679 683 0.6802 700.0000
679 716 0.8765 700.0000
679 718 0.7009 700.0000
679 719 0.6971 700.0000
679 810 0.7970 700.0000
679 811 0.7174 700.0000
679 813 0.7424 700.0000
679 814 0.6101 700.0000
679 815 0.7314 700.0000
680 682 0.6413 700.0000
680 683 0.5410 700.0000
680 684 0.5059 700.0000
680 765 0.8883 700.0000
680 814 0.6275 700.0000
680 815 0.8636 700.0000
681 683 0.6601 700.0000
681 684 0.4794 700.0000
681 685 0.6802 700.0000
681 811 0.8721 700.0000
682 684 0.6082 700.0000
682 685 0.5615 700.0000
682 686 0.6589 700.0000
682 810 0.8835 700.0000
682 811 0.5304 700.0000
682 813 0.8988 700.0000
683 685 0.8832 700.0000
683 686 0.6291 700.0000
683 687 0.5585 700.0000
683 765 0.6397 700.0000
683 766 0.8224 700.0000
683 767 0.6443 700.0000
683 810 0.8511 700.0000
683 811 0.6852 700.0000
683 812 0.7140 700.0000
683 813 0.5970 700.0000
683 814 0.5594 700.0000
684 686 0.8514 700.0000
684 687 0.5944 700.0000
684 688 0.7303 700.0000
685 688 0.7227 700.0000
685 689 0.6147 700.0000
685 811 0.8572 700.0000
686 688 0.8399 700.0000
686 689 0.5396 700.0000
686 690 0.5686 700.0000
686 767 0.6539 700.0000
686 793 0.8531 700.0000
686 809 0.8069 700.0000
686 810 0.8917 700.0000
686 811 0.5795 700.0000
686 812 0.5790 700.0000
687 689 0.7936 700.0000
687 690 0.5938 700.0000
687 691 0.5138 700.0000
687 699 0.6124 700.0000
687 700 0.7322 700.0000
687 765 0.7945 700.0000
687 767 0.6262 700.0000
688 690 0.7926 700.0000
688 691 0.5500 700.0000
688 692 0.5573 700.0000
689 691 0.7807 700.0000
689 692 0.5971 700.0000
689 693 0.7034 700.0000
690 692 0.7574 700.0000
690 693 0.5908 700.0000
690 694 0.6170 700.0000
690 699 0.5656 700.0000
690 767 0.6176 700.0000
690 768 0.8157 700.0000
690 769 0.6688 700.0000
690 770 0.8160 700.0000
690 793 0.6321 700.0000
690 812 0.8107 700.0000
691 693 0.7970 700.0000
691 694 0.6257 700.0000
691 695 0.8127 700.0000
691 698 0.8936 700.0000
691 699 0.6156 700.0000
692 694 0.7973 700.0000
692 695 0.7793 700.0000
693 695 0.7525 700.0000
693 770 0.7877 700.0000
693 790 0.8320 700.0000
693 793 0.8835 700.0000
694 696 0.8663 700.0000
694 697 0.4994 700.0000
694 698 0.7292 700.0000
694 699 0.6232 700.0000
694 769 0.6785 700.0000
694 770 0.6238 700.0000
695 697 0.7432 700.0000
697 699 0.6908 700.0000
697 769 0.7399 700.0000
697 770 0.7591 700.0000
698 700 0.5806 700.0000
698 701 0.6987 700.0000
698 768 0.7963 700.0000
698 769 0.6956 700.0000
699 701 0.7138 700.0000
699 765 0.8815 700.0000
699 766 0.8176 700.0000
699 767 0.5610 700.0000
699 768 0.5862 700.0000
699 769 0.5168 700.0000
699 770 0.8521 700.0000
699 793 0.8621 700.0000
700 702 0.7632 700.0000
700 703 0.8834 700.0000
700 765 0.5615 700.0000
700 766 0.5770 700.0000
700 767 0.5745 700.0000
700 768 0.6160 700.0000
700 769 0.7539 700.0000
701 703 0.6182 700.0000
701 740 0.7552 700.0000
701 764 0.8735 700.0000
701 765 0.7446 700.0000
701 766 0.5681 700.0000
701 767 0.7757 700.0000
701 768 0.5730 700.0000
701 769 0.7996 700.0000
701 805 0.7367 700.0000
702 704 0.7922 700.0000
702 763 0.5920 700.0000
702 764 0.6141 700.0000
702 765 0.6238 700.0000
702 766 0.8238 700.0000
702 816 0.7368 700.0000
702 817 0.8650 700.0000
703 705 0.8035 700.0000
703 738 0.5204 700.0000
703 739 0.5567 700.0000
703 740 0.6069 700.0000
703 763 0.6940 700.0000
703 764 0.4923 700.0000
703 765 0.7837 700.0000
703 766 0.5585 700.0000
703 805 0.6828 700.0000
704 738 0.7217 700.0000
704 739 0.5216 700.0000
704 740 0.7151 700.0000
704 741 0.8019 700.0000
704 742 0.5898 700.0000
704 745 0.7441 700.0000
704 761 0.6591 700.0000
704 762 0.7867 700.0000
704 763 0.5422 700.0000
704 764 0.6368 700.0000
704 819 0.8378 700.0000
705 707 0.5698 700.0000
705 708 0.8968 700.0000
705 720 0.6542 700.0000
705 725 0.5939 700.0000
705 736 0.7905 700.0000
705 737 0.8369 700.0000
705 738 0.5203 700.0000
705 739 0.7474 700.0000
705 745 0.8485 700.0000
705 761 0.6762 700.0000
705 762 0.5623 700.0000
705 764 0.7981 700.0000
706 708 0.6488 700.0000
706 725 0.6943 700.0000
706 745 0.6144 700.0000
706 746 0.8554 700.0000
706 748 0.8122 700.0000
706 749 0.6618 700.0000
706 752 0.8559 700.0000
706 753 0.8449 700.0000
706 759 0.6678 700.0000
706 760 0.7450 700.0000
706 761 0.5980 700.0000
706 762 0.8028 700.0000
707 709 0.8068 700.0000
707 710 0.8183 700.0000
707 711 0.6411 700.0000
707 712 0.5557 700.0000
707 715 0.7881 700.0000
707 720 0.8728 700.0000
707 724 0.7737 700.0000
707 725 0.6100 700.0000
707 759 0.8515 700.0000
707 760 0.6200 700.0000
707 761 0.6783 700.0000
707 762 0.6001 700.0000
707 818 0.8985 700.0000
708 710 0.5243 700.0000
708 711 0.4908 700.0000
708 712 0.6282 700.0000
708 724 0.7796 700.0000
708 725 0.7065 700.0000
708 760 0.6658 700.0000
709 711 0.7575 700.0000
709 712 0.5252 700.0000
709 713 0.7037 700.0000
709 758 0.8593 700.0000
709 760 0.5780 700.0000
710 712 0.7246 700.0000
710 713 0.8760 700.0000
710 714 0.8753 700.0000
710 724 0.8162 700.0000
711 713 0.7842 700.0000
711 714 0.6112 700.0000
711 715 0.7378 700.0000
711 723 0.8927 700.0000
711 724 0.4499 700.0000
711 725 0.7996 700.0000
712 714 0.6438 700.0000
712 715 0.5633 700.0000
712 716 0.6450 700.0000
712 724 0.8430 700.0000
712 760 0.6641 700.0000
712 762 0.6700 700.0000
712 818 0.7440 700.0000
713 715 0.6619 700.0000
713 716 0.5437 700.0000
713 717 0.7355 700.0000
714 716 0.5983 700.0000
714 717 0.5090 700.0000
714 718 0.5587 700.0000
714 719 0.6176 700.0000
714 720 0.8824 700.0000
714 721 0.8445 700.0000
714 724 0.6380 700.0000
715 717 0.7523 700.0000
715 718 0.5835 700.0000
715 719 0.3882 700.0000
715 720 0.5149 700.0000
715 721 0.7578 700.0000
715 724 0.6600 700.0000
715 762 0.6930 700.0000
715 815 0.6725 700.0000
716 718 0.7131 700.0000
716 719 0.6507 700.0000
716 720 0.8424 700.0000
716 762 0.7919 700.0000
716 815 0.6212 700.0000
716 818 0.8609 700.0000
717 719 0.7520 700.0000
718 720 0.7725 700.0000
718 721 0.7005 700.0000
718 724 0.8566 700.0000
718 810 0.7996 700.0000
719 721 0.5477 700.0000
719 724 0.7232 700.0000
719 810 0.6045 700.0000
719 811 0.8841 700.0000
719 813 0.7188 700.0000
719 814 0.8177 700.0000
719 815 0.7130 700.0000
720 724 0.7271 700.0000
720 725 0.8263 700.0000
720 736 0.6611 700.0000
720 738 0.7524 700.0000
720 762 0.7294 700.0000
720 764 0.8096 700.0000
720 807 0.8684 700.0000
720 809 0.8696 700.0000
720 810 0.5880 700.0000
720 813 0.5522 700.0000
720 814 0.7538 700.0000
720 815 0.6579 700.0000
721 723 0.6741 700.0000
721 724 0.4951 700.0000
721 725 0.8396 700.0000
721 735 0.8672 700.0000
721 736 0.6831 700.0000
721 809 0.7938 700.0000
721 810 0.6242 700.0000
722 724 0.7990 700.0000
722 725 0.7800 700.0000
722 726 0.6698 700.0000
722 733 0.8675 700.0000
722 734 0.5707 700.0000
722 735 0.5012 700.0000
722 736 0.6826 700.0000
722 737 0.8682 700.0000
722 808 0.8829 700.0000
723 725 0.7353 700.0000
723 726 0.6731 700.0000
723 735 0.8743 700.0000
724 726 0.8711 700.0000
725 727 0.6535 700.0000
725 735 0.8530 700.0000
725 736 0.7405 700.0000
725 737 0.7422 700.0000
725 738 0.8825 700.0000
726 728 0.6589 700.0000
726 730 0.7536 700.0000
726 735 0.7668 700.0000
726 736 0.8581 700.0000
726 737 0.6951 700.0000
727 729 0.5918 700.0000
727 730 0.5350 700.0000
727 731 0.8363 700.0000
727 733 0.8730 700.0000
727 735 0.8221 700.0000
727 737 0.5678 700.0000
727 748 0.8943 700.0000
728 730 0.7211 700.0000
728 748 0.8751 700.0000
728 752 0.8240 700.0000
729 731 0.4481 700.0000
729 732 0.8181 700.0000
729 733 0.8932 700.0000
729 776 0.8834 700.0000
730 732 0.6820 700.0000
730 733 0.5125 700.0000
730 734 0.7160 700.0000
730 735 0.7734 700.0000
730 737 0.7010 700.0000
730 776 0.6427 700.0000
731 733 0.7378 700.0000
731 737 0.8894 700.0000
731 774 0.8138 700.0000
731 775 0.8320 700.0000
731 776 0.6395 700.0000
731 797 0.8877 700.0000
732 737 0.6917 700.0000
732 773 0.7014 700.0000
732 774 0.4802 700.0000
732 775 0.7355 700.0000
732 776 0.6770 700.0000
732 778 0.8596 700.0000
732 795 0.6956 700.0000
732 796 0.6482 700.0000
732 797 0.5746 700.0000
732 804 0.6652 700.0000
732 806 0.6939 700.0000
733 735 0.5120 700.0000
733 736 0.8756 700.0000
733 737 0.6525 700.0000
733 774 0.7304 700.0000
733 775 0.7117 700.0000
733 776 0.5096 700.0000
733 777 0.7280 700.0000
733 778 0.5289 700.0000
733 779 0.7454 700.0000
733 780 0.8989 700.0000
733 795 0.7850 700.0000
733 806 0.6648 700.0000
733 808 0.7363 700.0000
734 736 0.7694 700.0000
734 737 0.7754 700.0000
734 776 0.7884 700.0000
734 777 0.8369 700.0000
734 778 0.6476 700.0000
734 779 0.5442 700.0000
734 780 0.7815 700.0000
734 806 0.7938 700.0000
734 807 0.8926 700.0000
734 808 0.5954 700.0000
735 737 0.4960 700.0000
735 738 0.8979 700.0000
735 778 0.8817 700.0000
735 779 0.8365 700.0000
735 795 0.9000 700.0000
735 806 0.5745 700.0000
735 807 0.6206 700.0000
735 808 0.5408 700.0000
735 809 0.8846 700.0000
736 738 0.5854 700.0000
736 806 0.5805 700.0000
736 807 0.4173 700.0000
736 808 0.6513 700.0000
736 809 0.7000 700.0000
736 810 0.7221 700.0000
736 812 0.8523 700.0000
736 813 0.8412 700.0000
737 739 0.8692 700.0000
737 795 0.8711 700.0000
737 804 0.6841 700.0000
737 805 0.8257 700.0000
737 806 0.5074 700.0000
737 807 0.7490 700.0000
737 808 0.8993 700.0000
738 764 0.7153 700.0000
738 766 0.6644 700.0000
738 804 0.7492 700.0000
738 805 0.6223 700.0000
738 806 0.6885 700.0000
738 807 0.6651 700.0000
738 813 0.8203 700.0000
739 741 0.5594 700.0000
739 742 0.6874 700.0000
739 744 0.7390 700.0000
739 745 0.6538 700.0000
739 803 0.6334 700.0000
739 804 0.5801 700.0000
739 805 0.6971 700.0000
740 742 0.7875 700.0000
740 802 0.6858 700.0000
740 803 0.5527 700.0000
740 804 0.7961 700.0000
740 805 0.7468 700.0000
741 743 0.5651 700.0000
741 744 0.4442 700.0000
741 745 0.6852 700.0000
741 746 0.8619 700.0000
741 803 0.5306 700.0000
741 804 0.8717 700.0000
742 744 0.6880 700.0000
742 745 0.5274 700.0000
742 746 0.6660 700.0000
742 761 0.8649 700.0000
743 745 0.7564 700.0000
743 746 0.6177 700.0000
743 747 0.5538 700.0000
744 746 0.6366 700.0000
744 747 0.5287 700.0000
744 748 0.6079 700.0000
744 803 0.7224 700.0000
745 747 0.7079 700.0000
745 748 0.5584 700.0000
745 749 0.6201 700.0000
745 750 0.8722 700.0000
745 759 0.8911 700.0000
745 761 0.7763 700.0000
746 748 0.6150 700.0000
746 749 0.4888 700.0000
746 750 0.5155 700.0000
746 751 0.8315 700.0000
746 759 0.8507 700.0000
746 823 0.8368 700.0000
747 749 0.7049 700.0000
747 750 0.6026 700.0000
747 751 0.6519 700.0000
748 750 0.8004 700.0000
748 751 0.6042 700.0000
748 752 0.6703 700.0000
749 751 0.6067 700.0000
749 752 0.5043 700.0000
749 753 0.4775 700.0000
749 754 0.7463 700.0000
749 756 0.8379 700.0000
749 759 0.6974 700.0000
749 823 0.7692 700.0000
750 752 0.7965 700.0000
750 753 0.6861 700.0000
750 754 0.6880 700.0000
750 759 0.8908 700.0000
750 823 0.5485 700.0000
751 753 0.7768 700.0000
751 754 0.7943 700.0000
752 754 0.6877 700.0000
752 755 0.8887 700.0000
752 756 0.8271 700.0000
753 755 0.5462 700.0000
753 756 0.4196 700.0000
753 757 0.8950 700.0000
753 758 0.8837 700.0000
753 759 0.7280 700.0000
753 823 0.7822 700.0000
754 756 0.5487 700.0000
754 757 0.8222 700.0000
754 823 0.7358 700.0000
755 757 0.6331 700.0000
755 823 0.8814 700.0000
756 758 0.6133 700.0000
756 759 0.7184 700.0000
756 760 0.8956 700.0000
756 823 0.8154 700.0000
757 759 0.8628 700.0000
757 822 0.6966 700.0000
757 823 0.7085 700.0000
758 760 0.5537 700.0000
758 820 0.6780 700.0000
758 821 0.6424 700.0000
758 822 0.6027 700.0000
758 823 0.8038 700.0000
759 761 0.6583 700.0000
759 820 0.6582 700.0000
759 821 0.4362 700.0000
759 822 0.6156 700.0000
759 823 0.6959 700.0000
760 762 0.8019 700.0000
760 818 0.7056 700.0000
760 820 0.5476 700.0000
760 821 0.6632 700.0000
761 763 0.7419 700.0000
761 818 0.5929 700.0000
761 819 0.5508 700.0000
761 820 0.7100 700.0000
761 821 0.6696 700.0000
762 764 0.7151 700.0000
762 815 0.6409 700.0000
762 816 0.8625 700.0000
762 817 0.8255 700.0000
762 818 0.5021 700.0000
762 819 0.7778 700.0000
763 765 0.8324 700.0000
763 814 0.8937 700.0000
763 815 0.7644 700.0000
763 816 0.5299 700.0000
763 817 0.4759 700.0000
763 818 0.7859 700.0000
763 819 0.6372 700.0000
764 766 0.5707 700.0000
764 813 0.6648 700.0000
764 814 0.5853 700.0000
764 815 0.5941 700.0000
764 816 0.5477 700.0000
764 817 0.7788 700.0000
765 767 0.6594 700.0000
765 813 0.6595 700.0000
765 814 0.5283 700.0000
765 815 0.7965 700.0000
765 816 0.6310 700.0000
766 768 0.5684 700.0000
766 769 0.8839 700.0000
766 805 0.7536 700.0000
766 807 0.7464 700.0000
766 812 0.6341 700.0000
766 813 0.5573 700.0000
766 814 0.7544 700.0000
767 769 0.6669 700.0000
767 793 0.7112 700.0000
767 794 0.8477 700.0000
767 807 0.8023 700.0000
767 809 0.8663 700.0000
767 811 0.8942 700.0000
767 812 0.4262 700.0000
767 813 0.6620 700.0000
767 814 0.8919 700.0000
768 770 0.7694 700.0000
768 771 0.6260 700.0000
768 793 0.6146 700.0000
768 794 0.5356 700.0000
768 795 0.8422 700.0000
768 805 0.6406 700.0000
768 806 0.8808 700.0000
768 807 0.8027 700.0000
768 812 0.7411 700.0000
769 771 0.5474 700.0000
769 792 0.8103 700.0000
769 793 0.5102 700.0000
769 794 0.6024 700.0000
770 772 0.8446 700.0000
770 784 0.7684 700.0000
770 791 0.7536 700.0000
770 792 0.5833 700.0000
770 793 0.5864 700.0000
770 794 0.7540 700.0000
771 773 0.8534 700.0000
771 792 0.7244 700.0000
771 793 0.7835 700.0000
771 794 0.5444 700.0000
771 795 0.6740 700.0000
771 796 0.5928 700.0000
771 799 0.5888 700.0000
771 802 0.7769 700.0000
771 805 0.7601 700.0000
772 774 0.6068 700.0000
772 781 0.7812 700.0000
772 782 0.6130 700.0000
772 783 0.8903 700.0000
772 784 0.8948 700.0000
772 792 0.5398 700.0000
772 793 0.8875 700.0000
772 794 0.5897 700.0000
772 795 0.4884 700.0000
772 796 0.5576 700.0000
772 799 0.6958 700.0000
773 775 0.7508 700.0000
773 795 0.6576 700.0000
773 796 0.5107 700.0000
773 797 0.6553 700.0000
773 798 0.6755 700.0000
773 799 0.6481 700.0000
774 776 0.6813 700.0000
774 778 0.6522 700.0000
774 782 0.8690 700.0000
774 795 0.5551 700.0000
774 796 0.5778 700.0000
774 797 0.7192 700.0000
774 806 0.8127 700.0000
775 777 0.4898 700.0000
775 778 0.5092 700.0000
776 778 0.5670 700.0000
777 779 0.7270 700.0000
778 780 0.5704 700.0000
778 781 0.6793 700.0000
778 782 0.6938 700.0000
778 795 0.7678 700.0000
778 806 0.8871 700.0000
778 808 0.7446 700.0000
779 781 0.7385 700.0000
779 808 0.6425 700.0000
780 782 0.6240 700.0000
780 783 0.8621 700.0000
780 791 0.8924 700.0000
780 808 0.5218 700.0000
781 783 0.6851 700.0000
781 791 0.6084 700.0000
781 792 0.5585 700.0000
781 793 0.6822 700.0000
781 794 0.6461 700.0000
781 795 0.7000 700.0000
781 806 0.8813 700.0000
781 807 0.8805 700.0000
781 808 0.5624 700.0000
782 784 0.7004 700.0000
782 785 0.8627 700.0000
782 791 0.6159 700.0000
782 792 0.4592 700.0000
782 793 0.8840 700.0000
782 794 0.8029 700.0000
782 795 0.7764 700.0000
783 785 0.5054 700.0000
783 786 0.6396 700.0000
783 787 0.6786 700.0000
783 788 0.5366 700.0000
783 789 0.7677 700.0000
783 790 0.7348 700.0000
783 791 0.5521 700.0000
783 792 0.5837 700.0000
784 786 0.7825 700.0000
784 787 0.8797 700.0000
784 788 0.6479 700.0000
784 789 0.8848 700.0000
784 790 0.5930 700.0000
784 791 0.5021 700.0000
784 792 0.5046 700.0000
785 787 0.5293 700.0000
785 788 0.4419 700.0000
785 789 0.8445 700.0000
785 790 0.7664 700.0000
785 791 0.8219 700.0000
785 792 0.8865 700.0000
786 788 0.5769 700.0000
787 789 0.6342 700.0000
787 790 0.8621 700.0000
788 790 0.5551 700.0000
788 791 0.7314 700.0000
789 791 0.7096 700.0000
790 792 0.8006 700.0000
791 793 0.6054 700.0000
791 794 0.8688 700.0000
792 794 0.5994 700.0000
792 795 0.7698 700.0000
793 795 0.8341 700.0000
793 807 0.8364 700.0000
793 808 0.8850 700.0000
793 812 0.7037 700.0000
794 796 0.6590 700.0000
794 805 0.6928 700.0000
794 806 0.5861 700.0000
794 807 0.6439 700.0000
794 808 0.7361 700.0000
794 812 0.8191 700.0000
795 797 0.7948 700.0000
795 804 0.8066 700.0000
795 805 0.6645 700.0000
795 806 0.4159 700.0000
795 807 0.7255 700.0000
795 808 0.7259 700.0000
796 798 0.6014 700.0000
796 799 0.5981 700.0000
796 801 0.8457 700.0000
796 802 0.6404 700.0000
796 803 0.8973 700.0000
796 804 0.5888 700.0000
796 805 0.5568 700.0000
796 806 0.6524 700.0000
797 799 0.7293 700.0000
797 800 0.8578 700.0000
797 801 0.6689 700.0000
797 802 0.6096 700.0000
797 803 0.6334 700.0000
797 804 0.4573 700.0000
797 805 0.7285 700.0000
797 806 0.8905 700.0000
798 800 0.4529 700.0000
798 801 0.4010 700.0000
798 802 0.5442 700.0000
798 803 0.7819 700.0000
798 804 0.8229 700.0000
799 801 0.6257 700.0000
799 802 0.6313 700.0000
800 802 0.6136 700.0000
801 803 0.6287 700.0000
801 804 0.8941 700.0000
802 804 0.6636 700.0000
802 805 0.6225 700.0000
803 805 0.7593 700.0000
804 806 0.6864 700.0000
805 807 0.7791 700.0000
806 808 0.5950 700.0000
807 809 0.5324 700.0000
807 810 0.6932 700.0000
807 812 0.5385 700.0000
807 813 0.7581 700.0000
808 812 0.8191 700.0000
809 811 0.5131 700.0000
809 812 0.4405 700.0000
809 813 0.7025 700.0000
810 812 0.5474 700.0000
810 813 0.4744 700.0000
810 814 0.8336 700.0000
811 813 0.6741 700.0000
813 815 0.6486 700.0000
814 816 0.5575 700.0000
815 817 0.7624 700.0000
815 818 0.8659 700.0000
817 819 0.6549 700.0000
818 820 0.6012 700.0000
818 821 0.8774 700.0000
819 821 0.6909 700.0000
820 822 0.7710 700.0000
821 823 0.7934 700.0000
