i	j	b_idx	d[nm]	k[kJ/mol/nm^2]
1	2	0	0.6138	8033.0000
2	3	1	0.5924	8033.0000
3	4	2	0.3646	8033.0000
4	5	3	0.3959	8033.0000
5	6	4	0.4661	8033.0000
6	7	5	0.4004	8033.0000
7	8	6	0.3727	8033.0000
8	9	7	0.4257	8033.0000
9	10	8	0.3506	8033.0000
10	11	9	0.4110	8033.0000
11	12	10	0.5484	8033.0000
12	13	11	0.5160	8033.0000
13	14	12	0.5608	8033.0000
14	15	13	0.5426	8033.0000
15	16	14	0.4522	8033.0000
16	17	15	0.5940	8033.0000
17	18	16	0.5944	8033.0000
18	19	17	0.3594	8033.0000
19	20	18	0.4053	8033.0000
20	21	19	0.4171	8033.0000
21	22	20	0.4191	8033.0000
22	23	21	0.4810	8033.0000
23	24	22	0.4355	8033.0000
24	25	23	0.5688	8033.0000
25	26	24	0.4665	8033.0000
26	27	25	0.4840	8033.0000
27	28	26	0.4306	8033.0000
28	29	27	0.4304	8033.0000
29	30	28	0.4983	8033.0000
30	31	29	0.4344	8033.0000
31	32	30	0.4058	8033.0000
32	33	31	0.3685	8033.0000
33	34	32	0.4924	8033.0000
34	35	33	0.5087	8033.0000
35	36	34	0.4715	8033.0000
36	37	35	0.5162	8033.0000
37	38	36	0.4638	8033.0000
38	39	37	0.4971	8033.0000
39	40	38	0.5518	8033.0000
40	41	39	0.5737	8033.0000
41	42	40	0.3451	8033.0000
42	43	41	0.4630	8033.0000
43	44	42	0.4109	8033.0000
44	45	43	0.5565	8033.0000
45	46	44	0.4731	8033.0000
46	47	45	0.4457	8033.0000
47	48	46	0.5485	8033.0000
48	49	47	0.4950	8033.0000
49	50	48	0.6697	8033.0000
50	51	49	0.4585	8033.0000
51	52	50	0.3173	8033.0000
52	53	51	0.3543	8033.0000
53	54	52	0.3579	8033.0000
54	55	53	0.5788	8033.0000
55	56	54	0.5310	8033.0000
56	57	55	0.5498	8033.0000
57	58	56	0.6506	8033.0000
58	59	57	0.5463	8033.0000
59	60	58	0.4309	8033.0000
60	61	59	0.5079	8033.0000
61	62	60	0.4518	8033.0000
62	63	61	0.4256	8033.0000
63	64	62	0.4225	8033.0000
64	65	63	0.5555	8033.0000
65	66	64	0.3566	8033.0000
66	67	65	0.4018	8033.0000
67	68	66	0.3996	8033.0000
68	69	67	0.4201	8033.0000
69	70	68	0.4489	8033.0000
70	71	69	0.5306	8033.0000
71	72	70	0.3556	8033.0000
72	73	71	0.4412	8033.0000
73	74	72	0.4325	8033.0000
74	75	73	0.5964	8033.0000
75	76	74	0.4202	8033.0000
76	77	75	0.3833	8033.0000
77	78	76	0.4026	8033.0000
78	79	77	0.4913	8033.0000
79	80	78	0.6149	8033.0000
80	81	79	0.5214	8033.0000
81	82	80	0.5021	8033.0000
82	83	81	0.5172	8033.0000
83	84	82	0.5659	8033.0000
84	85	83	0.5103	8033.0000
85	86	84	0.6178	8033.0000
86	87	85	0.4457	8033.0000
87	88	86	0.5042	8033.0000
88	89	87	0.5637	8033.0000
89	90	88	0.4568	8033.0000
90	91	89	0.3968	8033.0000
91	92	90	0.3517	8033.0000
92	93	91	0.5217	8033.0000
93	94	92	0.7495	8033.0000
94	95	93	0.6935	8033.0000
95	96	94	0.6566	8033.0000
96	97	95	0.4799	8033.0000
97	98	96	0.3443	8033.0000
98	99	97	0.4152	8033.0000
99	100	98	0.4085	8033.0000
100	101	99	0.4057	8033.0000
101	102	100	0.4290	8033.0000
102	103	101	0.6212	8033.0000
103	104	102	0.4666	8033.0000
104	105	103	0.5418	8033.0000
105	106	104	0.5834	8033.0000
106	107	105	0.5219	8033.0000
107	108	106	0.5304	8033.0000
108	109	107	0.4626	8033.0000
109	110	108	0.6069	8033.0000
110	111	109	0.5198	8033.0000
111	112	110	0.4885	8033.0000
112	113	111	0.5214	8033.0000
113	114	112	0.5534	8033.0000
114	115	113	0.5529	8033.0000
115	116	114	0.4656	8033.0000
116	117	115	0.5391	8033.0000
117	118	116	0.4965	8033.0000
118	119	117	0.4003	8033.0000
119	120	118	0.4778	8033.0000
120	121	119	0.4254	8033.0000
121	122	120	0.5478	8033.0000
122	123	121	0.5254	8033.0000
123	124	122	0.4699	8033.0000
124	125	123	0.3939	8033.0000
125	126	124	0.4326	8033.0000
126	127	125	0.4930	8033.0000
127	128	126	0.4222	8033.0000
128	129	127	0.4095	8033.0000
129	130	128	0.4618	8033.0000
130	131	129	0.3740	8033.0000
131	132	130	0.3914	8033.0000
132	133	131	0.4010	8033.0000
133	134	132	0.5045	8033.0000
134	135	133	0.4863	8033.0000
135	136	134	0.4323	8033.0000
136	137	135	0.4772	8033.0000
137	138	136	0.5305	8033.0000
138	139	137	0.5739	8033.0000
139	140	138	0.4038	8033.0000
140	141	139	0.6181	8033.0000
141	142	140	0.4379	8033.0000
142	143	141	0.4460	8033.0000
143	144	142	0.6021	8033.0000
144	145	143	0.4637	8033.0000
145	146	144	0.4454	8033.0000
146	147	145	0.4840	8033.0000
147	148	146	0.4674	8033.0000
148	149	147	0.5083	8033.0000
149	150	148	0.4980	8033.0000
150	151	149	0.7232	8033.0000
151	152	150	0.5994	8033.0000
152	153	151	0.4903	8033.0000
153	154	152	0.4073	8033.0000
154	155	153	0.4252	8033.0000
155	156	154	0.5231	8033.0000
156	157	155	0.6156	8033.0000
157	158	156	0.5314	8033.0000
158	159	157	0.5364	8033.0000
159	160	158	0.5162	8033.0000
160	161	159	0.4707	8033.0000
161	162	160	0.5030	8033.0000
162	163	161	0.5157	8033.0000
163	164	162	0.5478	8033.0000
164	165	163	0.4599	8033.0000
165	166	164	0.5822	8033.0000
166	167	165	0.5940	8033.0000
167	168	166	0.4713	8033.0000
168	169	167	0.6236	8033.0000
169	170	168	0.3739	8033.0000
170	171	169	0.4364	8033.0000
171	172	170	0.4765	8033.0000
172	173	171	0.4957	8033.0000
173	174	172	0.6099	8033.0000
174	175	173	0.5317	8033.0000
175	176	174	0.5156	8033.0000
176	177	175	0.5356	8033.0000
177	178	176	0.4668	8033.0000
178	179	177	0.4331	8033.0000
179	180	178	0.5793	8033.0000
180	181	179	0.4295	8033.0000
181	182	180	0.5976	8033.0000
182	183	181	0.5602	8033.0000
183	184	182	0.5687	8033.0000
184	185	183	0.4983	8033.0000
185	186	184	0.5853	8033.0000
186	187	185	0.6405	8033.0000
187	188	186	0.3934	8033.0000
188	189	187	0.3800	8033.0000
189	190	188	0.3800	8033.0000
190	191	189	0.3800	8033.0000
191	192	190	0.3800	8033.0000
192	193	191	0.3800	8033.0000
193	194	192	0.3800	8033.0000
194	195	193	0.3800	8033.0000
195	196	194	0.3800	8033.0000
196	197	195	0.3800	8033.0000
197	198	196	0.3800	8033.0000
198	199	197	0.3800	8033.0000
199	200	198	0.3800	8033.0000
200	201	199	0.3800	8033.0000
201	202	200	0.3800	8033.0000
202	203	201	0.3800	8033.0000
203	204	202	0.3800	8033.0000
204	205	203	0.3800	8033.0000
205	206	204	0.3800	8033.0000
206	207	205	0.3800	8033.0000
207	208	206	0.3800	8033.0000
208	209	207	0.3800	8033.0000
209	210	208	0.3800	8033.0000
210	211	209	0.3800	8033.0000
211	212	210	0.3800	8033.0000
212	213	211	0.3663	8033.0000
213	214	212	0.4824	8033.0000
214	215	213	0.4011	8033.0000
215	216	214	0.3602	8033.0000
216	217	215	0.4491	8033.0000
217	218	216	0.7353	8033.0000
218	219	217	0.5610	8033.0000
219	220	218	0.5876	8033.0000
220	221	219	0.5012	8033.0000
221	222	220	0.4493	8033.0000
222	223	221	0.3794	8033.0000
223	224	222	0.3952	8033.0000
224	225	223	0.4747	8033.0000
225	226	224	0.6339	8033.0000
226	227	225	0.5462	8033.0000
227	228	226	0.5102	8033.0000
228	229	227	0.4132	8033.0000
229	230	228	0.3917	8033.0000
230	231	229	0.3980	8033.0000
231	232	230	0.4707	8033.0000
232	233	231	0.4819	8033.0000
233	234	232	0.4586	8033.0000
234	235	233	0.4270	8033.0000
235	236	234	0.5638	8033.0000
236	237	235	0.5839	8033.0000
237	238	236	0.4811	8033.0000
238	239	237	0.4163	8033.0000
239	240	238	0.4850	8033.0000
240	241	239	0.4384	8033.0000
241	242	240	0.4661	8033.0000
242	243	241	0.5038	8033.0000
243	244	242	0.4320	8033.0000
244	245	243	0.4282	8033.0000
245	246	244	0.3598	8033.0000
246	247	245	0.4142	8033.0000
247	248	246	0.4106	8033.0000
248	249	247	0.4513	8033.0000
249	250	248	0.6390	8033.0000
250	251	249	0.5138	8033.0000
251	252	250	0.5349	8033.0000
252	253	251	0.5730	8033.0000
253	254	252	0.3364	8033.0000
254	255	253	0.4006	8033.0000
255	256	254	0.4186	8033.0000
256	257	255	0.5599	8033.0000
257	258	256	0.4533	8033.0000
258	259	257	0.4028	8033.0000
259	260	258	0.4638	8033.0000
260	261	259	0.5408	8033.0000
261	262	260	0.5218	8033.0000
262	263	261	0.4744	8033.0000
263	264	262	0.3251	8033.0000
264	265	263	0.4798	8033.0000
265	266	264	0.5350	8033.0000
266	267	265	0.5065	8033.0000
267	268	266	0.4992	8033.0000
268	269	267	0.6265	8033.0000
269	270	268	0.6032	8033.0000
270	271	269	0.5175	8033.0000
271	272	270	0.4474	8033.0000
272	273	271	0.4837	8033.0000
273	274	272	0.5555	8033.0000
274	275	273	0.5354	8033.0000
275	276	274	0.4397	8033.0000
276	277	275	0.5521	8033.0000
277	278	276	0.7444	8033.0000
278	279	277	0.6857	8033.0000
279	280	278	0.5036	8033.0000
280	281	279	0.5290	8033.0000
281	282	280	0.5644	8033.0000
282	283	281	0.5365	8033.0000
283	284	282	0.4799	8033.0000
284	285	283	0.4644	8033.0000
285	286	284	0.3169	8033.0000
286	287	285	0.3615	8033.0000
287	288	286	0.2993	8033.0000
288	289	287	0.4190	8033.0000
289	290	288	0.5982	8033.0000
290	291	289	0.6090	8033.0000
291	292	290	0.6929	8033.0000
292	293	291	0.5016	8033.0000
293	294	292	0.4865	8033.0000
294	295	293	0.4957	8033.0000
295	296	294	0.4940	8033.0000
296	297	295	0.4871	8033.0000
297	298	296	0.5575	8033.0000
298	299	297	0.4597	8033.0000
299	300	298	0.4617	8033.0000
300	301	299	0.3524	8033.0000
301	302	300	0.3496	8033.0000
302	303	301	0.5298	8033.0000
303	304	302	0.4122	8033.0000
304	305	303	0.5705	8033.0000
305	306	304	0.5125	8033.0000
306	307	305	0.3797	8033.0000
307	308	306	0.4308	8033.0000
308	309	307	0.4142	8033.0000
309	310	308	0.4062	8033.0000
310	311	309	0.4325	8033.0000
311	312	310	0.4330	8033.0000
312	313	311	0.5295	8033.0000
313	314	312	0.5681	8033.0000
314	315	313	0.5272	8033.0000
315	316	314	0.5490	8033.0000
316	317	315	0.6299	8033.0000
317	318	316	0.4835	8033.0000
318	319	317	0.5641	8033.0000
319	320	318	0.5384	8033.0000
320	321	319	0.6311	8033.0000
321	322	320	0.3618	8033.0000
322	323	321	0.4417	8033.0000
323	324	322	0.4637	8033.0000
324	325	323	0.4903	8033.0000
325	326	324	0.3837	8033.0000
326	327	325	0.3978	8033.0000
327	328	326	0.4180	8033.0000
328	329	327	0.4730	8033.0000
329	330	328	0.3692	8033.0000
330	331	329	0.3921	8033.0000
331	332	330	0.4076	8033.0000
332	333	331	0.5056	8033.0000
333	334	332	0.4167	8033.0000
334	335	333	0.6376	8033.0000
335	336	334	0.6221	8033.0000
336	337	335	0.3777	8033.0000
337	338	336	0.5083	8033.0000
338	339	337	0.4347	8033.0000
339	340	338	0.5626	8033.0000
340	341	339	0.4053	8033.0000
341	342	340	0.4922	8033.0000
342	343	341	0.4809	8033.0000
343	344	342	0.4046	8033.0000
344	345	343	0.4696	8033.0000
345	346	344	0.4854	8033.0000
346	347	345	0.4827	8033.0000
347	348	346	0.3958	8033.0000
348	349	347	0.5792	8033.0000
349	350	348	0.4987	8033.0000
350	351	349	0.6445	8033.0000
351	352	350	0.4782	8033.0000
352	353	351	0.5007	8033.0000
353	354	352	0.5340	8033.0000
354	355	353	0.5545	8033.0000
355	356	354	0.3415	8033.0000
356	357	355	0.4251	8033.0000
357	358	356	0.4451	8033.0000
358	359	357	0.5063	8033.0000
359	360	358	0.4158	8033.0000
360	361	359	0.4297	8033.0000
361	362	360	0.6645	8033.0000
362	363	361	0.4649	8033.0000
363	364	362	0.5811	8033.0000
364	365	363	0.4631	8033.0000
365	366	364	0.4354	8033.0000
366	367	365	0.4428	8033.0000
367	368	366	0.6259	8033.0000
368	369	367	0.4924	8033.0000
369	370	368	0.4469	8033.0000
370	371	369	0.4779	8033.0000
371	372	370	0.4825	8033.0000
372	373	371	0.4938	8033.0000
373	374	372	0.4420	8033.0000
374	375	373	0.5032	8033.0000
375	376	374	0.4808	8033.0000
376	377	375	0.7934	8033.0000
377	378	376	0.4768	8033.0000
378	379	377	0.3867	8033.0000
379	380	378	0.5612	8033.0000
380	381	379	0.5492	8033.0000
381	382	380	0.6493	8033.0000
382	383	381	0.5650	8033.0000
383	384	382	0.7952	8033.0000
384	385	383	0.5020	8033.0000
