i	j	b_idx	d[nm]	k[kJ/mol/nm^2]
1	2	0	0.7069	8033.0000
2	3	1	0.5228	8033.0000
3	4	2	0.4719	8033.0000
4	5	3	0.5593	8033.0000
5	6	4	0.5674	8033.0000
6	7	5	0.6069	8033.0000
7	8	6	0.4399	8033.0000
8	9	7	0.4519	8033.0000
9	10	8	0.4321	8033.0000
10	11	9	0.3420	8033.0000
11	12	10	0.4468	8033.0000
12	13	11	0.3605	8033.0000
13	14	12	0.4535	8033.0000
14	15	13	0.4721	8033.0000
15	16	14	0.4620	8033.0000
16	17	15	0.4784	8033.0000
17	18	16	0.5254	8033.0000
18	19	17	0.5664	8033.0000
19	20	18	0.4563	8033.0000
20	21	19	0.4676	8033.0000
21	22	20	0.4669	8033.0000
22	23	21	0.4902	8033.0000
23	24	22	0.4424	8033.0000
24	25	23	0.6867	8033.0000
25	26	24	0.4251	8033.0000
26	27	25	0.4232	8033.0000
27	28	26	0.4465	8033.0000
28	29	27	0.4724	8033.0000
29	30	28	0.4035	8033.0000
30	31	29	0.4410	8033.0000
31	32	30	0.4964	8033.0000
32	33	31	0.3602	8033.0000
33	34	32	0.3943	8033.0000
34	35	33	0.3919	8033.0000
35	36	34	0.4231	8033.0000
36	37	35	0.4823	8033.0000
37	38	36	0.5243	8033.0000
38	39	37	0.5168	8033.0000
39	40	38	0.5194	8033.0000
40	41	39	0.6429	8033.0000
41	42	40	0.4437	8033.0000
42	43	41	0.3169	8033.0000
43	44	42	0.4514	8033.0000
44	45	43	0.4202	8033.0000
45	46	44	0.3562	8033.0000
46	47	45	0.3511	8033.0000
47	48	46	0.3991	8033.0000
48	49	47	0.5060	8033.0000
49	50	48	0.5529	8033.0000
50	51	49	0.4896	8033.0000
51	52	50	0.3642	8033.0000
52	53	51	0.3002	8033.0000
53	54	52	0.3564	8033.0000
54	55	53	0.4503	8033.0000
55	56	54	0.5967	8033.0000
56	57	55	0.4995	8033.0000
57	58	56	0.4759	8033.0000
58	59	57	0.4499	8033.0000
59	60	58	0.4521	8033.0000
60	61	59	0.4781	8033.0000
61	62	60	0.6182	8033.0000
62	63	61	0.5085	8033.0000
63	64	62	0.4680	8033.0000
64	65	63	0.5778	8033.0000
65	66	64	0.6445	8033.0000
66	67	65	0.4044	8033.0000
67	68	66	0.4665	8033.0000
68	69	67	0.5612	8033.0000
69	70	68	0.5660	8033.0000
70	71	69	0.4726	8033.0000
71	72	70	0.3878	8033.0000
72	73	71	0.4394	8033.0000
73	74	72	0.3329	8033.0000
74	75	73	0.4421	8033.0000
75	76	74	0.4077	8033.0000
76	77	75	0.4345	8033.0000
77	78	76	0.4289	8033.0000
78	79	77	0.4470	8033.0000
79	80	78	0.5484	8033.0000
80	81	79	0.3121	8033.0000
81	82	80	0.4599	8033.0000
82	83	81	0.5877	8033.0000
83	84	82	0.4327	8033.0000
84	85	83	0.3269	8033.0000
85	86	84	0.6670	8033.0000
86	87	85	0.4996	8033.0000
87	88	86	0.5409	8033.0000
88	89	87	0.4455	8033.0000
89	90	88	0.4829	8033.0000
90	91	89	0.5479	8033.0000
91	92	90	0.4128	8033.0000
92	93	91	0.3640	8033.0000
93	94	92	0.3502	8033.0000
94	95	93	0.5626	8033.0000
95	96	94	0.8676	8033.0000
96	97	95	0.4126	8033.0000
97	98	96	0.3541	8033.0000
98	99	97	0.4144	8033.0000
99	100	98	0.6553	8033.0000
100	101	99	0.5486	8033.0000
101	102	100	0.3377	8033.0000
102	103	101	0.6138	8033.0000
103	104	102	0.5728	8033.0000
104	105	103	0.4831	8033.0000
105	106	104	0.6293	8033.0000
106	107	105	0.4258	8033.0000
107	108	106	0.5559	8033.0000
108	109	107	0.6024	8033.0000
109	110	108	0.7407	8033.0000
110	111	109	0.5336	8033.0000
111	112	110	0.3878	8033.0000
112	113	111	0.4794	8033.0000
113	114	112	0.5243	8033.0000
114	115	113	0.4695	8033.0000
115	116	114	0.4324	8033.0000
116	117	115	0.4784	8033.0000
117	118	116	0.4865	8033.0000
118	119	117	0.4658	8033.0000
119	120	118	0.4304	8033.0000
120	121	119	0.6749	8033.0000
121	122	120	0.4281	8033.0000
122	123	121	0.6475	8033.0000
123	124	122	0.5894	8033.0000
124	125	123	0.7547	8033.0000
125	126	124	0.5548	8033.0000
126	127	125	0.4686	8033.0000
127	128	126	0.3862	8033.0000
128	129	127	0.4052	8033.0000
129	130	128	0.4109	8033.0000
130	131	129	0.4099	8033.0000
131	132	130	0.4168	8033.0000
132	133	131	0.4490	8033.0000
133	134	132	0.4377	8033.0000
134	135	133	0.3504	8033.0000
135	136	134	0.3952	8033.0000
136	137	135	0.4487	8033.0000
137	138	136	0.5931	8033.0000
138	139	137	0.4980	8033.0000
139	140	138	0.3930	8033.0000
140	141	139	0.5323	8033.0000
141	142	140	0.4012	8033.0000
142	143	141	0.4915	8033.0000
143	144	142	0.6465	8033.0000
144	145	143	0.4049	8033.0000
145	146	144	0.4870	8033.0000
146	147	145	0.5204	8033.0000
147	148	146	0.4482	8033.0000
148	149	147	0.4669	8033.0000
149	150	148	0.4124	8033.0000
150	151	149	0.4026	8033.0000
151	152	150	0.3972	8033.0000
152	153	151	0.6026	8033.0000
153	154	152	0.5034	8033.0000
154	155	153	0.6099	8033.0000
155	156	154	0.3953	8033.0000
156	157	155	0.7050	8033.0000
157	158	156	0.6262	8033.0000
158	159	157	0.5316	8033.0000
159	160	158	0.5634	8033.0000
160	161	159	0.4916	8033.0000
161	162	160	0.5108	8033.0000
162	163	161	0.3771	8033.0000
163	164	162	0.5420	8033.0000
164	165	163	0.4643	8033.0000
165	166	164	0.4523	8033.0000
166	167	165	0.5607	8033.0000
167	168	166	0.5744	8033.0000
168	169	167	0.5256	8033.0000
169	170	168	0.6354	8033.0000
170	171	169	0.4940	8033.0000
171	172	170	0.4729	8033.0000
172	173	171	0.3901	8033.0000
173	174	172	0.4349	8033.0000
174	175	173	0.5235	8033.0000
175	176	174	0.5378	8033.0000
176	177	175	0.5691	8033.0000
177	178	176	0.4406	8033.0000
178	179	177	0.4871	8033.0000
179	180	178	0.5172	8033.0000
180	181	179	0.4659	8033.0000
181	182	180	0.5759	8033.0000
182	183	181	0.5000	8033.0000
183	184	182	0.4808	8033.0000
184	185	183	0.3883	8033.0000
185	186	184	0.4759	8033.0000
186	187	185	0.5499	8033.0000
187	188	186	0.4306	8033.0000
188	189	187	0.4129	8033.0000
189	190	188	0.7047	8033.0000
190	191	189	0.3800	8033.0000
191	192	190	0.3800	8033.0000
192	193	191	0.3800	8033.0000
193	194	192	0.3800	8033.0000
194	195	193	0.3800	8033.0000
195	196	194	0.3800	8033.0000
196	197	195	0.3800	8033.0000
197	198	196	0.3800	8033.0000
198	199	197	0.3800	8033.0000
199	200	198	0.3800	8033.0000
200	201	199	0.3800	8033.0000
201	202	200	0.3800	8033.0000
202	203	201	0.3800	8033.0000
203	204	202	0.3800	8033.0000
204	205	203	0.3800	8033.0000
205	206	204	0.3800	8033.0000
206	207	205	0.3800	8033.0000
207	208	206	0.3800	8033.0000
208	209	207	0.3800	8033.0000
209	210	208	0.3800	8033.0000
210	211	209	0.3800	8033.0000
211	212	210	0.3800	8033.0000
212	213	211	0.3800	8033.0000
213	214	212	0.3924	8033.0000
214	215	213	0.7306	8033.0000
215	216	214	0.6138	8033.0000
216	217	215	0.5924	8033.0000
217	218	216	0.3646	8033.0000
218	219	217	0.3959	8033.0000
219	220	218	0.4661	8033.0000
220	221	219	0.4004	8033.0000
221	222	220	0.3727	8033.0000
222	223	221	0.4257	8033.0000
223	224	222	0.3506	8033.0000
224	225	223	0.4110	8033.0000
225	226	224	0.5484	8033.0000
226	227	225	0.5160	8033.0000
227	228	226	0.5608	8033.0000
228	229	227	0.5426	8033.0000
229	230	228	0.4522	8033.0000
230	231	229	0.5940	8033.0000
231	232	230	0.5944	8033.0000
232	233	231	0.3594	8033.0000
233	234	232	0.4053	8033.0000
234	235	233	0.4171	8033.0000
235	236	234	0.4191	8033.0000
236	237	235	0.4810	8033.0000
237	238	236	0.4355	8033.0000
238	239	237	0.5688	8033.0000
239	240	238	0.4665	8033.0000
240	241	239	0.4840	8033.0000
241	242	240	0.4306	8033.0000
242	243	241	0.4304	8033.0000
243	244	242	0.4983	8033.0000
244	245	243	0.4344	8033.0000
245	246	244	0.4058	8033.0000
246	247	245	0.3685	8033.0000
247	248	246	0.4924	8033.0000
248	249	247	0.5087	8033.0000
249	250	248	0.4715	8033.0000
250	251	249	0.5162	8033.0000
251	252	250	0.4638	8033.0000
252	253	251	0.4971	8033.0000
253	254	252	0.5518	8033.0000
254	255	253	0.5737	8033.0000
255	256	254	0.3451	8033.0000
256	257	255	0.4630	8033.0000
257	258	256	0.4109	8033.0000
258	259	257	0.5565	8033.0000
259	260	258	0.4731	8033.0000
260	261	259	0.4457	8033.0000
261	262	260	0.5485	8033.0000
262	263	261	0.4950	8033.0000
263	264	262	0.6697	8033.0000
264	265	263	0.4585	8033.0000
265	266	264	0.3174	8033.0000
266	267	265	0.3543	8033.0000
267	268	266	0.3579	8033.0000
268	269	267	0.5788	8033.0000
269	270	268	0.5310	8033.0000
270	271	269	0.5498	8033.0000
271	272	270	0.6506	8033.0000
272	273	271	0.5463	8033.0000
273	274	272	0.4309	8033.0000
274	275	273	0.5079	8033.0000
275	276	274	0.4518	8033.0000
276	277	275	0.4256	8033.0000
277	278	276	0.4225	8033.0000
278	279	277	0.5555	8033.0000
279	280	278	0.3566	8033.0000
280	281	279	0.4018	8033.0000
281	282	280	0.3996	8033.0000
282	283	281	0.4201	8033.0000
283	284	282	0.4489	8033.0000
284	285	283	0.5306	8033.0000
285	286	284	0.3556	8033.0000
286	287	285	0.4412	8033.0000
287	288	286	0.4325	8033.0000
288	289	287	0.5964	8033.0000
289	290	288	0.4202	8033.0000
290	291	289	0.3833	8033.0000
291	292	290	0.4026	8033.0000
292	293	291	0.4913	8033.0000
293	294	292	0.6149	8033.0000
294	295	293	0.5214	8033.0000
295	296	294	0.5021	8033.0000
296	297	295	0.5172	8033.0000
297	298	296	0.5659	8033.0000
298	299	297	0.5103	8033.0000
299	300	298	0.6178	8033.0000
300	301	299	0.4457	8033.0000
301	302	300	0.5042	8033.0000
302	303	301	0.5637	8033.0000
303	304	302	0.4568	8033.0000
304	305	303	0.3968	8033.0000
305	306	304	0.3517	8033.0000
306	307	305	0.5217	8033.0000
307	308	306	0.7495	8033.0000
308	309	307	0.6935	8033.0000
309	310	308	0.6566	8033.0000
310	311	309	0.4799	8033.0000
311	312	310	0.3443	8033.0000
312	313	311	0.4152	8033.0000
313	314	312	0.4085	8033.0000
314	315	313	0.4057	8033.0000
315	316	314	0.4290	8033.0000
316	317	315	0.6212	8033.0000
317	318	316	0.4666	8033.0000
318	319	317	0.5418	8033.0000
319	320	318	0.5834	8033.0000
320	321	319	0.5219	8033.0000
321	322	320	0.5304	8033.0000
322	323	321	0.4626	8033.0000
323	324	322	0.6069	8033.0000
324	325	323	0.5198	8033.0000
325	326	324	0.4885	8033.0000
326	327	325	0.5214	8033.0000
327	328	326	0.5534	8033.0000
328	329	327	0.5529	8033.0000
329	330	328	0.4656	8033.0000
330	331	329	0.5391	8033.0000
331	332	330	0.4965	8033.0000
332	333	331	0.4003	8033.0000
333	334	332	0.4778	8033.0000
334	335	333	0.4254	8033.0000
335	336	334	0.5478	8033.0000
336	337	335	0.5254	8033.0000
337	338	336	0.4699	8033.0000
338	339	337	0.3939	8033.0000
339	340	338	0.4326	8033.0000
340	341	339	0.4930	8033.0000
341	342	340	0.4222	8033.0000
342	343	341	0.4095	8033.0000
343	344	342	0.4618	8033.0000
344	345	343	0.3740	8033.0000
345	346	344	0.3914	8033.0000
346	347	345	0.4010	8033.0000
347	348	346	0.5045	8033.0000
348	349	347	0.4863	8033.0000
349	350	348	0.4323	8033.0000
350	351	349	0.4772	8033.0000
351	352	350	0.5305	8033.0000
352	353	351	0.5739	8033.0000
353	354	352	0.4038	8033.0000
354	355	353	0.6181	8033.0000
355	356	354	0.4379	8033.0000
356	357	355	0.4460	8033.0000
357	358	356	0.6021	8033.0000
358	359	357	0.4637	8033.0000
359	360	358	0.4454	8033.0000
360	361	359	0.4840	8033.0000
361	362	360	0.4674	8033.0000
362	363	361	0.5083	8033.0000
363	364	362	0.4980	8033.0000
364	365	363	0.7232	8033.0000
365	366	364	0.5994	8033.0000
366	367	365	0.4903	8033.0000
367	368	366	0.4073	8033.0000
368	369	367	0.4252	8033.0000
369	370	368	0.5231	8033.0000
370	371	369	0.6156	8033.0000
371	372	370	0.5314	8033.0000
372	373	371	0.5364	8033.0000
373	374	372	0.5162	8033.0000
374	375	373	0.4707	8033.0000
375	376	374	0.5030	8033.0000
376	377	375	0.5157	8033.0000
377	378	376	0.5478	8033.0000
378	379	377	0.4599	8033.0000
379	380	378	0.5822	8033.0000
380	381	379	0.5940	8033.0000
381	382	380	0.4713	8033.0000
382	383	381	0.6236	8033.0000
383	384	382	0.3739	8033.0000
384	385	383	0.4364	8033.0000
385	386	384	0.4765	8033.0000
386	387	385	0.4957	8033.0000
387	388	386	0.6099	8033.0000
388	389	387	0.5317	8033.0000
389	390	388	0.5156	8033.0000
390	391	389	0.5356	8033.0000
391	392	390	0.4668	8033.0000
392	393	391	0.4331	8033.0000
393	394	392	0.5793	8033.0000
394	395	393	0.4295	8033.0000
395	396	394	0.5976	8033.0000
396	397	395	0.5602	8033.0000
397	398	396	0.5687	8033.0000
398	399	397	0.4983	8033.0000
399	400	398	0.5853	8033.0000
400	401	399	0.6405	8033.0000
401	402	400	0.3934	8033.0000
402	403	401	0.3800	8033.0000
403	404	402	0.3800	8033.0000
404	405	403	0.3800	8033.0000
405	406	404	0.3800	8033.0000
406	407	405	0.3800	8033.0000
407	408	406	0.3800	8033.0000
408	409	407	0.3800	8033.0000
409	410	408	0.3800	8033.0000
410	411	409	0.3800	8033.0000
411	412	410	0.3800	8033.0000
412	413	411	0.3800	8033.0000
413	414	412	0.3800	8033.0000
414	415	413	0.3800	8033.0000
415	416	414	0.3800	8033.0000
416	417	415	0.3800	8033.0000
417	418	416	0.3800	8033.0000
418	419	417	0.3800	8033.0000
419	420	418	0.3800	8033.0000
420	421	419	0.3800	8033.0000
421	422	420	0.3800	8033.0000
422	423	421	0.3800	8033.0000
423	424	422	0.3800	8033.0000
424	425	423	0.3800	8033.0000
425	426	424	0.3800	8033.0000
426	427	425	0.3663	8033.0000
427	428	426	0.4824	8033.0000
428	429	427	0.4011	8033.0000
429	430	428	0.3602	8033.0000
430	431	429	0.4491	8033.0000
431	432	430	0.7353	8033.0000
432	433	431	0.5610	8033.0000
433	434	432	0.5876	8033.0000
434	435	433	0.5012	8033.0000
435	436	434	0.4493	8033.0000
436	437	435	0.3794	8033.0000
437	438	436	0.3952	8033.0000
438	439	437	0.4747	8033.0000
439	440	438	0.6339	8033.0000
440	441	439	0.5462	8033.0000
441	442	440	0.5102	8033.0000
442	443	441	0.4132	8033.0000
443	444	442	0.3917	8033.0000
444	445	443	0.3980	8033.0000
445	446	444	0.4707	8033.0000
446	447	445	0.4819	8033.0000
447	448	446	0.4586	8033.0000
448	449	447	0.4270	8033.0000
449	450	448	0.5638	8033.0000
450	451	449	0.5839	8033.0000
451	452	450	0.4811	8033.0000
452	453	451	0.4163	8033.0000
453	454	452	0.4850	8033.0000
454	455	453	0.4384	8033.0000
455	456	454	0.4661	8033.0000
456	457	455	0.5038	8033.0000
457	458	456	0.4320	8033.0000
458	459	457	0.4282	8033.0000
459	460	458	0.3598	8033.0000
460	461	459	0.4142	8033.0000
461	462	460	0.4106	8033.0000
462	463	461	0.4513	8033.0000
463	464	462	0.6390	8033.0000
464	465	463	0.5138	8033.0000
465	466	464	0.5349	8033.0000
466	467	465	0.5730	8033.0000
467	468	466	0.3364	8033.0000
468	469	467	0.4006	8033.0000
469	470	468	0.4186	8033.0000
470	471	469	0.5599	8033.0000
471	472	470	0.4533	8033.0000
472	473	471	0.4028	8033.0000
473	474	472	0.4638	8033.0000
474	475	473	0.5408	8033.0000
475	476	474	0.5218	8033.0000
476	477	475	0.4744	8033.0000
477	478	476	0.3251	8033.0000
478	479	477	0.4798	8033.0000
479	480	478	0.5350	8033.0000
480	481	479	0.5065	8033.0000
481	482	480	0.4992	8033.0000
482	483	481	0.6265	8033.0000
483	484	482	0.6032	8033.0000
484	485	483	0.5175	8033.0000
485	486	484	0.4474	8033.0000
486	487	485	0.4837	8033.0000
487	488	486	0.5555	8033.0000
488	489	487	0.5354	8033.0000
489	490	488	0.4397	8033.0000
490	491	489	0.5521	8033.0000
491	492	490	0.7444	8033.0000
492	493	491	0.6857	8033.0000
493	494	492	0.5036	8033.0000
494	495	493	0.5290	8033.0000
495	496	494	0.5644	8033.0000
496	497	495	0.5365	8033.0000
497	498	496	0.4799	8033.0000
498	499	497	0.4644	8033.0000
499	500	498	0.3169	8033.0000
500	501	499	0.3615	8033.0000
501	502	500	0.2993	8033.0000
502	503	501	0.4190	8033.0000
503	504	502	0.5982	8033.0000
504	505	503	0.6090	8033.0000
505	506	504	0.6929	8033.0000
506	507	505	0.5016	8033.0000
507	508	506	0.4865	8033.0000
508	509	507	0.4957	8033.0000
509	510	508	0.4940	8033.0000
510	511	509	0.4871	8033.0000
511	512	510	0.5575	8033.0000
512	513	511	0.4597	8033.0000
513	514	512	0.4617	8033.0000
514	515	513	0.3524	8033.0000
515	516	514	0.3496	8033.0000
516	517	515	0.5298	8033.0000
517	518	516	0.4122	8033.0000
518	519	517	0.5705	8033.0000
519	520	518	0.5125	8033.0000
520	521	519	0.3797	8033.0000
521	522	520	0.4308	8033.0000
522	523	521	0.4142	8033.0000
523	524	522	0.4062	8033.0000
524	525	523	0.4325	8033.0000
525	526	524	0.4330	8033.0000
526	527	525	0.5295	8033.0000
527	528	526	0.5681	8033.0000
528	529	527	0.5272	8033.0000
529	530	528	0.5490	8033.0000
530	531	529	0.6299	8033.0000
531	532	530	0.4835	8033.0000
532	533	531	0.5641	8033.0000
533	534	532	0.5384	8033.0000
534	535	533	0.6311	8033.0000
535	536	534	0.3618	8033.0000
536	537	535	0.4417	8033.0000
537	538	536	0.4637	8033.0000
538	539	537	0.4903	8033.0000
539	540	538	0.3837	8033.0000
540	541	539	0.3978	8033.0000
541	542	540	0.4180	8033.0000
542	543	541	0.4730	8033.0000
543	544	542	0.3692	8033.0000
544	545	543	0.3921	8033.0000
545	546	544	0.4076	8033.0000
546	547	545	0.5056	8033.0000
547	548	546	0.4167	8033.0000
548	549	547	0.6376	8033.0000
549	550	548	0.6221	8033.0000
550	551	549	0.3777	8033.0000
551	552	550	0.5083	8033.0000
552	553	551	0.4347	8033.0000
553	554	552	0.5626	8033.0000
554	555	553	0.4053	8033.0000
555	556	554	0.4922	8033.0000
556	557	555	0.4809	8033.0000
557	558	556	0.4046	8033.0000
558	559	557	0.4696	8033.0000
559	560	558	0.4854	8033.0000
560	561	559	0.4827	8033.0000
561	562	560	0.3958	8033.0000
562	563	561	0.5792	8033.0000
563	564	562	0.4987	8033.0000
564	565	563	0.6445	8033.0000
565	566	564	0.4782	8033.0000
566	567	565	0.5007	8033.0000
567	568	566	0.5340	8033.0000
568	569	567	0.5545	8033.0000
569	570	568	0.3415	8033.0000
570	571	569	0.4251	8033.0000
571	572	570	0.4451	8033.0000
572	573	571	0.5063	8033.0000
573	574	572	0.4158	8033.0000
574	575	573	0.4297	8033.0000
575	576	574	0.6645	8033.0000
576	577	575	0.4649	8033.0000
577	578	576	0.5811	8033.0000
578	579	577	0.4631	8033.0000
579	580	578	0.4354	8033.0000
580	581	579	0.4428	8033.0000
581	582	580	0.6259	8033.0000
582	583	581	0.4924	8033.0000
583	584	582	0.4469	8033.0000
584	585	583	0.4779	8033.0000
585	586	584	0.4825	8033.0000
586	587	585	0.4938	8033.0000
587	588	586	0.4420	8033.0000
588	589	587	0.5032	8033.0000
589	590	588	0.4808	8033.0000
590	591	589	0.7934	8033.0000
591	592	590	0.4768	8033.0000
592	593	591	0.3867	8033.0000
593	594	592	0.5612	8033.0000
594	595	593	0.5492	8033.0000
595	596	594	0.6493	8033.0000
596	597	595	0.5650	8033.0000
597	598	596	0.7952	8033.0000
598	599	597	0.5020	8033.0000
599	600	598	0.3800	8033.0000
600	601	599	0.3800	8033.0000
601	602	600	0.3800	8033.0000
602	603	601	0.3800	8033.0000
603	604	602	0.3800	8033.0000
604	605	603	0.3800	8033.0000
605	606	604	0.3800	8033.0000
606	607	605	0.3800	8033.0000
607	608	606	0.3800	8033.0000
608	609	607	0.3800	8033.0000
609	610	608	0.3800	8033.0000
610	611	609	0.3800	8033.0000
611	612	610	0.3800	8033.0000
612	613	611	0.3800	8033.0000
613	614	612	0.3800	8033.0000
614	615	613	0.3800	8033.0000
615	616	614	0.3800	8033.0000
616	617	615	0.3800	8033.0000
617	618	616	0.3800	8033.0000
618	619	617	0.3800	8033.0000
619	620	618	0.3800	8033.0000
620	621	619	0.3800	8033.0000
621	622	620	0.3800	8033.0000
622	623	621	0.3800	8033.0000
623	624	622	0.3800	8033.0000
624	625	623	0.3800	8033.0000
625	626	624	0.3800	8033.0000
626	627	625	0.3800	8033.0000
627	628	626	0.3800	8033.0000
628	629	627	0.3800	8033.0000
629	630	628	0.3800	8033.0000
630	631	629	0.3800	8033.0000
631	632	630	0.3800	8033.0000
632	633	631	0.3800	8033.0000
633	634	632	0.3800	8033.0000
634	635	633	0.3800	8033.0000
635	636	634	0.3800	8033.0000
636	637	635	0.3800	8033.0000
637	638	636	0.3800	8033.0000
638	639	637	0.3800	8033.0000
639	640	638	0.3800	8033.0000
640	641	639	0.3800	8033.0000
641	642	640	0.3800	8033.0000
642	643	641	0.3800	8033.0000
643	644	642	0.3800	8033.0000
644	645	643	0.3800	8033.0000
645	646	644	0.3800	8033.0000
646	647	645	0.3800	8033.0000
647	648	646	0.3800	8033.0000
648	649	647	0.3800	8033.0000
649	650	648	0.3800	8033.0000
650	651	649	0.3800	8033.0000
651	652	650	0.3800	8033.0000
652	653	651	0.3800	8033.0000
653	654	652	0.3800	8033.0000
654	655	653	0.3800	8033.0000
655	656	654	0.3800	8033.0000
656	657	655	0.3800	8033.0000
657	658	656	0.3800	8033.0000
658	659	657	0.3800	8033.0000
659	660	658	0.3800	8033.0000
660	661	659	0.3800	8033.0000
661	662	660	0.3800	8033.0000
662	663	661	0.3800	8033.0000
663	664	662	0.3800	8033.0000
664	665	663	0.3800	8033.0000
665	666	664	0.3800	8033.0000
666	667	665	0.3800	8033.0000
667	668	666	0.3800	8033.0000
668	669	667	0.3800	8033.0000
669	670	668	0.3800	8033.0000
670	671	669	0.3800	8033.0000
671	672	670	0.3800	8033.0000
672	673	671	0.3800	8033.0000
673	674	672	0.3800	8033.0000
674	675	673	0.3800	8033.0000
675	676	674	0.3800	8033.0000
676	677	675	0.3800	8033.0000
677	678	676	0.3800	8033.0000
678	679	677	0.3800	8033.0000
679	680	678	0.3800	8033.0000
680	681	679	0.3800	8033.0000
681	682	680	0.3800	8033.0000
682	683	681	0.3800	8033.0000
683	684	682	0.3800	8033.0000
684	685	683	0.3800	8033.0000
685	686	684	0.3800	8033.0000
686	687	685	0.3800	8033.0000
687	688	686	0.3800	8033.0000
688	689	687	0.3800	8033.0000
689	690	688	0.3800	8033.0000
690	691	689	0.3800	8033.0000
691	692	690	0.3800	8033.0000
692	693	691	0.3800	8033.0000
693	694	692	0.3800	8033.0000
694	695	693	0.3800	8033.0000
695	696	694	0.3800	8033.0000
696	697	695	0.3800	8033.0000
697	698	696	0.3800	8033.0000
698	699	697	0.3800	8033.0000
699	700	698	0.3800	8033.0000
700	701	699	0.3800	8033.0000
701	702	700	0.3800	8033.0000
702	703	701	0.3800	8033.0000
703	704	702	0.3800	8033.0000
704	705	703	0.3800	8033.0000
705	706	704	0.3800	8033.0000
706	707	705	0.3800	8033.0000
707	708	706	0.3800	8033.0000
708	709	707	0.3800	8033.0000
709	710	708	0.3800	8033.0000
710	711	709	0.3800	8033.0000
711	712	710	0.3800	8033.0000
712	713	711	0.3800	8033.0000
713	714	712	0.3800	8033.0000
714	715	713	0.3800	8033.0000
715	716	714	0.3800	8033.0000
716	717	715	0.3800	8033.0000
717	718	716	0.3800	8033.0000
718	719	717	0.3800	8033.0000
719	720	718	0.3800	8033.0000
720	721	719	0.3800	8033.0000
721	722	720	0.3800	8033.0000
722	723	721	0.3800	8033.0000
723	724	722	0.3800	8033.0000
724	725	723	0.3800	8033.0000
725	726	724	0.3800	8033.0000
726	727	725	0.3800	8033.0000
727	728	726	0.3800	8033.0000
728	729	727	0.3800	8033.0000
729	730	728	0.3800	8033.0000
730	731	729	0.3800	8033.0000
731	732	730	0.3800	8033.0000
732	733	731	0.3800	8033.0000
733	734	732	0.6042	8033.0000
734	735	733	0.5674	8033.0000
735	736	734	0.6499	8033.0000
736	737	735	0.4849	8033.0000
737	738	736	0.5830	8033.0000
738	739	737	0.5464	8033.0000
739	740	738	0.3965	8033.0000
740	741	739	0.4906	8033.0000
741	742	740	0.4892	8033.0000
742	743	741	0.4793	8033.0000
743	744	742	0.4230	8033.0000
744	745	743	0.5202	8033.0000
745	746	744	0.5498	8033.0000
746	747	745	0.5718	8033.0000
747	748	746	0.6386	8033.0000
748	749	747	0.6492	8033.0000
749	750	748	0.6164	8033.0000
750	751	749	0.5455	8033.0000
751	752	750	0.5736	8033.0000
752	753	751	0.4018	8033.0000
753	754	752	0.5221	8033.0000
754	755	753	0.5166	8033.0000
755	756	754	0.4437	8033.0000
756	757	755	0.4004	8033.0000
757	758	756	0.5344	8033.0000
758	759	757	0.5380	8033.0000
759	760	758	0.5305	8033.0000
760	761	759	0.5489	8033.0000
761	762	760	0.6159	8033.0000
762	763	761	0.5173	8033.0000
763	764	762	0.5105	8033.0000
764	765	763	0.5057	8033.0000
765	766	764	0.5780	8033.0000
766	767	765	0.4892	8033.0000
767	768	766	0.5588	8033.0000
768	769	767	0.5084	8033.0000
769	770	768	0.4911	8033.0000
770	771	769	0.6037	8033.0000
771	772	770	0.5528	8033.0000
772	773	771	0.6277	8033.0000
773	774	772	0.6058	8033.0000
774	775	773	0.6450	8033.0000
775	776	774	0.6386	8033.0000
776	777	775	0.5066	8033.0000
777	778	776	0.4552	8033.0000
778	779	777	0.4128	8033.0000
779	780	778	0.4812	8033.0000
780	781	779	0.5022	8033.0000
781	782	780	0.5607	8033.0000
782	783	781	0.4366	8033.0000
783	784	782	0.5218	8033.0000
784	785	783	0.6611	8033.0000
785	786	784	0.6791	8033.0000
786	787	785	0.6131	8033.0000
787	788	786	0.6122	8033.0000
788	789	787	0.4460	8033.0000
789	790	788	0.5023	8033.0000
790	791	789	0.4698	8033.0000
791	792	790	0.4942	8033.0000
792	793	791	0.4932	8033.0000
793	794	792	0.5133	8033.0000
794	795	793	0.6281	8033.0000
795	796	794	0.4150	8033.0000
796	797	795	0.4004	8033.0000
797	798	796	0.4767	8033.0000
798	799	797	0.4131	8033.0000
799	800	798	0.4692	8033.0000
800	801	799	0.5599	8033.0000
801	802	800	0.4749	8033.0000
802	803	801	0.4201	8033.0000
803	804	802	0.4284	8033.0000
804	805	803	0.4765	8033.0000
805	806	804	0.4042	8033.0000
806	807	805	0.4998	8033.0000
807	808	806	0.7051	8033.0000
808	809	807	0.4725	8033.0000
809	810	808	0.4765	8033.0000
810	811	809	0.4765	8033.0000
811	812	810	0.5231	8033.0000
812	813	811	0.5180	8033.0000
813	814	812	0.3800	8033.0000
814	815	813	0.3800	8033.0000
815	816	814	0.5012	8033.0000
816	817	815	0.4033	8033.0000
817	818	816	0.4532	8033.0000
818	819	817	0.4478	8033.0000
819	820	818	0.5011	8033.0000
820	821	819	0.5596	8033.0000
821	822	820	0.4976	8033.0000
822	823	821	0.5062	8033.0000
823	824	822	0.6041	8033.0000
824	825	823	0.6204	8033.0000
825	826	824	0.6191	8033.0000
826	827	825	0.5631	8033.0000
827	828	826	0.5714	8033.0000
828	829	827	0.4632	8033.0000
829	830	828	0.4315	8033.0000
830	831	829	0.4421	8033.0000
831	832	830	0.5529	8033.0000
832	833	831	0.5050	8033.0000
833	834	832	0.4843	8033.0000
834	835	833	0.4370	8033.0000
835	836	834	0.4263	8033.0000
836	837	835	0.3594	8033.0000
837	838	836	0.4549	8033.0000
838	839	837	0.4671	8033.0000
839	840	838	0.7282	8033.0000
840	841	839	0.4705	8033.0000
841	842	840	0.5073	8033.0000
842	843	841	0.4369	8033.0000
843	844	842	0.4085	8033.0000
844	845	843	0.3889	8033.0000
845	846	844	0.4368	8033.0000
846	847	845	0.7165	8033.0000
847	848	846	0.4554	8033.0000
848	849	847	0.5672	8033.0000
849	850	848	0.5378	8033.0000
850	851	849	0.4180	8033.0000
851	852	850	0.4933	8033.0000
852	853	851	0.4480	8033.0000
853	854	852	0.3894	8033.0000
854	855	853	0.8010	8033.0000
855	856	854	0.5310	8033.0000
856	857	855	0.5438	8033.0000
857	858	856	0.5162	8033.0000
858	859	857	0.4973	8033.0000
859	860	858	0.5108	8033.0000
860	861	859	0.7228	8033.0000
861	862	860	0.5507	8033.0000
862	863	861	0.5046	8033.0000
863	864	862	0.6367	8033.0000
864	865	863	0.4021	8033.0000
865	866	864	0.4260	8033.0000
866	867	865	0.5084	8033.0000
867	868	866	0.6790	8033.0000
868	869	867	0.5458	8033.0000
869	870	868	0.4747	8033.0000
870	871	869	0.6217	8033.0000
871	872	870	0.4514	8033.0000
872	873	871	0.5037	8033.0000
873	874	872	0.4996	8033.0000
874	875	873	0.6398	8033.0000
875	876	874	0.5996	8033.0000
876	877	875	0.4974	8033.0000
877	878	876	0.5450	8033.0000
878	879	877	0.4932	8033.0000
879	880	878	0.4863	8033.0000
880	881	879	0.5286	8033.0000
881	882	880	0.4102	8033.0000
882	883	881	0.4834	8033.0000
883	884	882	0.4277	8033.0000
884	885	883	0.4568	8033.0000
885	886	884	0.4987	8033.0000
886	887	885	0.5700	8033.0000
887	888	886	0.5965	8033.0000
888	889	887	0.5248	8033.0000
889	890	888	0.6065	8033.0000
890	891	889	0.5406	8033.0000
891	892	890	0.4811	8033.0000
892	893	891	0.7116	8033.0000
893	894	892	0.3363	8033.0000
894	895	893	0.4002	8033.0000
895	896	894	0.4043	8033.0000
896	897	895	0.4168	8033.0000
897	898	896	0.3591	8033.0000
898	899	897	0.3414	8033.0000
899	900	898	0.4456	8033.0000
900	901	899	0.3861	8033.0000
901	902	900	0.4095	8033.0000
902	903	901	0.5707	8033.0000
903	904	902	0.4321	8033.0000
904	905	903	0.5843	8033.0000
905	906	904	0.5667	8033.0000
906	907	905	0.4238	8033.0000
907	908	906	0.4156	8033.0000
908	909	907	0.6527	8033.0000
909	910	908	0.5242	8033.0000
910	911	909	0.5614	8033.0000
911	912	910	0.3958	8033.0000
912	913	911	0.6052	8033.0000
913	914	912	0.3925	8033.0000
914	915	913	0.5063	8033.0000
915	916	914	0.4339	8033.0000
916	917	915	0.4694	8033.0000
917	918	916	0.4098	8033.0000
918	919	917	0.4248	8033.0000
919	920	918	0.3690	8033.0000
920	921	919	0.6022	8033.0000
921	922	920	0.4581	8033.0000
922	923	921	0.5608	8033.0000
923	924	922	0.3943	8033.0000
924	925	923	0.5004	8033.0000
925	926	924	0.6059	8033.0000
926	927	925	0.5503	8033.0000
927	928	926	0.4100	8033.0000
928	929	927	0.3961	8033.0000
929	930	928	0.4777	8033.0000
930	931	929	0.4078	8033.0000
931	932	930	0.6021	8033.0000
932	933	931	0.4896	8033.0000
933	934	932	0.4254	8033.0000
934	935	933	0.4465	8033.0000
935	936	934	0.4159	8033.0000
936	937	935	0.5176	8033.0000
937	938	936	0.3764	8033.0000
938	939	937	0.6322	8033.0000
939	940	938	0.5587	8033.0000
940	941	939	0.5689	8033.0000
941	942	940	0.4923	8033.0000
942	943	941	0.3760	8033.0000
943	944	942	0.3682	8033.0000
944	945	943	0.4840	8033.0000
945	946	944	0.4710	8033.0000
946	947	945	0.6735	8033.0000
947	948	946	0.5223	8033.0000
948	949	947	0.5753	8033.0000
949	950	948	0.5090	8033.0000
950	951	949	0.7990	8033.0000
951	952	950	0.4851	8033.0000
952	953	951	0.5688	8033.0000
953	954	952	0.6355	8033.0000
954	955	953	0.4496	8033.0000
955	956	954	0.5109	8033.0000
956	957	955	0.3474	8033.0000
957	958	956	0.4086	8033.0000
958	959	957	0.5428	8033.0000
959	960	958	0.5552	8033.0000
960	961	959	0.5262	8033.0000
961	962	960	0.3275	8033.0000
962	963	961	0.4213	8033.0000
963	964	962	0.4700	8033.0000
964	965	963	0.4265	8033.0000
965	966	964	0.3964	8033.0000
966	967	965	0.5220	8033.0000
967	968	966	0.4215	8033.0000
968	969	967	0.3591	8033.0000
969	970	968	0.3970	8033.0000
970	971	969	0.4399	8033.0000
971	972	970	0.4724	8033.0000
972	973	971	0.5969	8033.0000
973	974	972	0.3763	8033.0000
974	975	973	0.4474	8033.0000
975	976	974	0.6001	8033.0000
976	977	975	0.4052	8033.0000
977	978	976	0.4269	8033.0000
978	979	977	0.5099	8033.0000
979	980	978	0.4509	8033.0000
980	981	979	0.5587	8033.0000
981	982	980	0.5965	8033.0000
982	983	981	0.4641	8033.0000
983	984	982	0.4081	8033.0000
984	985	983	0.4424	8033.0000
985	986	984	0.4054	8033.0000
986	987	985	0.4341	8033.0000
987	988	986	0.4413	8033.0000
988	989	987	0.4114	8033.0000
989	990	988	0.5049	8033.0000
990	991	989	0.5289	8033.0000
991	992	990	0.4736	8033.0000
992	993	991	0.3921	8033.0000
993	994	992	0.4605	8033.0000
994	995	993	0.5751	8033.0000
995	996	994	0.3991	8033.0000
996	997	995	0.4064	8033.0000
997	998	996	0.5612	8033.0000
998	999	997	0.6129	8033.0000
999	1000	998	0.5083	8033.0000
1000	1001	999	0.5694	8033.0000
1001	1002	1000	0.5170	8033.0000
1002	1003	1001	0.5880	8033.0000
1003	1004	1002	0.3733	8033.0000
1004	1005	1003	0.5608	8033.0000
1005	1006	1004	0.3643	8033.0000
1006	1007	1005	0.6876	8033.0000
1007	1008	1006	0.4485	8033.0000
1008	1009	1007	0.4769	8033.0000
1009	1010	1008	0.4967	8033.0000
1010	1011	1009	0.6551	8033.0000
1011	1012	1010	0.6641	8033.0000
