# bead_index target_x_nm target_y_nm target_z_nm
450 27.580003 25.345940 26.404770
451 27.816303 25.239740 26.140870
452 28.038203 25.519440 26.257870
453 28.021803 25.402240 26.614570
454 28.079603 25.042840 26.523470
455 28.291303 25.099140 26.219770
456 28.598403 24.927240 26.355570
457 28.390603 24.639740 26.472770
458 28.229603 24.585040 26.131670
459 28.565603 24.636640 25.953270
460 28.732703 24.357740 26.144570
461 28.458503 24.113940 26.243470
462 28.304603 23.869840 25.995770
463 27.955803 23.940540 26.126070
464 27.668703 24.021340 25.909870
465 27.572203 24.372540 25.954670
466 27.232203 24.410040 26.096970
467 27.148903 24.638940 25.804770
468 26.956803 24.573340 25.493770
469 27.148203 24.600640 25.163370
470 26.925303 24.885040 25.067670
471 27.022303 25.067840 25.379770
472 27.392503 24.985040 25.326270
473 27.382303 25.092840 24.968470
474 27.214503 25.410040 25.064570
475 27.479003 25.469440 25.328170
476 27.763603 25.408440 25.084070
477 27.620603 25.661640 24.841070
478 27.535503 25.924140 25.098070
479 27.882003 25.900640 25.246170
480 28.041303 25.981940 24.919970
481 28.122603 26.349140 24.864570
482 27.932003 26.361640 24.530970
483 27.646403 26.147540 24.682470
484 27.697603 25.933440 24.373070
485 27.901903 25.610040 24.340270
486 27.982003 25.370940 24.058270
487 27.879203 25.008440 24.116070
488 28.242903 24.931940 24.169170
489 28.279603 25.208440 24.426970
490 27.982703 25.061640 24.612970
491 28.152303 24.724140 24.620770
492 28.468703 24.884240 24.751970
493 28.270203 25.056940 25.026270
494 28.104603 24.724140 25.134870
495 28.441303 24.546740 25.151270
496 28.610103 24.839740 25.315270
497 28.338203 24.895940 25.573670
498 28.251503 24.534240 25.660270
499 28.478803 24.222540 25.694370
500 28.172603 24.022540 25.631170
501 28.164003 24.124840 25.266870
502 28.524903 24.033840 25.194170
503 28.404603 23.688140 25.157870
504 28.132703 23.535240 24.926270
505 28.152303 23.833440 24.695770
506 27.951503 23.668040 24.426270
507 27.651103 23.647140 24.661370
508 27.661303 23.986240 24.817670
509 27.759703 24.169440 24.489570
510 27.467303 24.013940 24.320770
511 27.244303 24.123340 24.612970
512 27.374703 24.474140 24.565270
513 27.311903 24.485040 24.191070
514 26.961603 24.345940 24.250470
515 26.878203 24.599840 24.518470
516 27.009503 24.879540 24.299670
517 26.776703 24.769440 24.014570
518 26.478803 24.667840 24.234870
519 26.441303 24.977240 24.444970
520 26.316303 25.294440 24.278570
521 26.506603 25.492840 24.537970
522 26.832903 25.406940 24.355170
523 26.868503 25.602240 24.028570
524 27.138303 25.519440 23.769170
525 27.272103 25.844440 23.628570
526 27.475103 25.813140 23.316070
527 27.761303 26.055340 23.334870
528 28.058503 26.116240 23.086370
529 28.286603 25.899140 23.294170
530 28.042103 25.616240 23.341070
531 27.710503 25.517840 23.500470
532 27.674503 25.636640 23.872370
533 27.424103 25.542840 24.131670
534 27.239803 25.805340 24.332470
535 26.975203 25.788140 24.605970
536 26.633903 25.961640 24.594170
537 26.578403 26.025640 24.965270
538 26.210103 26.102240 24.912970
539 26.159303 25.767840 24.740270
540 26.371003 25.586640 24.998070
541 26.182703 25.733440 25.288770
542 25.853003 25.622540 25.125070
543 25.972603 25.272540 25.143470
544 25.819503 25.072540 25.440270
545 26.079603 25.067840 25.718670
546 26.196803 24.727240 25.665470
547 26.114803 24.563140 26.004370
548 26.449903 24.549140 26.167270
549 26.351503 24.199140 26.189870
550 26.593703 24.216240 26.476670
1127 22.617245 25.534344 25.971202
1128 22.631947 25.555590 26.348337
1129 22.604124 25.182739 26.382805
1130 22.865310 25.123388 26.113703
1131 23.090534 25.379140 26.254756
1132 23.068066 25.215044 26.597967
1133 23.095761 24.854839 26.474855
1134 23.316102 24.917761 26.167601
1135 23.610965 24.706123 26.283346
1136 23.385156 24.430731 26.369744
1137 23.205299 24.413748 26.039865
1138 23.539934 24.451532 25.862125
1139 23.693288 24.144316 26.023080
1140 23.405912 23.913873 26.118721
1141 23.221110 23.704706 25.871778
1142 22.868400 23.793473 26.012122
1143 22.578702 23.929044 25.821433
1144 22.526342 24.281538 25.899342
1145 22.192812 24.338927 26.061237
1146 22.121573 24.588754 25.788466
1147 21.915894 24.562640 25.483152
1148 22.092147 24.596022 25.152674
1149 21.896470 24.910209 25.092718
1150 22.027519 25.059928 25.409502
1151 22.384549 24.947583 25.330067
1152 22.372450 25.082299 24.976003
1153 22.235367 25.407182 25.107137
1154 22.515540 25.417744 25.355365
1155 22.781164 25.347054 25.097335
1156 22.655838 25.635247 24.881375
1157 22.605109 25.878691 25.165157
1158 22.957021 25.812780 25.291569
1159 23.120000 25.936763 24.980598
1160 23.185744 26.310433 24.952666
1161 22.997112 26.338899 24.608492
1162 22.710839 26.117278 24.754628
1163 22.733318 25.920195 24.428887
1164 22.904703 25.575532 24.367443
1165 22.954445 25.362080 24.066330
1166 22.826674 25.005184 24.111386
1167 23.179808 24.891417 24.144392
1168 23.259192 25.141473 24.410399
1169 22.950715 25.018483 24.600701
1170 23.092118 24.667775 24.577321
1171 23.425269 24.784070 24.708757
1172 23.250060 24.954657 24.991796
1173 23.061074 24.634797 25.086512
1174 23.380288 24.425451 25.070107
1175 23.587439 24.692033 25.238743
1176 23.327191 24.753775 25.510103
1177 23.211384 24.393329 25.575056
1178 23.406435 24.063104 25.583515
1179 23.078766 23.892706 25.521544
1180 23.062052 24.028022 25.170245
1181 23.411176 23.903832 25.081161
1182 23.261461 23.573429 25.030741
1183 22.968535 23.454481 24.807254
1184 23.015382 23.758835 24.588470
1185 22.779922 23.646393 24.328506
1186 22.485881 23.639192 24.571756
1187 22.528059 23.972195 24.744811
1188 22.638074 24.151191 24.430953
1189 22.317802 24.037145 24.274647
1190 22.120668 24.152632 24.576920
1191 22.283796 24.496928 24.547534
1192 22.202882 24.539061 24.185769
1193 21.844989 24.434488 24.254667
1194 21.798728 24.672267 24.539976
1195 21.943544 24.949950 24.328047
1196 21.690293 24.879947 24.047293
1197 21.397293 24.793244 24.280585
1198 21.399189 25.092265 24.511438
1199 21.300655 25.432243 24.370631
1200 21.525908 25.594554 24.628450
1201 21.828689 25.484698 24.429529
1202 21.869231 25.703660 24.116528
1203 22.117809 25.618865 23.840578
1204 22.281165 25.926061 23.711847
1205 22.475938 25.884569 23.392902
1206 22.789719 26.090035 23.419074
1207 23.085957 26.119035 23.173915
1208 23.295280 25.865247 23.364609
1209 23.017410 25.620896 23.395453
1210 22.673740 25.555013 23.552552
1211 22.669379 25.655625 23.923300
1212 22.415066 25.573259 24.186210
1213 22.266099 25.842021 24.410281
1214 22.014497 25.822888 24.697003
1215 21.696091 26.040864 24.710869
1216 21.661177 26.084351 25.087931
1217 21.304313 26.204652 25.058231
1218 21.211520 25.894514 24.864918
1219 21.409710 25.675094 25.096586
1220 21.240208 25.817467 25.412123
1221 20.896364 25.744324 25.257535
1222 20.990891 25.378597 25.254209
1223 20.827934 25.185422 25.546095
1224 21.094280 25.133029 25.811574
1225 21.222355 24.805047 25.724184
1226 21.073205 24.575232 25.991894
1227 21.375460 24.500819 26.176302
