i j d[nm] fc
1 3 0.7262 700.0000
1 4 0.6925 700.0000
2 4 0.7789 700.0000
2 180 0.8373 700.0000
2 183 0.8671 700.0000
2 184 0.8408 700.0000
3 5 0.6710 700.0000
3 13 0.8225 700.0000
3 14 0.5543 700.0000
3 15 0.4599 700.0000
3 16 0.7951 700.0000
3 180 0.8067 700.0000
3 183 0.5964 700.0000
4 6 0.6902 700.0000
4 12 0.6446 700.0000
4 13 0.6313 700.0000
4 14 0.5602 700.0000
4 15 0.7343 700.0000
4 183 0.6252 700.0000
4 187 0.8192 700.0000
5 7 0.7238 700.0000
5 11 0.8615 700.0000
5 12 0.6481 700.0000
5 13 0.4166 700.0000
5 14 0.7162 700.0000
5 15 0.8970 700.0000
5 146 0.8284 700.0000
5 150 0.7896 700.0000
5 183 0.5266 700.0000
5 184 0.8923 700.0000
5 186 0.7217 700.0000
5 187 0.6797 700.0000
6 8 0.6787 700.0000
6 9 0.7674 700.0000
6 10 0.5597 700.0000
6 11 0.6437 700.0000
6 12 0.5601 700.0000
6 13 0.6105 700.0000
6 150 0.7794 700.0000
7 9 0.4586 700.0000
7 10 0.4314 700.0000
7 11 0.4785 700.0000
7 12 0.7507 700.0000
7 13 0.6931 700.0000
7 149 0.7941 700.0000
7 150 0.5430 700.0000
7 153 0.5737 700.0000
7 154 0.7567 700.0000
8 10 0.6091 700.0000
8 11 0.7820 700.0000
8 150 0.6854 700.0000
8 153 0.6168 700.0000
8 154 0.6024 700.0000
9 11 0.5674 700.0000
9 150 0.8800 700.0000
9 153 0.4801 700.0000
9 154 0.6741 700.0000
9 156 0.8620 700.0000
9 157 0.7790 700.0000
9 158 0.6855 700.0000
10 12 0.6589 700.0000
10 13 0.8738 700.0000
10 153 0.6873 700.0000
10 158 0.7951 700.0000
10 161 0.8794 700.0000
10 162 0.7053 700.0000
11 13 0.6058 700.0000
11 149 0.6952 700.0000
11 150 0.7743 700.0000
11 152 0.8418 700.0000
11 153 0.5662 700.0000
11 158 0.7333 700.0000
11 161 0.6272 700.0000
11 162 0.6420 700.0000
11 163 0.7108 700.0000
11 164 0.6582 700.0000
12 14 0.5752 700.0000
12 162 0.7170 700.0000
12 163 0.5217 700.0000
12 164 0.6533 700.0000
12 165 0.8048 700.0000
13 15 0.8614 700.0000
13 146 0.6828 700.0000
13 149 0.6696 700.0000
13 150 0.7065 700.0000
13 163 0.8130 700.0000
13 164 0.5008 700.0000
13 165 0.7916 700.0000
13 166 0.6752 700.0000
13 183 0.6963 700.0000
14 16 0.6335 700.0000
14 163 0.6888 700.0000
14 164 0.5933 700.0000
14 165 0.4641 700.0000
14 166 0.6150 700.0000
14 167 0.8967 700.0000
14 183 0.8288 700.0000
15 17 0.7608 700.0000
15 165 0.7952 700.0000
15 166 0.5795 700.0000
15 167 0.7699 700.0000
15 168 0.6531 700.0000
15 176 0.7575 700.0000
15 179 0.6691 700.0000
15 180 0.7046 700.0000
15 183 0.6495 700.0000
16 18 0.5051 700.0000
16 19 0.7887 700.0000
16 23 0.8922 700.0000
16 165 0.6352 700.0000
16 166 0.6761 700.0000
16 167 0.4879 700.0000
16 168 0.5665 700.0000
17 19 0.8092 700.0000
17 167 0.8359 700.0000
17 168 0.5851 700.0000
17 169 0.6977 700.0000
17 170 0.4472 700.0000
17 171 0.8270 700.0000
17 173 0.8894 700.0000
17 176 0.6744 700.0000
18 20 0.6510 700.0000
18 21 0.7325 700.0000
18 22 0.5334 700.0000
18 23 0.6732 700.0000
18 24 0.8849 700.0000
18 167 0.5549 700.0000
18 168 0.6995 700.0000
18 169 0.7398 700.0000
18 170 0.7328 700.0000
19 21 0.4296 700.0000
19 22 0.4564 700.0000
19 23 0.6769 700.0000
19 43 0.8919 700.0000
19 46 0.8004 700.0000
19 47 0.8903 700.0000
19 167 0.5918 700.0000
19 168 0.7613 700.0000
19 169 0.5905 700.0000
19 170 0.7461 700.0000
20 22 0.6053 700.0000
20 23 0.5656 700.0000
20 28 0.6876 700.0000
20 29 0.7937 700.0000
20 30 0.8586 700.0000
20 43 0.6622 700.0000
20 46 0.7144 700.0000
20 47 0.6143 700.0000
20 81 0.8686 700.0000
20 125 0.7220 700.0000
20 127 0.6650 700.0000
20 167 0.5367 700.0000
20 168 0.8710 700.0000
20 169 0.8362 700.0000
21 23 0.6643 700.0000
21 43 0.8245 700.0000
21 46 0.5251 700.0000
21 47 0.5533 700.0000
21 49 0.8156 700.0000
21 50 0.5789 700.0000
21 81 0.7371 700.0000
21 82 0.8759 700.0000
21 167 0.8913 700.0000
21 169 0.8990 700.0000
22 24 0.6837 700.0000
22 50 0.7444 700.0000
22 81 0.8108 700.0000
22 82 0.6816 700.0000
22 167 0.8815 700.0000
23 25 0.5106 700.0000
23 27 0.8618 700.0000
23 28 0.6932 700.0000
23 81 0.7165 700.0000
23 82 0.5534 700.0000
23 83 0.6529 700.0000
23 125 0.7013 700.0000
23 165 0.8029 700.0000
23 167 0.7360 700.0000
24 26 0.8836 700.0000
24 82 0.4853 700.0000
24 83 0.7568 700.0000
25 27 0.5067 700.0000
25 28 0.6327 700.0000
25 82 0.7672 700.0000
25 83 0.5923 700.0000
25 84 0.7760 700.0000
25 123 0.4497 700.0000
25 124 0.6053 700.0000
25 125 0.5678 700.0000
25 163 0.7867 700.0000
25 165 0.6347 700.0000
26 28 0.8324 700.0000
26 83 0.6360 700.0000
26 84 0.4172 700.0000
26 85 0.7213 700.0000
26 116 0.7717 700.0000
26 119 0.8904 700.0000
26 121 0.5135 700.0000
26 122 0.6590 700.0000
26 123 0.4190 700.0000
26 124 0.7339 700.0000
26 125 0.8889 700.0000
26 163 0.8833 700.0000
27 29 0.6961 700.0000
27 83 0.6309 700.0000
27 84 0.6985 700.0000
27 85 0.6359 700.0000
27 86 0.6698 700.0000
27 87 0.6526 700.0000
27 112 0.8154 700.0000
27 115 0.8908 700.0000
27 116 0.6350 700.0000
27 121 0.7148 700.0000
27 123 0.5543 700.0000
27 124 0.4675 700.0000
27 125 0.5580 700.0000
27 126 0.8435 700.0000
28 30 0.7034 700.0000
28 47 0.8054 700.0000
28 78 0.8375 700.0000
28 81 0.7916 700.0000
28 83 0.6143 700.0000
28 85 0.8258 700.0000
28 86 0.4902 700.0000
28 87 0.5922 700.0000
28 88 0.8312 700.0000
28 123 0.8846 700.0000
28 124 0.6691 700.0000
28 125 0.4641 700.0000
28 126 0.7585 700.0000
28 127 0.8068 700.0000
28 167 0.8968 700.0000
29 31 0.7355 700.0000
29 43 0.8607 700.0000
29 86 0.6653 700.0000
29 87 0.5048 700.0000
29 88 0.7170 700.0000
29 89 0.6639 700.0000
29 112 0.7072 700.0000
29 124 0.7201 700.0000
29 125 0.5181 700.0000
29 126 0.5139 700.0000
29 127 0.5504 700.0000
29 129 0.7454 700.0000
29 167 0.8857 700.0000
30 32 0.5432 700.0000
30 33 0.8889 700.0000
30 38 0.7334 700.0000
30 41 0.8850 700.0000
30 43 0.5975 700.0000
30 44 0.5400 700.0000
30 47 0.6740 700.0000
30 86 0.6632 700.0000
30 87 0.6734 700.0000
30 88 0.4608 700.0000
30 89 0.5626 700.0000
30 127 0.7747 700.0000
30 129 0.8280 700.0000
31 33 0.6822 700.0000
31 38 0.8591 700.0000
31 41 0.7521 700.0000
31 42 0.8709 700.0000
31 43 0.6064 700.0000
31 44 0.6384 700.0000
31 88 0.7544 700.0000
31 89 0.5106 700.0000
31 90 0.6935 700.0000
31 91 0.6045 700.0000
31 127 0.7881 700.0000
31 128 0.8323 700.0000
31 129 0.5863 700.0000
31 130 0.7217 700.0000
31 134 0.8369 700.0000
32 34 0.7387 700.0000
32 35 0.7781 700.0000
32 36 0.5830 700.0000
32 37 0.7336 700.0000
32 38 0.6788 700.0000
32 40 0.8475 700.0000
32 41 0.8253 700.0000
32 43 0.8788 700.0000
32 44 0.6993 700.0000
32 59 0.8771 700.0000
32 72 0.8447 700.0000
32 74 0.8638 700.0000
32 88 0.5984 700.0000
32 89 0.5070 700.0000
32 90 0.5280 700.0000
32 91 0.6710 700.0000
33 35 0.4663 700.0000
33 36 0.5174 700.0000
33 37 0.5551 700.0000
33 38 0.7402 700.0000
33 40 0.6037 700.0000
33 41 0.8311 700.0000
33 44 0.8669 700.0000
33 68 0.8820 700.0000
33 89 0.8265 700.0000
33 90 0.6366 700.0000
33 91 0.7832 700.0000
34 36 0.6644 700.0000
34 37 0.8886 700.0000
34 67 0.8974 700.0000
34 68 0.5264 700.0000
34 69 0.6392 700.0000
34 70 0.6933 700.0000
34 72 0.8321 700.0000
34 90 0.6262 700.0000
34 91 0.8708 700.0000
35 37 0.4596 700.0000
35 38 0.8661 700.0000
35 40 0.6715 700.0000
35 68 0.8473 700.0000
36 38 0.6729 700.0000
36 56 0.6831 700.0000
36 59 0.5379 700.0000
36 60 0.5974 700.0000
36 63 0.7396 700.0000
36 68 0.7549 700.0000
36 74 0.8102 700.0000
36 88 0.7473 700.0000
36 90 0.8464 700.0000
37 39 0.5223 700.0000
37 40 0.5118 700.0000
37 41 0.7951 700.0000
37 44 0.8101 700.0000
37 56 0.6519 700.0000
37 59 0.8773 700.0000
37 60 0.8423 700.0000
38 40 0.7597 700.0000
38 41 0.6605 700.0000
38 43 0.8512 700.0000
38 44 0.4434 700.0000
38 45 0.7010 700.0000
38 46 0.8993 700.0000
38 47 0.7533 700.0000
38 48 0.5661 700.0000
38 55 0.6994 700.0000
38 56 0.5324 700.0000
38 59 0.7737 700.0000
38 88 0.7919 700.0000
39 41 0.5509 700.0000
39 42 0.8178 700.0000
39 44 0.6609 700.0000
39 45 0.5186 700.0000
39 48 0.7178 700.0000
39 49 0.8959 700.0000
39 56 0.8351 700.0000
40 42 0.8943 700.0000
40 44 0.8581 700.0000
40 133 0.8574 700.0000
41 43 0.5690 700.0000
41 44 0.4416 700.0000
41 45 0.5452 700.0000
41 46 0.7838 700.0000
41 133 0.7719 700.0000
42 44 0.5727 700.0000
42 45 0.5701 700.0000
42 46 0.6534 700.0000
42 132 0.8779 700.0000
42 133 0.8130 700.0000
43 45 0.7501 700.0000
43 46 0.5876 700.0000
43 47 0.6178 700.0000
43 127 0.7112 700.0000
43 128 0.8042 700.0000
43 129 0.8586 700.0000
44 46 0.5902 700.0000
44 47 0.5198 700.0000
44 48 0.6499 700.0000
44 49 0.8503 700.0000
44 88 0.8499 700.0000
45 47 0.7343 700.0000
45 48 0.5799 700.0000
45 49 0.4843 700.0000
46 48 0.6474 700.0000
46 49 0.4642 700.0000
46 50 0.7380 700.0000
46 51 0.8986 700.0000
47 49 0.6900 700.0000
47 50 0.6572 700.0000
47 51 0.6619 700.0000
47 52 0.8099 700.0000
47 55 0.7553 700.0000
47 81 0.6854 700.0000
47 86 0.8248 700.0000
48 50 0.7757 700.0000
48 51 0.5646 700.0000
48 52 0.4593 700.0000
48 53 0.6031 700.0000
48 54 0.8177 700.0000
48 55 0.5963 700.0000
48 56 0.7119 700.0000
49 51 0.7533 700.0000
49 52 0.7332 700.0000
50 52 0.7064 700.0000
50 78 0.8865 700.0000
50 80 0.5236 700.0000
50 81 0.5163 700.0000
50 82 0.7822 700.0000
51 53 0.6653 700.0000
51 54 0.6412 700.0000
51 55 0.6032 700.0000
51 77 0.8851 700.0000
51 78 0.6683 700.0000
51 79 0.5902 700.0000
51 80 0.4199 700.0000
51 81 0.5357 700.0000
52 54 0.4441 700.0000
52 55 0.5549 700.0000
52 56 0.8207 700.0000
52 57 0.8638 700.0000
52 78 0.8974 700.0000
52 79 0.6541 700.0000
52 80 0.6505 700.0000
52 81 0.8467 700.0000
53 55 0.6343 700.0000
53 56 0.6687 700.0000
53 57 0.6063 700.0000
53 79 0.7984 700.0000
54 56 0.7866 700.0000
54 57 0.5482 700.0000
54 58 0.7702 700.0000
54 77 0.8896 700.0000
54 79 0.4992 700.0000
54 80 0.8245 700.0000
55 57 0.7081 700.0000
55 58 0.5778 700.0000
55 59 0.6368 700.0000
55 60 0.8726 700.0000
55 76 0.6353 700.0000
55 77 0.6567 700.0000
55 78 0.7384 700.0000
55 79 0.5994 700.0000
55 81 0.8713 700.0000
55 86 0.7318 700.0000
55 88 0.7769 700.0000
56 58 0.7656 700.0000
56 59 0.5308 700.0000
56 60 0.5066 700.0000
56 61 0.8912 700.0000
57 59 0.7895 700.0000
57 60 0.6390 700.0000
57 61 0.7265 700.0000
57 79 0.8984 700.0000
58 60 0.7373 700.0000
58 61 0.5871 700.0000
58 62 0.6143 700.0000
58 75 0.7699 700.0000
58 76 0.4871 700.0000
58 77 0.5624 700.0000
58 79 0.6970 700.0000
58 86 0.8710 700.0000
59 61 0.6340 700.0000
59 62 0.5281 700.0000
59 63 0.6364 700.0000
59 64 0.8784 700.0000
59 74 0.6306 700.0000
59 75 0.8702 700.0000
59 76 0.6521 700.0000
59 86 0.8792 700.0000
59 88 0.5942 700.0000
60 62 0.6784 700.0000
60 63 0.6031 700.0000
60 64 0.6588 700.0000
61 63 0.5818 700.0000
61 64 0.4673 700.0000
62 64 0.6242 700.0000
62 65 0.8387 700.0000
62 66 0.7565 700.0000
62 74 0.5885 700.0000
62 75 0.7171 700.0000
62 76 0.7392 700.0000
62 88 0.8893 700.0000
63 65 0.5331 700.0000
63 66 0.4474 700.0000
63 67 0.7989 700.0000
63 68 0.7392 700.0000
63 74 0.7137 700.0000
64 66 0.7188 700.0000
65 67 0.6308 700.0000
65 68 0.8389 700.0000
66 68 0.5414 700.0000
66 69 0.8383 700.0000
66 72 0.8098 700.0000
66 74 0.8212 700.0000
67 69 0.5805 700.0000
67 72 0.7681 700.0000
68 70 0.7923 700.0000
68 71 0.8318 700.0000
68 72 0.5817 700.0000
68 74 0.8789 700.0000
68 90 0.7255 700.0000
69 71 0.5251 700.0000
69 72 0.4630 700.0000
69 90 0.5862 700.0000
69 91 0.8801 700.0000
70 72 0.6896 700.0000
70 90 0.5060 700.0000
70 91 0.5783 700.0000
70 92 0.5646 700.0000
70 93 0.7464 700.0000
70 100 0.8971 700.0000
70 101 0.8531 700.0000
70 104 0.6655 700.0000
71 73 0.6103 700.0000
71 89 0.6644 700.0000
71 90 0.4754 700.0000
71 91 0.6572 700.0000
71 92 0.7645 700.0000
71 104 0.5729 700.0000
71 105 0.8333 700.0000
71 107 0.7573 700.0000
71 108 0.5564 700.0000
71 111 0.7843 700.0000
72 74 0.6201 700.0000
72 88 0.8862 700.0000
72 89 0.6301 700.0000
72 90 0.4650 700.0000
72 91 0.8110 700.0000
72 108 0.7804 700.0000
72 111 0.8594 700.0000
73 75 0.8075 700.0000
73 87 0.6286 700.0000
73 88 0.7070 700.0000
73 89 0.5754 700.0000
73 90 0.7350 700.0000
73 108 0.6934 700.0000
73 111 0.5827 700.0000
73 112 0.6947 700.0000
73 115 0.8170 700.0000
74 76 0.7062 700.0000
74 86 0.8209 700.0000
74 87 0.6606 700.0000
74 88 0.5002 700.0000
74 89 0.7184 700.0000
74 90 0.8592 700.0000
75 77 0.6898 700.0000
75 85 0.5896 700.0000
75 86 0.6363 700.0000
75 87 0.6298 700.0000
75 88 0.7493 700.0000
75 115 0.8183 700.0000
76 78 0.6903 700.0000
76 79 0.7881 700.0000
76 85 0.6218 700.0000
76 86 0.4259 700.0000
76 87 0.6911 700.0000
76 88 0.6066 700.0000
77 79 0.4881 700.0000
77 81 0.8141 700.0000
77 83 0.7721 700.0000
77 84 0.8972 700.0000
77 85 0.5615 700.0000
77 86 0.5932 700.0000
78 80 0.6535 700.0000
78 81 0.4358 700.0000
78 82 0.7785 700.0000
78 83 0.4636 700.0000
78 84 0.7850 700.0000
78 85 0.6680 700.0000
78 86 0.6453 700.0000
79 81 0.7580 700.0000
80 82 0.7877 700.0000
80 83 0.8979 700.0000
81 83 0.4680 700.0000
81 86 0.8154 700.0000
83 85 0.6708 700.0000
83 86 0.7170 700.0000
84 119 0.8678 700.0000
84 121 0.6782 700.0000
84 123 0.8350 700.0000
85 87 0.7831 700.0000
85 116 0.8738 700.0000
85 119 0.7331 700.0000
85 121 0.8159 700.0000
86 88 0.5074 700.0000
87 89 0.6527 700.0000
87 111 0.8801 700.0000
87 112 0.5682 700.0000
87 115 0.7505 700.0000
87 116 0.8685 700.0000
87 124 0.8706 700.0000
87 125 0.8613 700.0000
87 126 0.8940 700.0000
88 90 0.8612 700.0000
89 91 0.5716 700.0000
89 92 0.8905 700.0000
89 105 0.8805 700.0000
89 108 0.6221 700.0000
89 112 0.8062 700.0000
89 129 0.7523 700.0000
90 92 0.6729 700.0000
90 104 0.8565 700.0000
90 108 0.7747 700.0000
91 93 0.7322 700.0000
91 101 0.8570 700.0000
91 104 0.7417 700.0000
91 105 0.6494 700.0000
91 108 0.7395 700.0000
91 129 0.6954 700.0000
91 130 0.6628 700.0000
91 134 0.6282 700.0000
91 136 0.8793 700.0000
92 94 0.8147 700.0000
92 95 0.7617 700.0000
92 98 0.8927 700.0000
92 100 0.8084 700.0000
92 101 0.5162 700.0000
92 102 0.8237 700.0000
92 104 0.5789 700.0000
92 105 0.5625 700.0000
92 108 0.8385 700.0000
92 129 0.8372 700.0000
92 130 0.6810 700.0000
92 134 0.5916 700.0000
92 135 0.8817 700.0000
92 136 0.6980 700.0000
93 95 0.4145 700.0000
93 98 0.8829 700.0000
93 101 0.7057 700.0000
93 130 0.8693 700.0000
93 134 0.5130 700.0000
93 135 0.7588 700.0000
93 136 0.8301 700.0000
94 96 0.5202 700.0000
94 97 0.4454 700.0000
94 98 0.6432 700.0000
94 101 0.6381 700.0000
94 102 0.7349 700.0000
94 130 0.8400 700.0000
94 134 0.7914 700.0000
94 135 0.5318 700.0000
94 136 0.4401 700.0000
94 137 0.6003 700.0000
94 140 0.7887 700.0000
95 97 0.7448 700.0000
95 98 0.6022 700.0000
95 100 0.7728 700.0000
95 101 0.6302 700.0000
95 134 0.8724 700.0000
96 98 0.6540 700.0000
96 101 0.8994 700.0000
96 135 0.8936 700.0000
97 99 0.6499 700.0000
97 100 0.7865 700.0000
97 101 0.5918 700.0000
97 102 0.5862 700.0000
97 136 0.8120 700.0000
98 100 0.4681 700.0000
98 101 0.4108 700.0000
98 102 0.5567 700.0000
99 101 0.6066 700.0000
99 102 0.5677 700.0000
99 103 0.6716 700.0000
99 104 0.8804 700.0000
100 102 0.6179 700.0000
100 103 0.5659 700.0000
100 104 0.5737 700.0000
101 103 0.7088 700.0000
101 104 0.5498 700.0000
101 105 0.6737 700.0000
101 106 0.8898 700.0000
101 136 0.7546 700.0000
102 104 0.6942 700.0000
102 105 0.6487 700.0000
102 106 0.6104 700.0000
102 136 0.7979 700.0000
102 140 0.8693 700.0000
102 144 0.7215 700.0000
103 105 0.7909 700.0000
103 106 0.5516 700.0000
103 107 0.5096 700.0000
104 106 0.7068 700.0000
104 107 0.5446 700.0000
104 108 0.6271 700.0000
105 107 0.7115 700.0000
105 108 0.5214 700.0000
105 109 0.6018 700.0000
105 129 0.6588 700.0000
105 130 0.7673 700.0000
105 136 0.7319 700.0000
105 141 0.6958 700.0000
105 144 0.6804 700.0000
105 145 0.8062 700.0000
106 108 0.7632 700.0000
106 109 0.6408 700.0000
106 110 0.7314 700.0000
106 144 0.5758 700.0000
106 145 0.8152 700.0000
106 147 0.7899 700.0000
106 148 0.5275 700.0000
106 151 0.8036 700.0000
107 109 0.6738 700.0000
107 110 0.4706 700.0000
107 111 0.6633 700.0000
107 148 0.8300 700.0000
108 110 0.6864 700.0000
108 111 0.5644 700.0000
108 112 0.6136 700.0000
108 129 0.8423 700.0000
109 111 0.7449 700.0000
109 112 0.5912 700.0000
109 113 0.6299 700.0000
109 126 0.6688 700.0000
109 129 0.8349 700.0000
109 141 0.8938 700.0000
109 144 0.7714 700.0000
109 145 0.5989 700.0000
109 148 0.6202 700.0000
109 149 0.7549 700.0000
109 152 0.8858 700.0000
110 112 0.7332 700.0000
110 113 0.6518 700.0000
110 114 0.5168 700.0000
110 148 0.6949 700.0000
110 151 0.8270 700.0000
110 152 0.6588 700.0000
111 113 0.7650 700.0000
111 114 0.5319 700.0000
111 115 0.6065 700.0000
112 114 0.6714 700.0000
112 115 0.5404 700.0000
112 116 0.6666 700.0000
112 124 0.7381 700.0000
112 126 0.7350 700.0000
113 115 0.7344 700.0000
113 116 0.6261 700.0000
113 117 0.7825 700.0000
113 124 0.6912 700.0000
113 126 0.8131 700.0000
113 148 0.8322 700.0000
113 149 0.6799 700.0000
113 152 0.5364 700.0000
113 153 0.8870 700.0000
113 161 0.6781 700.0000
113 164 0.8070 700.0000
114 116 0.7447 700.0000
114 117 0.7263 700.0000
114 118 0.7408 700.0000
114 152 0.6796 700.0000
114 156 0.8433 700.0000
115 117 0.7584 700.0000
115 118 0.5273 700.0000
115 119 0.6091 700.0000
115 121 0.8664 700.0000
116 118 0.5843 700.0000
116 119 0.5332 700.0000
116 120 0.6989 700.0000
116 121 0.4784 700.0000
116 122 0.8602 700.0000
116 123 0.7224 700.0000
116 124 0.6623 700.0000
116 160 0.7563 700.0000
116 161 0.6206 700.0000
117 119 0.6998 700.0000
117 120 0.5686 700.0000
117 121 0.6713 700.0000
117 122 0.8827 700.0000
117 156 0.8918 700.0000
117 158 0.5906 700.0000
117 159 0.5558 700.0000
117 160 0.4803 700.0000
117 161 0.5350 700.0000
118 120 0.5822 700.0000
118 121 0.7370 700.0000
118 160 0.8581 700.0000
119 121 0.4990 700.0000
119 160 0.8751 700.0000
120 122 0.7503 700.0000
120 159 0.7510 700.0000
120 160 0.5076 700.0000
120 161 0.8414 700.0000
121 123 0.6164 700.0000
121 124 0.8575 700.0000
121 160 0.5802 700.0000
121 161 0.6992 700.0000
122 160 0.4998 700.0000
122 161 0.6044 700.0000
122 162 0.4637 700.0000
122 163 0.6272 700.0000
123 125 0.7149 700.0000
123 160 0.8627 700.0000
123 161 0.6767 700.0000
123 162 0.7463 700.0000
123 163 0.4928 700.0000
123 164 0.7166 700.0000
123 165 0.6684 700.0000
124 126 0.5414 700.0000
124 161 0.7563 700.0000
124 163 0.7185 700.0000
124 164 0.5224 700.0000
124 165 0.6018 700.0000
124 166 0.8542 700.0000
125 127 0.6174 700.0000
125 164 0.6877 700.0000
125 165 0.5459 700.0000
125 166 0.7241 700.0000
125 167 0.6049 700.0000
126 128 0.7899 700.0000
126 129 0.7184 700.0000
126 145 0.6944 700.0000
126 164 0.6641 700.0000
126 165 0.7586 700.0000
126 166 0.5940 700.0000
126 167 0.7367 700.0000
127 129 0.5173 700.0000
127 130 0.8999 700.0000
127 131 0.8929 700.0000
127 141 0.8708 700.0000
127 166 0.7146 700.0000
127 167 0.5275 700.0000
127 168 0.7375 700.0000
128 130 0.5950 700.0000
128 131 0.4868 700.0000
128 132 0.7734 700.0000
128 136 0.8732 700.0000
128 138 0.7338 700.0000
128 141 0.6007 700.0000
128 142 0.8551 700.0000
128 145 0.8965 700.0000
128 166 0.8537 700.0000
128 167 0.7854 700.0000
128 168 0.7248 700.0000
128 172 0.8550 700.0000
128 175 0.6390 700.0000
128 179 0.8293 700.0000
129 131 0.6317 700.0000
129 132 0.8295 700.0000
129 134 0.8391 700.0000
129 136 0.7700 700.0000
129 141 0.6059 700.0000
129 145 0.8450 700.0000
130 132 0.4581 700.0000
130 133 0.7060 700.0000
130 134 0.4384 700.0000
130 135 0.5573 700.0000
130 136 0.4503 700.0000
130 137 0.8045 700.0000
130 138 0.8263 700.0000
130 141 0.6846 700.0000
131 133 0.7812 700.0000
131 134 0.7058 700.0000
131 135 0.5852 700.0000
131 136 0.5646 700.0000
131 137 0.6660 700.0000
131 138 0.4921 700.0000
131 141 0.6605 700.0000
131 172 0.8560 700.0000
131 174 0.8857 700.0000
131 175 0.6816 700.0000
132 134 0.5172 700.0000
132 135 0.5139 700.0000
132 136 0.7243 700.0000
132 137 0.8867 700.0000
132 138 0.8000 700.0000
133 135 0.7131 700.0000
134 136 0.6148 700.0000
135 137 0.5804 700.0000
135 138 0.8250 700.0000
136 138 0.7765 700.0000
136 140 0.6837 700.0000
136 141 0.6089 700.0000
136 144 0.8905 700.0000
137 139 0.5271 700.0000
137 140 0.4623 700.0000
137 141 0.7174 700.0000
137 142 0.8816 700.0000
138 140 0.7683 700.0000
138 141 0.7060 700.0000
138 142 0.7784 700.0000
138 172 0.7219 700.0000
138 174 0.5107 700.0000
138 175 0.4248 700.0000
138 176 0.8966 700.0000
138 178 0.6544 700.0000
138 179 0.8148 700.0000
139 141 0.7566 700.0000
139 142 0.6173 700.0000
139 143 0.5868 700.0000
139 174 0.8786 700.0000
139 175 0.8258 700.0000
139 178 0.5740 700.0000
139 179 0.8454 700.0000
139 181 0.8706 700.0000
139 182 0.8825 700.0000
140 142 0.6288 700.0000
140 143 0.5277 700.0000
140 144 0.6624 700.0000
140 178 0.8959 700.0000
141 143 0.7484 700.0000
141 144 0.5207 700.0000
141 145 0.5427 700.0000
141 146 0.8382 700.0000
141 175 0.8162 700.0000
141 178 0.8860 700.0000
141 179 0.7497 700.0000
142 144 0.5800 700.0000
142 145 0.5364 700.0000
142 146 0.5561 700.0000
142 147 0.8289 700.0000
142 166 0.8278 700.0000
142 175 0.7867 700.0000
142 178 0.5918 700.0000
142 179 0.4645 700.0000
142 182 0.6348 700.0000
142 183 0.8780 700.0000
143 145 0.7951 700.0000
143 146 0.6610 700.0000
143 147 0.7130 700.0000
143 178 0.7789 700.0000
143 179 0.8241 700.0000
143 182 0.5314 700.0000
143 185 0.7344 700.0000
143 186 0.8396 700.0000
144 146 0.6640 700.0000
144 147 0.5597 700.0000
144 148 0.6481 700.0000
144 149 0.8995 700.0000
145 147 0.6357 700.0000
145 148 0.6471 700.0000
145 149 0.6160 700.0000
145 164 0.8940 700.0000
145 166 0.7075 700.0000
145 179 0.7901 700.0000
146 148 0.7524 700.0000
146 149 0.5746 700.0000
146 150 0.6086 700.0000
146 166 0.7645 700.0000
146 179 0.7365 700.0000
146 182 0.6175 700.0000
146 183 0.7209 700.0000
146 186 0.6510 700.0000
147 149 0.6151 700.0000
147 150 0.5776 700.0000
147 151 0.6132 700.0000
147 182 0.8826 700.0000
147 186 0.7941 700.0000
148 150 0.7622 700.0000
148 151 0.4053 700.0000
148 152 0.6624 700.0000
149 151 0.6737 700.0000
149 152 0.6004 700.0000
149 153 0.6463 700.0000
149 154 0.8642 700.0000
149 164 0.7107 700.0000
150 152 0.8830 700.0000
150 153 0.6521 700.0000
150 154 0.7022 700.0000
150 186 0.6710 700.0000
151 153 0.7385 700.0000
151 154 0.6203 700.0000
151 155 0.5610 700.0000
151 156 0.8444 700.0000
152 154 0.6874 700.0000
152 155 0.6639 700.0000
152 156 0.4671 700.0000
152 158 0.7335 700.0000
152 161 0.8495 700.0000
153 155 0.6807 700.0000
153 156 0.5523 700.0000
153 157 0.8394 700.0000
153 158 0.6359 700.0000
153 161 0.8671 700.0000
154 156 0.6303 700.0000
156 158 0.5781 700.0000
157 159 0.6797 700.0000
158 160 0.6386 700.0000
158 161 0.5476 700.0000
158 162 0.7761 700.0000
159 161 0.8045 700.0000
160 162 0.5847 700.0000
161 163 0.6910 700.0000
161 164 0.7852 700.0000
163 165 0.5727 700.0000
164 166 0.5753 700.0000
165 167 0.6597 700.0000
166 168 0.7039 700.0000
166 179 0.6074 700.0000
166 183 0.8098 700.0000
167 169 0.8272 700.0000
168 170 0.6912 700.0000
168 171 0.8764 700.0000
168 172 0.6595 700.0000
168 175 0.6006 700.0000
168 176 0.5544 700.0000
168 179 0.6945 700.0000
169 171 0.4698 700.0000
169 172 0.5933 700.0000
169 173 0.8605 700.0000
169 176 0.8914 700.0000
170 172 0.6916 700.0000
170 173 0.7221 700.0000
170 176 0.7877 700.0000
171 173 0.5084 700.0000
171 174 0.8973 700.0000
171 176 0.8371 700.0000
172 174 0.5303 700.0000
172 175 0.4603 700.0000
172 176 0.5894 700.0000
173 175 0.7795 700.0000
173 176 0.5759 700.0000
173 177 0.7789 700.0000
174 176 0.7367 700.0000
174 177 0.7131 700.0000
174 178 0.7539 700.0000
175 177 0.7431 700.0000
175 178 0.5480 700.0000
175 179 0.5785 700.0000
175 180 0.8952 700.0000
176 178 0.6350 700.0000
176 179 0.6607 700.0000
176 180 0.6272 700.0000
177 179 0.7875 700.0000
177 180 0.5140 700.0000
177 181 0.5085 700.0000
178 180 0.5322 700.0000
178 181 0.5071 700.0000
178 182 0.7004 700.0000
178 183 0.8523 700.0000
178 185 0.8723 700.0000
179 181 0.7746 700.0000
179 182 0.6990 700.0000
179 183 0.6446 700.0000
180 182 0.7160 700.0000
180 183 0.5508 700.0000
180 184 0.6429 700.0000
180 185 0.8284 700.0000
181 183 0.7710 700.0000
181 184 0.5893 700.0000
181 185 0.5545 700.0000
182 184 0.6043 700.0000
182 185 0.3642 700.0000
182 186 0.4828 700.0000
182 187 0.8748 700.0000
183 185 0.7816 700.0000
183 186 0.6669 700.0000
183 187 0.7104 700.0000
184 186 0.6939 700.0000
184 187 0.5004 700.0000
185 187 0.8232 700.0000
213 215 0.6208 700.0000
213 216 0.4628 700.0000
213 217 0.8310 700.0000
214 216 0.5724 700.0000
214 217 0.7860 700.0000
214 230 0.8134 700.0000
215 217 0.5139 700.0000
215 228 0.7368 700.0000
215 229 0.5653 700.0000
215 230 0.5133 700.0000
215 231 0.8999 700.0000
215 367 0.8989 700.0000
215 373 0.7050 700.0000
216 218 0.7121 700.0000
216 227 0.6540 700.0000
216 228 0.6154 700.0000
216 229 0.5563 700.0000
216 230 0.7089 700.0000
216 364 0.8959 700.0000
216 373 0.8749 700.0000
217 227 0.7984 700.0000
217 228 0.5369 700.0000
217 229 0.6994 700.0000
217 230 0.8750 700.0000
217 373 0.6484 700.0000
217 374 0.8547 700.0000
217 376 0.8884 700.0000
217 377 0.5363 700.0000
217 380 0.7226 700.0000
218 220 0.7878 700.0000
218 225 0.6153 700.0000
218 226 0.6894 700.0000
218 227 0.5084 700.0000
218 228 0.7761 700.0000
218 362 0.8998 700.0000
218 380 0.8586 700.0000
219 221 0.5686 700.0000
219 222 0.8689 700.0000
219 224 0.8283 700.0000
219 225 0.7116 700.0000
219 226 0.4862 700.0000
219 227 0.7942 700.0000
219 228 0.8685 700.0000
219 345 0.8369 700.0000
219 380 0.5286 700.0000
219 381 0.8650 700.0000
219 383 0.8662 700.0000
219 384 0.7880 700.0000
220 222 0.4174 700.0000
220 223 0.6065 700.0000
220 224 0.6031 700.0000
220 225 0.5875 700.0000
220 226 0.8568 700.0000
221 223 0.6329 700.0000
221 224 0.4662 700.0000
221 225 0.7180 700.0000
221 226 0.6552 700.0000
221 345 0.7497 700.0000
221 348 0.5834 700.0000
221 349 0.6871 700.0000
221 352 0.6913 700.0000
221 363 0.8771 700.0000
221 383 0.8920 700.0000
222 224 0.5507 700.0000
222 225 0.8189 700.0000
222 352 0.6673 700.0000
222 357 0.8749 700.0000
223 225 0.7200 700.0000
223 352 0.6450 700.0000
223 357 0.5831 700.0000
223 360 0.7611 700.0000
223 361 0.5980 700.0000
224 226 0.7227 700.0000
224 348 0.6543 700.0000
224 351 0.8281 700.0000
224 352 0.7011 700.0000
224 357 0.7012 700.0000
224 360 0.6356 700.0000
224 361 0.5733 700.0000
224 362 0.7303 700.0000
224 363 0.6495 700.0000
225 227 0.6214 700.0000
225 360 0.8934 700.0000
225 361 0.6723 700.0000
225 362 0.4853 700.0000
225 363 0.6254 700.0000
226 228 0.6153 700.0000
226 344 0.7880 700.0000
226 345 0.6833 700.0000
226 348 0.7296 700.0000
226 362 0.7942 700.0000
226 363 0.5141 700.0000
226 364 0.7664 700.0000
226 365 0.6823 700.0000
226 376 0.8425 700.0000
226 380 0.6631 700.0000
227 229 0.6684 700.0000
227 362 0.5983 700.0000
227 363 0.6306 700.0000
227 364 0.4594 700.0000
227 365 0.6699 700.0000
228 230 0.7666 700.0000
228 363 0.8767 700.0000
228 364 0.6341 700.0000
228 365 0.4656 700.0000
228 366 0.7161 700.0000
228 367 0.6877 700.0000
228 373 0.6245 700.0000
228 376 0.6176 700.0000
228 377 0.8430 700.0000
228 380 0.7252 700.0000
229 231 0.5763 700.0000
229 364 0.6044 700.0000
229 365 0.5661 700.0000
229 366 0.5112 700.0000
229 367 0.5003 700.0000
229 373 0.6487 700.0000
229 376 0.8880 700.0000
230 232 0.8551 700.0000
230 366 0.6833 700.0000
230 367 0.5268 700.0000
230 368 0.7465 700.0000
230 369 0.8573 700.0000
230 370 0.7467 700.0000
230 373 0.6846 700.0000
231 233 0.6890 700.0000
231 234 0.8837 700.0000
231 235 0.7817 700.0000
231 236 0.7820 700.0000
231 365 0.8921 700.0000
231 366 0.5126 700.0000
231 367 0.5198 700.0000
231 368 0.5188 700.0000
231 369 0.8309 700.0000
232 234 0.4441 700.0000
232 235 0.4282 700.0000
232 236 0.6666 700.0000
232 258 0.8194 700.0000
232 366 0.7284 700.0000
232 368 0.6671 700.0000
233 235 0.6774 700.0000
233 236 0.5334 700.0000
233 241 0.6499 700.0000
233 242 0.7869 700.0000
233 255 0.7221 700.0000
233 258 0.7868 700.0000
233 259 0.6740 700.0000
233 290 0.8601 700.0000
233 324 0.6371 700.0000
233 325 0.7750 700.0000
233 326 0.6953 700.0000
233 364 0.8480 700.0000
233 366 0.5431 700.0000
233 367 0.8983 700.0000
234 236 0.6618 700.0000
234 241 0.8596 700.0000
234 255 0.8812 700.0000
234 258 0.6203 700.0000
234 259 0.6260 700.0000
234 262 0.5474 700.0000
234 263 0.8778 700.0000
234 290 0.6430 700.0000
234 291 0.8346 700.0000
235 262 0.8651 700.0000
235 290 0.8903 700.0000
235 291 0.7628 700.0000
236 238 0.7009 700.0000
236 241 0.8048 700.0000
236 290 0.8994 700.0000
236 291 0.7101 700.0000
236 324 0.6066 700.0000
236 364 0.6781 700.0000
236 366 0.7193 700.0000
237 239 0.8213 700.0000
237 291 0.4458 700.0000
237 292 0.7700 700.0000
237 322 0.8502 700.0000
237 324 0.8698 700.0000
238 240 0.5201 700.0000
238 241 0.6335 700.0000
238 290 0.8830 700.0000
238 291 0.7435 700.0000
238 292 0.5435 700.0000
238 293 0.6863 700.0000
238 294 0.8795 700.0000
238 320 0.8756 700.0000
238 321 0.7854 700.0000
238 322 0.4725 700.0000
238 323 0.6767 700.0000
238 324 0.5825 700.0000
238 362 0.8567 700.0000
238 364 0.8843 700.0000
239 241 0.8268 700.0000
239 292 0.6610 700.0000
239 293 0.4733 700.0000
239 294 0.7287 700.0000
239 315 0.7613 700.0000
239 320 0.4797 700.0000
239 321 0.5498 700.0000
239 322 0.3997 700.0000
239 323 0.6971 700.0000
239 324 0.8500 700.0000
240 242 0.6510 700.0000
240 292 0.6076 700.0000
240 293 0.6887 700.0000
240 294 0.5825 700.0000
240 295 0.6647 700.0000
240 296 0.6341 700.0000
240 311 0.7940 700.0000
240 315 0.6614 700.0000
240 320 0.6565 700.0000
240 321 0.8441 700.0000
240 322 0.5757 700.0000
240 323 0.4947 700.0000
240 324 0.5896 700.0000
240 325 0.8679 700.0000
241 243 0.7300 700.0000
241 259 0.7359 700.0000
241 287 0.7714 700.0000
241 290 0.7043 700.0000
241 292 0.5557 700.0000
241 294 0.7337 700.0000
241 295 0.5125 700.0000
241 296 0.6723 700.0000
241 297 0.8592 700.0000
241 322 0.8921 700.0000
241 323 0.7376 700.0000
241 324 0.5146 700.0000
241 325 0.7620 700.0000
241 326 0.8754 700.0000
242 244 0.6910 700.0000
242 255 0.8958 700.0000
242 259 0.8396 700.0000
242 295 0.6735 700.0000
242 296 0.5185 700.0000
242 297 0.6972 700.0000
242 298 0.6494 700.0000
242 308 0.8934 700.0000
242 311 0.7550 700.0000
242 323 0.7522 700.0000
242 324 0.6360 700.0000
242 325 0.5202 700.0000
242 326 0.5828 700.0000
242 328 0.8025 700.0000
243 245 0.5259 700.0000
243 246 0.8740 700.0000
243 249 0.8369 700.0000
243 251 0.8274 700.0000
243 255 0.6507 700.0000
243 256 0.5171 700.0000
243 258 0.8900 700.0000
243 259 0.5822 700.0000
243 260 0.7719 700.0000
243 283 0.8796 700.0000
243 295 0.6624 700.0000
243 296 0.6803 700.0000
243 297 0.4417 700.0000
243 298 0.5607 700.0000
243 299 0.8942 700.0000
243 326 0.7866 700.0000
243 328 0.8992 700.0000
244 246 0.7545 700.0000
244 251 0.7487 700.0000
244 253 0.8343 700.0000
244 254 0.8104 700.0000
244 255 0.5854 700.0000
244 256 0.5793 700.0000
244 259 0.8692 700.0000
244 297 0.7731 700.0000
244 298 0.5364 700.0000
244 299 0.7106 700.0000
244 300 0.5281 700.0000
244 301 0.8783 700.0000
244 326 0.6621 700.0000
244 327 0.7843 700.0000
244 328 0.5828 700.0000
244 329 0.6867 700.0000
244 331 0.8901 700.0000
245 247 0.7347 700.0000
245 248 0.7137 700.0000
245 249 0.5587 700.0000
245 250 0.7398 700.0000
245 251 0.4990 700.0000
245 253 0.8040 700.0000
245 255 0.8414 700.0000
245 256 0.5905 700.0000
245 297 0.6477 700.0000
245 298 0.5585 700.0000
245 299 0.5621 700.0000
245 300 0.6236 700.0000
245 301 0.8897 700.0000
246 248 0.4251 700.0000
246 249 0.4990 700.0000
246 250 0.5893 700.0000
246 251 0.5150 700.0000
246 256 0.8504 700.0000
246 297 0.8867 700.0000
246 298 0.7980 700.0000
246 299 0.5809 700.0000
246 300 0.7374 700.0000
246 301 0.8776 700.0000
247 249 0.6036 700.0000
247 250 0.7991 700.0000
247 251 0.8972 700.0000
247 275 0.8924 700.0000
247 278 0.8134 700.0000
247 281 0.8974 700.0000
247 299 0.6348 700.0000
248 250 0.4313 700.0000
248 251 0.7291 700.0000
248 271 0.8474 700.0000
248 272 0.8350 700.0000
248 275 0.7070 700.0000
248 278 0.8812 700.0000
248 299 0.8812 700.0000
249 251 0.8157 700.0000
249 271 0.5770 700.0000
249 272 0.7725 700.0000
249 274 0.7852 700.0000
249 275 0.5855 700.0000
249 278 0.7486 700.0000
249 281 0.8882 700.0000
249 283 0.5731 700.0000
249 297 0.6013 700.0000
249 298 0.7554 700.0000
249 299 0.7089 700.0000
250 252 0.6257 700.0000
250 256 0.8738 700.0000
250 268 0.7863 700.0000
250 271 0.7692 700.0000
250 272 0.7768 700.0000
251 253 0.4374 700.0000
251 254 0.7144 700.0000
251 255 0.8325 700.0000
251 256 0.5019 700.0000
251 257 0.7621 700.0000
251 260 0.8379 700.0000
251 332 0.8697 700.0000
252 254 0.8123 700.0000
252 256 0.6686 700.0000
252 257 0.5085 700.0000
252 258 0.8710 700.0000
252 260 0.6590 700.0000
252 261 0.7466 700.0000
252 268 0.7627 700.0000
253 255 0.6331 700.0000
253 256 0.4886 700.0000
253 257 0.5036 700.0000
253 258 0.7927 700.0000
253 260 0.8958 700.0000
253 332 0.7172 700.0000
254 256 0.5023 700.0000
254 257 0.5001 700.0000
254 258 0.6225 700.0000
254 259 0.8265 700.0000
254 331 0.8628 700.0000
254 332 0.7827 700.0000
255 257 0.7011 700.0000
255 258 0.5476 700.0000
255 259 0.5801 700.0000
255 260 0.8632 700.0000
255 326 0.7111 700.0000
255 327 0.8674 700.0000
256 258 0.5661 700.0000
256 259 0.5107 700.0000
256 260 0.5583 700.0000
256 261 0.8394 700.0000
256 297 0.8438 700.0000
257 259 0.7365 700.0000
257 260 0.6369 700.0000
257 261 0.4813 700.0000
257 262 0.8715 700.0000
258 260 0.5801 700.0000
258 261 0.4877 700.0000
258 262 0.5424 700.0000
258 263 0.8229 700.0000
259 261 0.7161 700.0000
259 262 0.5932 700.0000
259 263 0.6514 700.0000
259 264 0.8498 700.0000
259 267 0.8764 700.0000
259 290 0.7205 700.0000
259 295 0.7658 700.0000
259 297 0.8631 700.0000
260 262 0.6807 700.0000
260 263 0.5659 700.0000
260 264 0.5642 700.0000
260 265 0.8487 700.0000
260 267 0.6179 700.0000
260 268 0.5461 700.0000
260 271 0.8479 700.0000
260 297 0.8884 700.0000
261 263 0.7281 700.0000
261 264 0.7101 700.0000
261 268 0.8862 700.0000
262 264 0.6753 700.0000
262 288 0.8634 700.0000
262 289 0.6814 700.0000
262 290 0.6041 700.0000
263 265 0.8046 700.0000
263 266 0.7405 700.0000
263 267 0.5758 700.0000
263 268 0.8019 700.0000
263 286 0.7958 700.0000
263 287 0.5753 700.0000
263 288 0.4881 700.0000
263 289 0.4760 700.0000
263 290 0.5239 700.0000
263 295 0.8479 700.0000
264 266 0.5341 700.0000
264 267 0.5018 700.0000
264 268 0.5754 700.0000
264 269 0.8383 700.0000
264 287 0.7945 700.0000
264 288 0.6611 700.0000
264 289 0.6071 700.0000
264 290 0.8444 700.0000
265 267 0.7346 700.0000
265 268 0.5279 700.0000
265 269 0.6059 700.0000
266 268 0.6953 700.0000
266 269 0.4667 700.0000
266 270 0.6185 700.0000
266 286 0.8177 700.0000
266 287 0.8719 700.0000
266 288 0.7283 700.0000
266 289 0.8328 700.0000
267 269 0.6802 700.0000
267 270 0.4649 700.0000
267 271 0.5612 700.0000
267 272 0.8641 700.0000
267 285 0.5573 700.0000
267 286 0.5864 700.0000
267 287 0.6747 700.0000
267 288 0.7041 700.0000
267 295 0.7192 700.0000
267 297 0.8234 700.0000
268 270 0.7761 700.0000
268 271 0.6138 700.0000
268 272 0.7152 700.0000
269 271 0.8031 700.0000
269 272 0.7116 700.0000
269 273 0.7086 700.0000
270 272 0.7116 700.0000
270 273 0.6080 700.0000
270 274 0.6264 700.0000
270 283 0.8512 700.0000
270 284 0.8221 700.0000
270 285 0.5031 700.0000
270 286 0.6218 700.0000
270 287 0.8986 700.0000
270 295 0.8829 700.0000
271 273 0.6937 700.0000
271 274 0.5671 700.0000
271 275 0.6713 700.0000
271 283 0.6230 700.0000
271 284 0.8791 700.0000
271 285 0.6699 700.0000
271 295 0.8867 700.0000
271 297 0.6386 700.0000
272 274 0.6795 700.0000
272 275 0.5642 700.0000
272 276 0.6207 700.0000
273 275 0.7109 700.0000
273 276 0.6033 700.0000
273 277 0.6821 700.0000
274 276 0.7449 700.0000
274 277 0.5349 700.0000
274 278 0.8258 700.0000
274 283 0.5013 700.0000
274 284 0.6798 700.0000
274 285 0.7458 700.0000
274 297 0.8546 700.0000
275 277 0.6016 700.0000
275 278 0.5159 700.0000
275 283 0.7272 700.0000
276 278 0.8055 700.0000
277 279 0.7187 700.0000
278 280 0.6496 700.0000
278 281 0.6926 700.0000
278 282 0.8926 700.0000
278 283 0.8173 700.0000
280 282 0.4429 700.0000
280 283 0.7517 700.0000
281 283 0.8455 700.0000
281 298 0.7572 700.0000
281 299 0.5990 700.0000
281 302 0.6925 700.0000
281 306 0.8492 700.0000
281 307 0.7731 700.0000
281 310 0.8639 700.0000
282 284 0.6718 700.0000
282 296 0.6722 700.0000
282 297 0.7915 700.0000
282 298 0.7215 700.0000
282 299 0.8952 700.0000
282 307 0.8138 700.0000
282 310 0.6321 700.0000
282 311 0.7620 700.0000
282 314 0.7334 700.0000
283 285 0.6629 700.0000
283 295 0.7946 700.0000
283 296 0.6416 700.0000
283 297 0.4495 700.0000
283 298 0.7477 700.0000
284 286 0.7041 700.0000
284 294 0.6131 700.0000
284 295 0.6383 700.0000
284 296 0.5416 700.0000
284 297 0.6607 700.0000
284 314 0.8009 700.0000
285 287 0.6209 700.0000
285 288 0.8288 700.0000
285 292 0.8863 700.0000
285 294 0.5494 700.0000
285 295 0.4247 700.0000
285 296 0.7081 700.0000
285 297 0.6246 700.0000
286 288 0.5553 700.0000
286 290 0.8217 700.0000
286 292 0.6810 700.0000
286 293 0.7965 700.0000
286 294 0.4681 700.0000
286 295 0.4946 700.0000
286 296 0.8929 700.0000
286 297 0.8793 700.0000
287 289 0.6809 700.0000
287 290 0.4737 700.0000
287 292 0.4506 700.0000
287 293 0.7541 700.0000
287 294 0.5966 700.0000
287 295 0.5532 700.0000
288 290 0.5157 700.0000
288 292 0.6650 700.0000
288 294 0.8698 700.0000
288 295 0.8297 700.0000
290 292 0.4949 700.0000
290 295 0.7816 700.0000
292 294 0.5526 700.0000
292 295 0.6446 700.0000
292 324 0.8934 700.0000
293 295 0.8997 700.0000
293 318 0.8943 700.0000
293 320 0.6365 700.0000
293 322 0.8698 700.0000
294 296 0.6850 700.0000
294 315 0.8941 700.0000
294 318 0.8205 700.0000
294 320 0.7291 700.0000
295 297 0.5229 700.0000
296 298 0.6386 700.0000
296 310 0.8737 700.0000
296 311 0.6089 700.0000
296 314 0.8335 700.0000
296 315 0.8261 700.0000
297 299 0.8740 700.0000
298 300 0.6260 700.0000
298 301 0.8613 700.0000
298 302 0.7669 700.0000
298 307 0.6239 700.0000
298 308 0.8846 700.0000
298 311 0.8399 700.0000
298 328 0.7439 700.0000
299 301 0.5361 700.0000
299 302 0.4549 700.0000
299 307 0.7569 700.0000
299 328 0.8957 700.0000
300 302 0.5382 700.0000
300 303 0.8739 700.0000
300 304 0.7693 700.0000
300 307 0.8399 700.0000
300 328 0.5690 700.0000
300 329 0.5079 700.0000
300 330 0.8727 700.0000
300 331 0.8351 700.0000
300 332 0.8680 700.0000
300 333 0.6043 700.0000
300 335 0.7481 700.0000
301 303 0.7295 700.0000
301 304 0.7859 700.0000
301 328 0.8162 700.0000
301 329 0.6876 700.0000
301 333 0.6116 700.0000
301 335 0.7036 700.0000
302 304 0.7016 700.0000
302 306 0.7549 700.0000
302 307 0.6657 700.0000
303 305 0.5742 700.0000
303 306 0.4638 700.0000
303 307 0.5747 700.0000
303 308 0.8240 700.0000
303 309 0.8934 700.0000
303 343 0.7645 700.0000
304 306 0.6135 700.0000
304 307 0.5105 700.0000
304 308 0.5990 700.0000
304 309 0.8480 700.0000
304 327 0.8999 700.0000
304 328 0.5735 700.0000
304 329 0.8319 700.0000
304 335 0.7824 700.0000
304 340 0.6066 700.0000
304 341 0.8598 700.0000
304 343 0.5251 700.0000
304 344 0.6412 700.0000
304 347 0.8372 700.0000
305 307 0.7113 700.0000
305 308 0.6340 700.0000
305 309 0.6033 700.0000
305 342 0.8725 700.0000
305 343 0.4843 700.0000
305 344 0.7138 700.0000
305 345 0.8659 700.0000
305 346 0.5395 700.0000
305 347 0.4690 700.0000
305 348 0.8563 700.0000
305 350 0.6900 700.0000
306 308 0.5939 700.0000
306 309 0.4915 700.0000
306 310 0.5743 700.0000
306 311 0.8687 700.0000
306 343 0.8920 700.0000
306 347 0.7986 700.0000
307 309 0.5752 700.0000
307 310 0.5309 700.0000
307 311 0.6569 700.0000
307 312 0.8929 700.0000
307 328 0.7793 700.0000
307 347 0.8825 700.0000
308 310 0.5815 700.0000
308 311 0.5137 700.0000
308 312 0.5770 700.0000
308 313 0.8733 700.0000
308 325 0.8149 700.0000
308 328 0.8250 700.0000
308 343 0.7535 700.0000
308 344 0.6085 700.0000
308 347 0.5590 700.0000
308 348 0.7521 700.0000
309 311 0.5905 700.0000
309 312 0.5096 700.0000
309 313 0.5591 700.0000
309 347 0.5341 700.0000
309 348 0.7947 700.0000
309 350 0.7481 700.0000
309 351 0.6771 700.0000
310 312 0.6101 700.0000
310 313 0.4907 700.0000
310 314 0.6634 700.0000
310 315 0.8561 700.0000
311 313 0.6570 700.0000
311 314 0.6408 700.0000
311 315 0.5639 700.0000
311 323 0.7405 700.0000
312 314 0.7786 700.0000
312 315 0.5644 700.0000
312 316 0.7039 700.0000
312 323 0.7427 700.0000
312 347 0.7260 700.0000
312 348 0.7127 700.0000
312 351 0.5209 700.0000
312 356 0.8101 700.0000
312 357 0.8579 700.0000
312 360 0.6631 700.0000
312 363 0.8479 700.0000
313 315 0.7359 700.0000
313 316 0.6954 700.0000
313 317 0.7155 700.0000
313 351 0.6617 700.0000
313 354 0.8916 700.0000
313 356 0.7366 700.0000
314 316 0.7545 700.0000
314 317 0.4312 700.0000
314 318 0.5640 700.0000
314 320 0.8108 700.0000
315 317 0.7042 700.0000
315 318 0.5754 700.0000
315 319 0.7346 700.0000
315 320 0.4547 700.0000
315 321 0.7623 700.0000
315 322 0.7709 700.0000
315 323 0.6911 700.0000
315 359 0.7552 700.0000
315 360 0.6681 700.0000
316 318 0.7497 700.0000
316 319 0.5596 700.0000
316 320 0.7429 700.0000
316 321 0.8553 700.0000
316 351 0.7643 700.0000
316 356 0.6189 700.0000
316 357 0.6453 700.0000
316 358 0.5913 700.0000
316 359 0.4363 700.0000
316 360 0.5610 700.0000
317 319 0.7303 700.0000
317 320 0.8405 700.0000
318 320 0.4569 700.0000
319 321 0.7920 700.0000
319 358 0.8443 700.0000
319 359 0.5320 700.0000
319 360 0.8519 700.0000
320 322 0.6845 700.0000
320 323 0.8487 700.0000
320 359 0.7616 700.0000
320 360 0.8326 700.0000
321 323 0.6992 700.0000
321 359 0.5800 700.0000
321 360 0.5239 700.0000
321 361 0.5370 700.0000
321 362 0.6552 700.0000
321 363 0.8926 700.0000
322 324 0.6755 700.0000
322 359 0.8927 700.0000
322 360 0.7109 700.0000
322 361 0.7855 700.0000
322 362 0.5435 700.0000
322 363 0.7370 700.0000
322 364 0.8610 700.0000
323 325 0.6411 700.0000
323 360 0.7384 700.0000
323 362 0.6252 700.0000
323 363 0.4890 700.0000
323 364 0.7061 700.0000
323 365 0.8874 700.0000
324 326 0.7527 700.0000
324 362 0.7826 700.0000
324 363 0.7030 700.0000
324 364 0.4790 700.0000
324 365 0.6961 700.0000
324 366 0.6613 700.0000
325 327 0.6779 700.0000
325 328 0.7099 700.0000
325 344 0.7907 700.0000
325 363 0.7031 700.0000
325 364 0.6421 700.0000
325 365 0.4701 700.0000
325 366 0.5878 700.0000
326 328 0.5112 700.0000
326 329 0.8278 700.0000
326 330 0.8430 700.0000
326 364 0.8934 700.0000
326 365 0.6193 700.0000
326 366 0.5512 700.0000
326 367 0.7569 700.0000
327 329 0.5746 700.0000
327 330 0.4917 700.0000
327 331 0.7944 700.0000
327 335 0.8636 700.0000
327 337 0.7771 700.0000
327 340 0.6249 700.0000
327 341 0.8469 700.0000
327 344 0.8609 700.0000
327 365 0.7167 700.0000
327 366 0.7340 700.0000
327 367 0.6947 700.0000
327 372 0.7615 700.0000
327 376 0.8040 700.0000
328 330 0.6611 700.0000
328 331 0.8663 700.0000
328 333 0.8872 700.0000
328 335 0.7471 700.0000
328 340 0.6219 700.0000
328 344 0.7917 700.0000
329 331 0.4448 700.0000
329 332 0.7042 700.0000
329 333 0.4507 700.0000
329 334 0.7242 700.0000
329 335 0.4609 700.0000
329 337 0.8331 700.0000
329 340 0.7272 700.0000
330 332 0.7905 700.0000
330 333 0.6711 700.0000
330 334 0.7493 700.0000
330 335 0.5911 700.0000
330 336 0.7853 700.0000
330 337 0.5965 700.0000
330 340 0.7106 700.0000
330 369 0.8685 700.0000
330 372 0.7653 700.0000
331 333 0.4777 700.0000
331 334 0.5591 700.0000
331 335 0.7234 700.0000
332 334 0.6375 700.0000
333 335 0.5326 700.0000
334 336 0.8906 700.0000
335 337 0.6961 700.0000
335 339 0.7549 700.0000
335 340 0.6242 700.0000
336 338 0.5393 700.0000
336 339 0.5592 700.0000
336 340 0.7145 700.0000
336 375 0.8619 700.0000
337 339 0.6649 700.0000
337 340 0.5349 700.0000
337 341 0.6812 700.0000
337 371 0.8523 700.0000
337 372 0.6022 700.0000
337 375 0.5955 700.0000
337 376 0.7297 700.0000
338 340 0.6662 700.0000
338 341 0.5713 700.0000
338 342 0.5858 700.0000
338 375 0.5723 700.0000
338 376 0.7669 700.0000
338 378 0.7967 700.0000
338 379 0.5959 700.0000
338 382 0.8545 700.0000
339 341 0.6359 700.0000
339 342 0.4630 700.0000
339 343 0.6818 700.0000
339 379 0.8853 700.0000
340 342 0.6803 700.0000
340 343 0.5479 700.0000
340 344 0.5945 700.0000
340 345 0.8853 700.0000
340 375 0.8823 700.0000
340 376 0.7094 700.0000
341 343 0.5230 700.0000
341 344 0.4968 700.0000
341 345 0.5727 700.0000
341 346 0.8137 700.0000
341 375 0.7092 700.0000
341 376 0.4725 700.0000
341 378 0.8744 700.0000
341 379 0.5627 700.0000
341 380 0.8443 700.0000
342 344 0.7475 700.0000
342 345 0.6376 700.0000
342 346 0.5850 700.0000
342 379 0.6478 700.0000
342 382 0.8401 700.0000
342 383 0.7785 700.0000
343 345 0.5677 700.0000
343 346 0.4681 700.0000
343 347 0.6090 700.0000
343 348 0.8436 700.0000
344 346 0.6693 700.0000
344 347 0.5871 700.0000
344 348 0.6526 700.0000
344 363 0.8697 700.0000
344 365 0.8047 700.0000
344 376 0.7794 700.0000
345 347 0.6245 700.0000
345 348 0.5552 700.0000
345 349 0.6739 700.0000
345 376 0.8332 700.0000
345 379 0.7370 700.0000
345 380 0.7663 700.0000
345 383 0.6161 700.0000
346 348 0.6833 700.0000
346 349 0.5392 700.0000
346 350 0.6301 700.0000
346 383 0.7817 700.0000
347 349 0.6236 700.0000
347 350 0.5004 700.0000
347 351 0.6667 700.0000
347 352 0.8432 700.0000
348 350 0.6939 700.0000
348 351 0.6045 700.0000
348 352 0.6512 700.0000
348 363 0.7326 700.0000
349 351 0.8397 700.0000
349 352 0.6252 700.0000
349 353 0.5226 700.0000
349 354 0.8778 700.0000
349 383 0.7869 700.0000
350 352 0.6893 700.0000
350 353 0.5270 700.0000
350 354 0.5326 700.0000
351 353 0.7858 700.0000
351 354 0.5755 700.0000
351 355 0.6448 700.0000
351 356 0.4366 700.0000
351 357 0.5537 700.0000
351 360 0.7315 700.0000
352 354 0.6414 700.0000
352 355 0.5686 700.0000
352 356 0.6231 700.0000
352 357 0.5577 700.0000
353 355 0.7509 700.0000
354 356 0.5833 700.0000
354 357 0.8972 700.0000
355 357 0.5288 700.0000
355 358 0.6542 700.0000
356 358 0.5715 700.0000
356 359 0.8225 700.0000
356 360 0.8008 700.0000
357 359 0.5961 700.0000
357 360 0.5318 700.0000
357 361 0.6805 700.0000
358 360 0.7430 700.0000
358 361 0.8472 700.0000
359 361 0.5655 700.0000
360 362 0.7754 700.0000
360 363 0.7726 700.0000
361 363 0.8643 700.0000
362 364 0.6237 700.0000
363 365 0.6860 700.0000
364 366 0.5579 700.0000
364 367 0.8921 700.0000
365 367 0.6149 700.0000
365 373 0.8718 700.0000
365 376 0.6906 700.0000
366 368 0.8136 700.0000
367 369 0.5903 700.0000
367 370 0.6968 700.0000
367 372 0.5884 700.0000
367 373 0.5652 700.0000
367 376 0.7708 700.0000
368 370 0.7742 700.0000
369 371 0.5208 700.0000
369 372 0.5520 700.0000
369 373 0.7850 700.0000
370 372 0.5873 700.0000
370 373 0.5623 700.0000
370 374 0.6571 700.0000
371 373 0.7749 700.0000
371 374 0.6829 700.0000
371 375 0.7971 700.0000
372 374 0.6061 700.0000
372 375 0.5266 700.0000
372 376 0.5987 700.0000
373 375 0.6447 700.0000
373 376 0.5953 700.0000
373 377 0.7170 700.0000
373 378 0.8951 700.0000
374 376 0.7679 700.0000
374 377 0.6375 700.0000
374 378 0.7114 700.0000
375 377 0.7647 700.0000
375 378 0.5355 700.0000
375 379 0.5969 700.0000
375 380 0.8773 700.0000
376 378 0.7057 700.0000
376 379 0.6050 700.0000
376 380 0.6605 700.0000
377 379 0.7687 700.0000
377 380 0.5413 700.0000
377 381 0.5256 700.0000
378 380 0.5821 700.0000
378 381 0.5639 700.0000
378 382 0.5142 700.0000
379 381 0.7565 700.0000
379 382 0.4257 700.0000
379 383 0.6533 700.0000
380 382 0.7540 700.0000
380 383 0.7382 700.0000
380 384 0.7452 700.0000
381 383 0.8627 700.0000
381 384 0.4399 700.0000
382 384 0.8270 700.0000
