parp14 1 739 | parp14 1 1431 | 0.823 350.0
parp14 1 739 | parp14 1 1432 | 0.578 350.0
parp14 1 739 | parp14 1 1433 | 0.545 350.0
parp14 1 739 | parp14 1 1434 | 0.593 350.0
parp14 1 739 | parp14 1 1435 | 0.577 350.0
parp14 1 739 | parp14 1 1436 | 0.577 350.0
parp14 1 739 | parp14 1 1438 | 0.897 350.0
parp14 1 739 | parp14 1 1439 | 0.715 350.0
parp14 1 740 | parp14 1 1430 | 0.690 350.0
parp14 1 740 | parp14 1 1431 | 0.577 350.0
parp14 1 740 | parp14 1 1432 | 0.447 350.0
parp14 1 740 | parp14 1 1433 | 0.662 350.0
parp14 1 740 | parp14 1 1434 | 0.879 350.0
parp14 1 740 | parp14 1 1435 | 0.899 350.0
parp14 1 740 | parp14 1 1436 | 0.809 350.0
parp14 1 740 | parp14 1 1439 | 0.750 350.0
parp14 1 741 | parp14 1 1429 | 0.821 350.0
parp14 1 741 | parp14 1 1430 | 0.579 350.0
parp14 1 741 | parp14 1 1431 | 0.541 350.0
parp14 1 741 | parp14 1 1432 | 0.656 350.0
parp14 1 741 | parp14 1 1433 | 0.878 350.0
parp14 1 741 | parp14 1 1436 | 0.836 350.0
parp14 1 741 | parp14 1 1439 | 0.706 350.0
parp14 1 741 | parp14 1 1440 | 0.825 350.0
parp14 1 741 | parp14 1 1443 | 0.867 350.0
parp14 1 742 | parp14 1 1428 | 0.653 350.0
parp14 1 742 | parp14 1 1429 | 0.555 350.0
parp14 1 742 | parp14 1 1430 | 0.435 350.0
parp14 1 742 | parp14 1 1431 | 0.627 350.0
parp14 1 742 | parp14 1 1432 | 0.872 350.0
parp14 1 743 | parp14 1 1427 | 0.820 350.0
parp14 1 743 | parp14 1 1428 | 0.556 350.0
parp14 1 743 | parp14 1 1429 | 0.516 350.0
parp14 1 743 | parp14 1 1430 | 0.640 350.0
parp14 1 743 | parp14 1 1431 | 0.787 350.0
parp14 1 743 | parp14 1 1443 | 0.746 350.0
parp14 1 744 | parp14 1 1427 | 0.579 350.0
parp14 1 744 | parp14 1 1428 | 0.445 350.0
parp14 1 744 | parp14 1 1429 | 0.642 350.0
parp14 1 744 | parp14 1 1430 | 0.885 350.0
parp14 1 745 | parp14 1 1427 | 0.537 350.0
parp14 1 745 | parp14 1 1428 | 0.636 350.0
parp14 1 745 | parp14 1 1429 | 0.797 350.0
parp14 1 745 | parp14 1 1447 | 0.821 350.0
parp14 1 746 | parp14 1 1427 | 0.652 350.0
parp14 1 746 | parp14 1 1428 | 0.875 350.0
parp14 1 747 | parp14 1 1427 | 0.785 350.0
parp14 1 747 | parp14 1 1450 | 0.788 350.0
parp14 1 747 | parp14 1 1451 | 0.838 350.0
parp14 1 748 | parp14 1 1427 | 0.857 350.0
parp14 1 749 | parp14 1 1427 | 0.866 350.0
parp14 1 749 | parp14 1 1450 | 0.870 350.0
parp14 1 750 | parp14 1 1427 | 0.644 350.0
parp14 1 750 | parp14 1 1450 | 0.624 350.0
parp14 1 750 | parp14 1 1453 | 0.895 350.0
parp14 1 751 | parp14 1 1427 | 0.531 350.0
parp14 1 751 | parp14 1 1428 | 0.819 350.0
parp14 1 751 | parp14 1 1429 | 0.899 350.0
parp14 1 753 | parp14 1 1450 | 0.753 350.0
parp14 1 753 | parp14 1 1453 | 0.844 350.0
parp14 1 754 | parp14 1 1450 | 0.861 350.0
parp14 1 761 | parp14 1 1446 | 0.824 350.0
parp14 1 765 | parp14 1 1442 | 0.606 350.0
parp14 1 765 | parp14 1 1445 | 0.843 350.0
parp14 1 765 | parp14 1 1446 | 0.843 350.0
parp14 1 766 | parp14 1 1433 | 0.892 350.0
parp14 1 766 | parp14 1 1442 | 0.878 350.0
parp14 1 768 | parp14 1 1442 | 0.800 350.0
parp14 1 769 | parp14 1 1433 | 0.796 350.0
parp14 1 769 | parp14 1 1438 | 0.557 350.0
parp14 1 769 | parp14 1 1439 | 0.749 350.0
parp14 1 769 | parp14 1 1441 | 0.712 350.0
parp14 1 769 | parp14 1 1442 | 0.608 350.0
parp14 1 770 | parp14 1 1432 | 0.892 350.0
parp14 1 770 | parp14 1 1433 | 0.645 350.0
parp14 1 770 | parp14 1 1434 | 0.760 350.0
parp14 1 770 | parp14 1 1438 | 0.727 350.0
parp14 1 770 | parp14 1 1439 | 0.867 350.0
parp14 1 770 | parp14 1 1442 | 0.869 350.0
parp14 1 771 | parp14 1 1431 | 0.659 350.0
parp14 1 771 | parp14 1 1432 | 0.550 350.0
parp14 1 771 | parp14 1 1433 | 0.436 350.0
parp14 1 771 | parp14 1 1434 | 0.732 350.0
parp14 1 771 | parp14 1 1438 | 0.694 350.0
parp14 1 771 | parp14 1 1439 | 0.647 350.0
parp14 1 771 | parp14 1 1442 | 0.692 350.0
parp14 1 772 | parp14 1 1430 | 0.814 350.0
parp14 1 772 | parp14 1 1431 | 0.566 350.0
parp14 1 772 | parp14 1 1432 | 0.508 350.0
parp14 1 772 | parp14 1 1433 | 0.637 350.0
parp14 1 772 | parp14 1 1439 | 0.880 350.0
parp14 1 772 | parp14 1 1442 | 0.891 350.0
parp14 1 773 | parp14 1 1429 | 0.677 350.0
parp14 1 773 | parp14 1 1430 | 0.564 350.0
parp14 1 773 | parp14 1 1431 | 0.449 350.0
parp14 1 773 | parp14 1 1432 | 0.637 350.0
parp14 1 773 | parp14 1 1433 | 0.886 350.0
parp14 1 773 | parp14 1 1442 | 0.861 350.0
parp14 1 774 | parp14 1 1428 | 0.859 350.0
parp14 1 774 | parp14 1 1429 | 0.585 350.0
parp14 1 774 | parp14 1 1430 | 0.517 350.0
parp14 1 774 | parp14 1 1431 | 0.653 350.0
parp14 1 774 | parp14 1 1432 | 0.849 350.0
parp14 1 775 | parp14 1 1427 | 0.736 350.0
parp14 1 775 | parp14 1 1428 | 0.608 350.0
parp14 1 775 | parp14 1 1429 | 0.471 350.0
parp14 1 775 | parp14 1 1430 | 0.626 350.0
parp14 1 775 | parp14 1 1431 | 0.878 350.0
parp14 1 776 | parp14 1 1427 | 0.733 350.0
parp14 1 776 | parp14 1 1428 | 0.526 350.0
parp14 1 776 | parp14 1 1429 | 0.568 350.0
parp14 1 776 | parp14 1 1430 | 0.645 350.0
parp9 1 60 | parp9 1 519 | 0.806 350.0
parp9 1 60 | parp9 1 520 | 0.564 350.0
parp9 1 60 | parp9 1 521 | 0.536 350.0
parp9 1 60 | parp9 1 522 | 0.609 350.0
parp9 1 60 | parp9 1 523 | 0.691 350.0
parp9 1 60 | parp9 1 524 | 0.677 350.0
parp9 1 60 | parp9 1 527 | 0.757 350.0
parp9 1 61 | parp9 1 518 | 0.703 350.0
parp9 1 61 | parp9 1 519 | 0.556 350.0
parp9 1 61 | parp9 1 520 | 0.445 350.0
parp9 1 61 | parp9 1 521 | 0.658 350.0
parp9 1 61 | parp9 1 522 | 0.889 350.0
parp9 1 61 | parp9 1 527 | 0.819 350.0
parp9 1 62 | parp9 1 517 | 0.807 350.0
parp9 1 62 | parp9 1 518 | 0.583 350.0
parp9 1 62 | parp9 1 519 | 0.510 350.0
parp9 1 62 | parp9 1 520 | 0.652 350.0
parp9 1 62 | parp9 1 521 | 0.868 350.0
parp9 1 62 | parp9 1 527 | 0.777 350.0
parp9 1 62 | parp9 1 531 | 0.886 350.0
parp9 1 63 | parp9 1 516 | 0.600 350.0
parp9 1 63 | parp9 1 517 | 0.565 350.0
parp9 1 63 | parp9 1 518 | 0.465 350.0
parp9 1 63 | parp9 1 519 | 0.623 350.0
parp9 1 63 | parp9 1 520 | 0.893 350.0
parp9 1 64 | parp9 1 516 | 0.522 350.0
parp9 1 64 | parp9 1 517 | 0.501 350.0
parp9 1 64 | parp9 1 518 | 0.643 350.0
parp9 1 64 | parp9 1 519 | 0.755 350.0
parp9 1 64 | parp9 1 531 | 0.760 350.0
parp9 1 64 | parp9 1 534 | 0.873 350.0
parp9 1 65 | parp9 1 516 | 0.422 350.0
parp9 1 65 | parp9 1 517 | 0.650 350.0
parp9 1 65 | parp9 1 518 | 0.873 350.0
parp9 1 66 | parp9 1 516 | 0.522 350.0
parp9 1 66 | parp9 1 517 | 0.723 350.0
parp9 1 66 | parp9 1 538 | 0.834 350.0
parp9 1 67 | parp9 1 516 | 0.803 350.0
parp9 1 70 | parp9 1 538 | 0.706 350.0
parp9 1 71 | parp9 1 516 | 0.753 350.0
parp9 1 71 | parp9 1 517 | 0.857 350.0
parp9 1 85 | parp9 1 519 | 0.888 350.0
parp9 1 85 | parp9 1 530 | 0.655 350.0
parp9 1 85 | parp9 1 533 | 0.897 350.0
parp9 1 85 | parp9 1 534 | 0.894 350.0
parp9 1 88 | parp9 1 530 | 0.819 350.0
parp9 1 89 | parp9 1 521 | 0.832 350.0
parp9 1 89 | parp9 1 526 | 0.546 350.0
parp9 1 89 | parp9 1 527 | 0.759 350.0
parp9 1 89 | parp9 1 529 | 0.701 350.0
parp9 1 89 | parp9 1 530 | 0.592 350.0
parp9 1 90 | parp9 1 520 | 0.886 350.0
parp9 1 90 | parp9 1 521 | 0.659 350.0
parp9 1 90 | parp9 1 522 | 0.784 350.0
parp9 1 90 | parp9 1 523 | 0.893 350.0
parp9 1 90 | parp9 1 526 | 0.673 350.0
parp9 1 90 | parp9 1 527 | 0.866 350.0
parp9 1 90 | parp9 1 530 | 0.869 350.0
parp9 1 91 | parp9 1 519 | 0.641 350.0
parp9 1 91 | parp9 1 520 | 0.551 350.0
parp9 1 91 | parp9 1 521 | 0.455 350.0
parp9 1 91 | parp9 1 522 | 0.753 350.0
parp9 1 91 | parp9 1 523 | 0.890 350.0
parp9 1 91 | parp9 1 526 | 0.673 350.0
parp9 1 91 | parp9 1 527 | 0.677 350.0
parp9 1 91 | parp9 1 530 | 0.714 350.0
parp9 1 92 | parp9 1 518 | 0.809 350.0
parp9 1 92 | parp9 1 519 | 0.578 350.0
parp9 1 92 | parp9 1 520 | 0.501 350.0
parp9 1 92 | parp9 1 521 | 0.635 350.0
parp9 1 93 | parp9 1 517 | 0.652 350.0
parp9 1 93 | parp9 1 518 | 0.544 350.0
parp9 1 93 | parp9 1 519 | 0.456 350.0
parp9 1 93 | parp9 1 520 | 0.626 350.0
parp9 1 93 | parp9 1 521 | 0.878 350.0
parp9 1 94 | parp9 1 516 | 0.840 350.0
parp9 1 94 | parp9 1 517 | 0.571 350.0
parp9 1 94 | parp9 1 518 | 0.511 350.0
parp9 1 94 | parp9 1 519 | 0.675 350.0
parp9 1 94 | parp9 1 520 | 0.874 350.0
parp9 1 95 | parp9 1 516 | 0.607 350.0
parp9 1 95 | parp9 1 517 | 0.475 350.0
parp9 1 95 | parp9 1 518 | 0.625 350.0
parp9 1 95 | parp9 1 519 | 0.897 350.0
parp9 1 96 | parp9 1 516 | 0.532 350.0
parp9 1 96 | parp9 1 517 | 0.609 350.0
parp9 1 96 | parp9 1 518 | 0.675 350.0
