i	j	b_idx	d[nm]	k[kJ/mol/nm^2]
855	856	0	0.3800	8033.0000
856	857	1	0.3800	8033.0000
857	858	2	0.3800	8033.0000
858	859	3	0.3800	8033.0000
859	860	4	0.3800	8033.0000
860	861	5	0.3800	8033.0000
861	862	6	0.3800	8033.0000
862	863	7	0.3800	8033.0000
863	864	8	0.3800	8033.0000
864	865	9	0.5031	8033.0000
865	866	10	0.4585	8033.0000
866	867	11	0.4612	8033.0000
867	868	12	0.6319	8033.0000
868	869	13	0.5680	8033.0000
869	870	14	0.6322	8033.0000
870	871	15	0.5843	8033.0000
871	872	16	0.5027	8033.0000
872	873	17	0.4060	8033.0000
873	874	18	0.3504	8033.0000
874	875	19	0.5609	8033.0000
875	876	20	0.6446	8033.0000
876	877	21	0.6566	8033.0000
877	878	22	0.5733	8033.0000
878	879	23	0.6864	8033.0000
879	880	24	0.5782	8033.0000
880	881	25	0.5762	8033.0000
881	882	26	0.5092	8033.0000
882	883	27	0.5877	8033.0000
883	884	28	0.4471	8033.0000
884	885	29	0.6493	8033.0000
885	886	30	0.5572	8033.0000
886	887	31	0.3951	8033.0000
887	888	32	0.4576	8033.0000
888	889	33	0.5473	8033.0000
889	890	34	0.3900	8033.0000
890	891	35	0.3527	8033.0000
891	892	36	0.2905	8033.0000
892	893	37	0.3678	8033.0000
893	894	38	0.4789	8033.0000
894	895	39	0.5402	8033.0000
895	896	40	0.4198	8033.0000
896	897	41	0.4535	8033.0000
897	898	42	0.4134	8033.0000
898	899	43	0.3979	8033.0000
899	900	44	0.5370	8033.0000
900	901	45	0.5244	8033.0000
901	902	46	0.4459	8033.0000
902	903	47	0.5984	8033.0000
903	904	48	0.4401	8033.0000
904	905	49	0.3438	8033.0000
905	906	50	0.4542	8033.0000
906	907	51	0.3512	8033.0000
907	908	52	0.4404	8033.0000
908	909	53	0.7841	8033.0000
909	910	54	0.5675	8033.0000
910	911	55	0.5004	8033.0000
911	912	56	0.6019	8033.0000
912	913	57	0.5520	8033.0000
913	914	58	0.4191	8033.0000
914	915	59	0.7387	8033.0000
915	916	60	0.6175	8033.0000
916	917	61	0.3512	8033.0000
917	918	62	0.5222	8033.0000
918	919	63	0.5244	8033.0000
919	920	64	0.6112	8033.0000
920	921	65	0.5968	8033.0000
921	922	66	0.4413	8033.0000
922	923	67	0.5785	8033.0000
923	924	68	0.6805	8033.0000
924	925	69	0.4622	8033.0000
925	926	70	0.4385	8033.0000
926	927	71	0.5407	8033.0000
927	928	72	0.6102	8033.0000
928	929	73	0.5224	8033.0000
929	930	74	0.4792	8033.0000
930	931	75	0.4876	8033.0000
931	932	76	0.3997	8033.0000
932	933	77	0.5595	8033.0000
933	934	78	0.5771	8033.0000
934	935	79	0.4786	8033.0000
935	936	80	0.4610	8033.0000
936	937	81	0.3730	8033.0000
937	938	82	0.4757	8033.0000
938	939	83	0.4965	8033.0000
939	940	84	0.5894	8033.0000
940	941	85	0.4877	8033.0000
941	942	86	0.3814	8033.0000
942	943	87	0.3800	8033.0000
943	944	88	0.3800	8033.0000
944	945	89	0.3800	8033.0000
945	946	90	0.3800	8033.0000
946	947	91	0.3800	8033.0000
947	948	92	0.3800	8033.0000
948	949	93	0.3800	8033.0000
949	950	94	0.3800	8033.0000
950	951	95	0.3800	8033.0000
951	952	96	0.3800	8033.0000
952	953	97	0.3800	8033.0000
953	954	98	0.3800	8033.0000
954	955	99	0.3800	8033.0000
955	956	100	0.3800	8033.0000
956	957	101	0.3800	8033.0000
957	958	102	0.3800	8033.0000
958	959	103	0.3800	8033.0000
959	960	104	0.3800	8033.0000
960	961	105	0.3800	8033.0000
961	962	106	0.3800	8033.0000
962	963	107	0.3800	8033.0000
963	964	108	0.3800	8033.0000
964	965	109	0.3800	8033.0000
965	966	110	0.3800	8033.0000
966	967	111	0.3800	8033.0000
967	968	112	0.3800	8033.0000
968	969	113	0.3800	8033.0000
969	970	114	0.3800	8033.0000
970	971	115	0.3800	8033.0000
971	972	116	0.3800	8033.0000
972	973	117	0.3800	8033.0000
973	974	118	0.3800	8033.0000
974	975	119	0.3800	8033.0000
975	976	120	0.3800	8033.0000
976	977	121	0.3800	8033.0000
977	978	122	0.3800	8033.0000
978	979	123	0.3800	8033.0000
979	980	124	0.3800	8033.0000
980	981	125	0.3800	8033.0000
981	982	126	0.3800	8033.0000
982	983	127	0.3800	8033.0000
983	984	128	0.3800	8033.0000
984	985	129	0.3800	8033.0000
985	986	130	0.3800	8033.0000
986	987	131	0.3800	8033.0000
987	988	132	0.3800	8033.0000
988	989	133	0.3800	8033.0000
989	990	134	0.3800	8033.0000
990	991	135	0.3800	8033.0000
991	992	136	0.4441	8033.0000
992	993	137	0.4343	8033.0000
993	994	138	0.4117	8033.0000
994	995	139	0.4052	8033.0000
995	996	140	0.5191	8033.0000
996	997	141	0.5515	8033.0000
997	998	142	0.4578	8033.0000
998	999	143	0.4854	8033.0000
999	1000	144	0.5060	8033.0000
1000	1001	145	0.4563	8033.0000
1001	1002	146	0.5331	8033.0000
1002	1003	147	0.5148	8033.0000
1003	1004	148	0.5903	8033.0000
1004	1005	149	0.5582	8033.0000
1005	1006	150	0.6618	8033.0000
1006	1007	151	0.6176	8033.0000
1007	1008	152	0.5656	8033.0000
1008	1009	153	0.5767	8033.0000
1009	1010	154	0.4636	8033.0000
1010	1011	155	0.4397	8033.0000
1011	1012	156	0.4649	8033.0000
1012	1013	157	0.4212	8033.0000
1013	1014	158	0.4542	8033.0000
1014	1015	159	0.3989	8033.0000
1015	1016	160	0.4129	8033.0000
1016	1017	161	0.6041	8033.0000
1017	1018	162	0.7347	8033.0000
1018	1019	163	0.6313	8033.0000
1019	1020	164	0.6354	8033.0000
1020	1021	165	0.4543	8033.0000
1021	1022	166	0.4021	8033.0000
1022	1023	167	0.5093	8033.0000
1023	1024	168	0.5034	8033.0000
1024	1025	169	0.3690	8033.0000
1025	1026	170	0.5506	8033.0000
1026	1027	171	0.6291	8033.0000
1027	1028	172	0.5546	8033.0000
1028	1029	173	0.4817	8033.0000
1029	1030	174	0.3851	8033.0000
1030	1031	175	0.4099	8033.0000
1031	1032	176	0.5868	8033.0000
1032	1033	177	0.5323	8033.0000
1033	1034	178	0.5269	8033.0000
1034	1035	179	0.5142	8033.0000
1035	1036	180	0.5709	8033.0000
1036	1037	181	0.6077	8033.0000
1037	1038	182	0.6523	8033.0000
1038	1039	183	0.5863	8033.0000
1039	1040	184	0.5105	8033.0000
1040	1041	185	0.6767	8033.0000
1041	1042	186	0.4445	8033.0000
1042	1043	187	0.5004	8033.0000
1043	1044	188	0.4604	8033.0000
1044	1045	189	0.5781	8033.0000
1045	1046	190	0.5461	8033.0000
1046	1047	191	0.6168	8033.0000
1047	1048	192	0.5597	8033.0000
1048	1049	193	0.5385	8033.0000
1049	1050	194	0.4566	8033.0000
1050	1051	195	0.5792	8033.0000
1051	1052	196	0.5745	8033.0000
1052	1053	197	0.6278	8033.0000
1053	1054	198	0.5816	8033.0000
1054	1055	199	0.5240	8033.0000
1055	1056	200	0.5318	8033.0000
1056	1057	201	0.3800	8033.0000
1057	1058	202	0.3800	8033.0000
1058	1059	203	0.3800	8033.0000
1059	1060	204	0.3800	8033.0000
1060	1061	205	0.3800	8033.0000
1061	1062	206	0.3800	8033.0000
1062	1063	207	0.3800	8033.0000
1063	1064	208	0.3800	8033.0000
1064	1065	209	0.3800	8033.0000
1065	1066	210	0.3800	8033.0000
1066	1067	211	0.3800	8033.0000
1067	1068	212	0.3800	8033.0000
1068	1069	213	0.3800	8033.0000
1069	1070	214	0.3800	8033.0000
1070	1071	215	0.3800	8033.0000
1071	1072	216	0.3800	8033.0000
1072	1073	217	0.3800	8033.0000
1073	1074	218	0.3800	8033.0000
1074	1075	219	0.3800	8033.0000
1075	1076	220	0.3800	8033.0000
1076	1077	221	0.3800	8033.0000
1077	1078	222	0.3800	8033.0000
1078	1079	223	0.3800	8033.0000
1079	1080	224	0.3800	8033.0000
1080	1081	225	0.3800	8033.0000
1081	1082	226	0.3800	8033.0000
1082	1083	227	0.3800	8033.0000
1083	1084	228	0.3800	8033.0000
1084	1085	229	0.3800	8033.0000
1085	1086	230	0.3800	8033.0000
1086	1087	231	0.5347	8033.0000
1087	1088	232	0.4515	8033.0000
1088	1089	233	0.5402	8033.0000
1089	1090	234	0.7462	8033.0000
1090	1091	235	0.6141	8033.0000
1091	1092	236	0.4699	8033.0000
1092	1093	237	0.3762	8033.0000
1093	1094	238	0.5314	8033.0000
1094	1095	239	0.3981	8033.0000
1095	1096	240	0.4463	8033.0000
1096	1097	241	0.7884	8033.0000
1097	1098	242	0.5289	8033.0000
1098	1099	243	0.7176	8033.0000
1099	1100	244	0.6420	8033.0000
1100	1101	245	0.5861	8033.0000
1101	1102	246	0.7205	8033.0000
1102	1103	247	0.5017	8033.0000
1103	1104	248	0.4159	8033.0000
1104	1105	249	0.4499	8033.0000
1105	1106	250	0.3874	8033.0000
1106	1107	251	0.5835	8033.0000
1107	1108	252	0.5684	8033.0000
1108	1109	253	0.4515	8033.0000
1109	1110	254	0.5000	8033.0000
1110	1111	255	0.3989	8033.0000
1111	1112	256	0.5135	8033.0000
1112	1113	257	0.5587	8033.0000
1113	1114	258	0.7570	8033.0000
1114	1115	259	0.4436	8033.0000
1115	1116	260	0.5636	8033.0000
1116	1117	261	0.3431	8033.0000
1117	1118	262	0.4446	8033.0000
1118	1119	263	0.4928	8033.0000
1119	1120	264	0.5607	8033.0000
1120	1121	265	0.5449	8033.0000
1121	1122	266	0.5219	8033.0000
1122	1123	267	0.6102	8033.0000
1123	1124	268	0.5469	8033.0000
1124	1125	269	0.3507	8033.0000
1125	1126	270	0.3680	8033.0000
1126	1127	271	0.4145	8033.0000
1127	1128	272	0.5055	8033.0000
1128	1129	273	0.4926	8033.0000
1129	1130	274	0.4641	8033.0000
1130	1131	275	0.4243	8033.0000
1131	1132	276	0.5596	8033.0000
1132	1133	277	0.4834	8033.0000
1133	1134	278	0.5699	8033.0000
1134	1135	279	0.4602	8033.0000
1135	1136	280	0.3799	8033.0000
1136	1137	281	0.4585	8033.0000
1137	1138	282	0.6364	8033.0000
1138	1139	283	0.3719	8033.0000
1139	1140	284	0.3704	8033.0000
1140	1141	285	0.5519	8033.0000
1141	1142	286	0.4981	8033.0000
1142	1143	287	0.5295	8033.0000
1143	1144	288	0.3507	8033.0000
1144	1145	289	0.5643	8033.0000
1145	1146	290	0.6449	8033.0000
1146	1147	291	0.5417	8033.0000
1147	1148	292	0.5533	8033.0000
1148	1149	293	0.4479	8033.0000
1149	1150	294	0.3877	8033.0000
1150	1151	295	0.4393	8033.0000
1151	1152	296	0.6743	8033.0000
1152	1153	297	0.5420	8033.0000
1153	1154	298	0.6409	8033.0000
1154	1155	299	0.4679	8033.0000
1155	1156	300	0.5039	8033.0000
1156	1157	301	0.5488	8033.0000
1157	1158	302	0.3800	8033.0000
1158	1159	303	0.4085	8033.0000
1159	1160	304	0.5213	8033.0000
1160	1161	305	0.6419	8033.0000
1161	1162	306	0.5518	8033.0000
1162	1163	307	0.5065	8033.0000
1163	1164	308	0.4808	8033.0000
1164	1165	309	0.4059	8033.0000
1165	1166	310	0.4320	8033.0000
1166	1167	311	0.4531	8033.0000
1167	1168	312	0.3923	8033.0000
1168	1169	313	0.4167	8033.0000
1169	1170	314	0.4602	8033.0000
1170	1171	315	0.6023	8033.0000
1171	1172	316	0.5113	8033.0000
1172	1173	317	0.3989	8033.0000
1173	1174	318	0.6340	8033.0000
1174	1175	319	0.4921	8033.0000
1175	1176	320	0.7263	8033.0000
1176	1177	321	0.5164	8033.0000
1177	1178	322	0.5676	8033.0000
1178	1179	323	0.5269	8033.0000
1179	1180	324	0.5021	8033.0000
1180	1181	325	0.5647	8033.0000
1181	1182	326	0.6283	8033.0000
1182	1183	327	0.4309	8033.0000
1183	1184	328	0.6038	8033.0000
1184	1185	329	0.4583	8033.0000
1185	1186	330	0.6239	8033.0000
1186	1187	331	0.4975	8033.0000
1187	1188	332	0.4523	8033.0000
1188	1189	333	0.5477	8033.0000
1189	1190	334	0.6458	8033.0000
1190	1191	335	0.5435	8033.0000
1191	1192	336	0.4939	8033.0000
1192	1193	337	0.3473	8033.0000
1193	1194	338	0.4312	8033.0000
1194	1195	339	0.5384	8033.0000
1195	1196	340	0.4810	8033.0000
1196	1197	341	0.4497	8033.0000
1197	1198	342	0.5329	8033.0000
1198	1199	343	0.4376	8033.0000
1199	1200	344	0.3747	8033.0000
1200	1201	345	0.5579	8033.0000
1201	1202	346	0.4833	8033.0000
1202	1203	347	0.4891	8033.0000
1203	1204	348	0.5156	8033.0000
1204	1205	349	0.4353	8033.0000
1205	1206	350	0.3999	8033.0000
1206	1207	351	0.3499	8033.0000
1207	1208	352	0.4695	8033.0000
1208	1209	353	0.6533	8033.0000
1209	1210	354	0.6081	8033.0000
1210	1211	355	0.5290	8033.0000
1211	1212	356	0.4585	8033.0000
1212	1213	357	0.4366	8033.0000
1213	1214	358	0.5301	8033.0000
1214	1215	359	0.4522	8033.0000
1215	1216	360	0.5483	8033.0000
1216	1217	361	0.5122	8033.0000
1217	1218	362	0.3800	8033.0000
1218	1219	363	0.3800	8033.0000
1219	1220	364	0.3800	8033.0000
1220	1221	365	0.3800	8033.0000
1221	1222	366	0.3800	8033.0000
1222	1223	367	0.3800	8033.0000
1223	1224	368	0.3800	8033.0000
1224	1225	369	0.3800	8033.0000
1225	1226	370	0.3800	8033.0000
1226	1227	371	0.3800	8033.0000
1227	1228	372	0.3800	8033.0000
1228	1229	373	0.3800	8033.0000
1229	1230	374	0.3800	8033.0000
1230	1231	375	0.3800	8033.0000
1231	1232	376	0.4466	8033.0000
1232	1233	377	0.5422	8033.0000
1233	1234	378	0.5238	8033.0000
1234	1235	379	0.4938	8033.0000
1235	1236	380	0.4082	8033.0000
1236	1237	381	0.4025	8033.0000
1237	1238	382	0.4731	8033.0000
1238	1239	383	0.7343	8033.0000
1239	1240	384	0.5557	8033.0000
1240	1241	385	0.5652	8033.0000
1241	1242	386	0.4722	8033.0000
1242	1243	387	0.6178	8033.0000
1243	1244	388	0.4800	8033.0000
1244	1245	389	0.5101	8033.0000
1245	1246	390	0.5229	8033.0000
1246	1247	391	0.5044	8033.0000
1247	1248	392	0.5576	8033.0000
1248	1249	393	0.5519	8033.0000
1249	1250	394	0.5638	8033.0000
1250	1251	395	0.4804	8033.0000
1251	1252	396	0.4815	8033.0000
1252	1253	397	0.5462	8033.0000
1253	1254	398	0.5204	8033.0000
1254	1255	399	0.5654	8033.0000
1255	1256	400	0.7340	8033.0000
1256	1257	401	0.4580	8033.0000
1257	1258	402	0.7157	8033.0000
1258	1259	403	0.4859	8033.0000
1259	1260	404	0.4298	8033.0000
1260	1261	405	0.4507	8033.0000
1261	1262	406	0.4667	8033.0000
1262	1263	407	0.5673	8033.0000
1263	1264	408	0.4294	8033.0000
1264	1265	409	0.5325	8033.0000
1265	1266	410	0.6066	8033.0000
1266	1267	411	0.5383	8033.0000
1267	1268	412	0.4678	8033.0000
1268	1269	413	0.5597	8033.0000
1269	1270	414	0.5340	8033.0000
1270	1271	415	0.4270	8033.0000
1271	1272	416	0.4925	8033.0000
1272	1273	417	0.4896	8033.0000
1273	1274	418	0.4973	8033.0000
1274	1275	419	0.6310	8033.0000
1275	1276	420	0.5304	8033.0000
1276	1277	421	0.4804	8033.0000
1277	1278	422	0.5856	8033.0000
1278	1279	423	0.6130	8033.0000
1279	1280	424	0.6903	8033.0000
1280	1281	425	0.5203	8033.0000
1281	1282	426	0.5193	8033.0000
1282	1283	427	0.4702	8033.0000
1283	1284	428	0.4967	8033.0000
1284	1285	429	0.3912	8033.0000
1285	1286	430	0.4285	8033.0000
1286	1287	431	0.5380	8033.0000
1287	1288	432	0.4513	8033.0000
1288	1289	433	0.6182	8033.0000
1289	1290	434	0.3645	8033.0000
1290	1291	435	0.5800	8033.0000
1291	1292	436	0.4909	8033.0000
1292	1293	437	0.4732	8033.0000
1293	1294	438	0.4786	8033.0000
1294	1295	439	0.5318	8033.0000
1295	1296	440	0.5389	8033.0000
1296	1297	441	0.6516	8033.0000
1297	1298	442	0.4474	8033.0000
1298	1299	443	0.3927	8033.0000
1299	1300	444	0.3995	8033.0000
1300	1301	445	0.5296	8033.0000
1301	1302	446	0.5590	8033.0000
1302	1303	447	0.5222	8033.0000
1303	1304	448	0.7445	8033.0000
1304	1305	449	0.6675	8033.0000
1305	1306	450	0.5080	8033.0000
1306	1307	451	0.4534	8033.0000
1307	1308	452	0.5011	8033.0000
1308	1309	453	0.5164	8033.0000
1309	1310	454	0.5817	8033.0000
1310	1311	455	0.5655	8033.0000
1311	1312	456	0.4076	8033.0000
1312	1313	457	0.4367	8033.0000
1313	1314	458	0.4850	8033.0000
1314	1315	459	0.6034	8033.0000
1315	1316	460	0.7622	8033.0000
1316	1317	461	0.6323	8033.0000
1317	1318	462	0.6411	8033.0000
1318	1319	463	0.5517	8033.0000
1319	1320	464	0.4897	8033.0000
1320	1321	465	0.6235	8033.0000
1321	1322	466	0.5150	8033.0000
1322	1323	467	0.5335	8033.0000
1323	1324	468	0.6938	8033.0000
1324	1325	469	0.4446	8033.0000
1325	1326	470	0.3843	8033.0000
1326	1327	471	0.5544	8033.0000
1327	1328	472	0.6324	8033.0000
1328	1329	473	0.5962	8033.0000
1329	1330	474	0.7052	8033.0000
1330	1331	475	0.6082	8033.0000
1331	1332	476	0.5564	8033.0000
1332	1333	477	0.5414	8033.0000
1333	1334	478	0.3832	8033.0000
1334	1335	479	0.5104	8033.0000
1335	1336	480	0.5540	8033.0000
1336	1337	481	0.4918	8033.0000
1337	1338	482	0.4924	8033.0000
1338	1339	483	0.4704	8033.0000
1339	1340	484	0.4587	8033.0000
1340	1341	485	0.5643	8033.0000
1341	1342	486	0.5345	8033.0000
1342	1343	487	0.5241	8033.0000
1343	1344	488	0.5426	8033.0000
1344	1345	489	0.4834	8033.0000
1345	1346	490	0.4487	8033.0000
1346	1347	491	0.4884	8033.0000
1347	1348	492	0.4207	8033.0000
1348	1349	493	0.3984	8033.0000
1349	1350	494	0.4266	8033.0000
1350	1351	495	0.4164	8033.0000
1351	1352	496	0.4882	8033.0000
1352	1353	497	0.5888	8033.0000
1353	1354	498	0.4545	8033.0000
1354	1355	499	0.4498	8033.0000
1355	1356	500	0.5382	8033.0000
1356	1357	501	0.5117	8033.0000
1357	1358	502	0.5714	8033.0000
1358	1359	503	0.7217	8033.0000
1359	1360	504	0.4984	8033.0000
1360	1361	505	0.4436	8033.0000
1361	1362	506	0.5490	8033.0000
1362	1363	507	0.3800	8033.0000
1363	1364	508	0.3800	8033.0000
1364	1365	509	0.3800	8033.0000
1365	1366	510	0.3800	8033.0000
1366	1367	511	0.3800	8033.0000
1367	1368	512	0.3800	8033.0000
1368	1369	513	0.3800	8033.0000
1369	1370	514	0.3800	8033.0000
1370	1371	515	0.3800	8033.0000
1371	1372	516	0.3800	8033.0000
1372	1373	517	0.3800	8033.0000
1373	1374	518	0.3800	8033.0000
1374	1375	519	0.3800	8033.0000
1375	1376	520	0.3800	8033.0000
1376	1377	521	0.3800	8033.0000
1377	1378	522	0.3800	8033.0000
1378	1379	523	0.3800	8033.0000
1379	1380	524	0.3800	8033.0000
1380	1381	525	0.3800	8033.0000
1381	1382	526	0.3800	8033.0000
1382	1383	527	0.3800	8033.0000
1383	1384	528	0.3800	8033.0000
1384	1385	529	0.3800	8033.0000
1385	1386	530	0.3800	8033.0000
1386	1387	531	0.3800	8033.0000
1387	1388	532	0.3800	8033.0000
1388	1389	533	0.3800	8033.0000
1389	1390	534	0.3800	8033.0000
1390	1391	535	0.3800	8033.0000
1391	1392	536	0.3800	8033.0000
1392	1393	537	0.3800	8033.0000
1393	1394	538	0.3800	8033.0000
1394	1395	539	0.3800	8033.0000
1395	1396	540	0.3800	8033.0000
1396	1397	541	0.3800	8033.0000
1397	1398	542	0.3800	8033.0000
1398	1399	543	0.3800	8033.0000
1399	1400	544	0.3800	8033.0000
1400	1401	545	0.3800	8033.0000
1401	1402	546	0.3800	8033.0000
1402	1403	547	0.3800	8033.0000
1403	1404	548	0.3800	8033.0000
1404	1405	549	0.3800	8033.0000
1405	1406	550	0.3800	8033.0000
1406	1407	551	0.3800	8033.0000
1407	1408	552	0.3800	8033.0000
1408	1409	553	0.3800	8033.0000
1409	1410	554	0.6742	8033.0000
1410	1411	555	0.6334	8033.0000
1411	1412	556	0.6435	8033.0000
1412	1413	557	0.4834	8033.0000
1413	1414	558	0.3966	8033.0000
1414	1415	559	0.5024	8033.0000
1415	1416	560	0.4297	8033.0000
1416	1417	561	0.4522	8033.0000
1417	1418	562	0.4660	8033.0000
1418	1419	563	0.4872	8033.0000
1419	1420	564	0.5668	8033.0000
1420	1421	565	0.4155	8033.0000
1421	1422	566	0.4730	8033.0000
1422	1423	567	0.4475	8033.0000
1423	1424	568	0.4135	8033.0000
1424	1425	569	0.6428	8033.0000
1425	1426	570	0.6215	8033.0000
1426	1427	571	0.4793	8033.0000
1427	1428	572	0.4420	8033.0000
1428	1429	573	0.4421	8033.0000
1429	1430	574	0.4569	8033.0000
1430	1431	575	0.5488	8033.0000
1431	1432	576	0.4845	8033.0000
1432	1433	577	0.5917	8033.0000
1433	1434	578	0.5722	8033.0000
1434	1435	579	0.5286	8033.0000
1435	1436	580	0.5441	8033.0000
1436	1437	581	0.4536	8033.0000
1437	1438	582	0.3353	8033.0000
1438	1439	583	0.3868	8033.0000
1439	1440	584	0.5002	8033.0000
1440	1441	585	0.4373	8033.0000
1441	1442	586	0.6192	8033.0000
1442	1443	587	0.5048	8033.0000
1443	1444	588	0.4367	8033.0000
1444	1445	589	0.5559	8033.0000
1445	1446	590	0.4218	8033.0000
1446	1447	591	0.6281	8033.0000
1447	1448	592	0.5292	8033.0000
1448	1449	593	0.4319	8033.0000
1449	1450	594	0.4813	8033.0000
1450	1451	595	0.3649	8033.0000
1451	1452	596	0.4267	8033.0000
1452	1453	597	0.4443	8033.0000
1453	1454	598	0.4708	8033.0000
1454	1455	599	0.5474	8033.0000
1455	1456	600	0.4358	8033.0000
1456	1457	601	0.4437	8033.0000
1457	1458	602	0.6152	8033.0000
1458	1459	603	0.4105	8033.0000
1459	1460	604	0.5399	8033.0000
1460	1461	605	0.6099	8033.0000
1461	1462	606	0.4602	8033.0000
1462	1463	607	0.4323	8033.0000
1463	1464	608	0.5749	8033.0000
1464	1465	609	0.3775	8033.0000
1465	1466	610	0.5323	8033.0000
1466	1467	611	0.4797	8033.0000
1467	1468	612	0.3834	8033.0000
1468	1469	613	0.5464	8033.0000
1469	1470	614	0.4648	8033.0000
1470	1471	615	0.5298	8033.0000
1471	1472	616	0.4701	8033.0000
1472	1473	617	0.4361	8033.0000
1473	1474	618	0.4094	8033.0000
1474	1475	619	0.5608	8033.0000
1475	1476	620	0.6141	8033.0000
1476	1477	621	0.4751	8033.0000
1477	1478	622	0.4274	8033.0000
1478	1479	623	0.4024	8033.0000
1479	1480	624	0.4540	8033.0000
1480	1481	625	0.3524	8033.0000
1481	1482	626	0.6778	8033.0000
1482	1483	627	0.5353	8033.0000
1483	1484	628	0.3305	8033.0000
1484	1485	629	0.4828	8033.0000
1485	1486	630	0.3927	8033.0000
1486	1487	631	0.4528	8033.0000
1487	1488	632	0.4756	8033.0000
1488	1489	633	0.4573	8033.0000
1489	1490	634	0.4748	8033.0000
1490	1491	635	0.4868	8033.0000
1491	1492	636	0.6191	8033.0000
1492	1493	637	0.4324	8033.0000
1493	1494	638	0.5466	8033.0000
1494	1495	639	0.4553	8033.0000
1495	1496	640	0.3806	8033.0000
1496	1497	641	0.3958	8033.0000
1497	1498	642	0.5300	8033.0000
1498	1499	643	0.5085	8033.0000
1499	1500	644	0.5018	8033.0000
1500	1501	645	0.5882	8033.0000
1501	1502	646	0.4784	8033.0000
1502	1503	647	0.5081	8033.0000
1503	1504	648	0.3861	8033.0000
1504	1505	649	0.4502	8033.0000
1505	1506	650	0.4580	8033.0000
1506	1507	651	0.4436	8033.0000
1507	1508	652	0.6897	8033.0000
1508	1509	653	0.6416	8033.0000
1509	1510	654	0.4851	8033.0000
1510	1511	655	0.3649	8033.0000
1511	1512	656	0.3965	8033.0000
1512	1513	657	0.5449	8033.0000
1513	1514	658	0.5046	8033.0000
1514	1515	659	0.5615	8033.0000
1515	1516	660	0.4058	8033.0000
1516	1517	661	0.3740	8033.0000
1517	1518	662	0.6315	8033.0000
1518	1519	663	0.3990	8033.0000
1519	1520	664	0.5420	8033.0000
1520	1521	665	0.4937	8033.0000
1521	1522	666	0.5661	8033.0000
1522	1523	667	0.6148	8033.0000
1523	1524	668	0.4796	8033.0000
1524	1525	669	0.5232	8033.0000
1525	1526	670	0.7872	8033.0000
1526	1527	671	0.5123	8033.0000
1527	1528	672	0.4891	8033.0000
1528	1529	673	0.5235	8033.0000
1529	1530	674	0.5571	8033.0000
1530	1531	675	0.4982	8033.0000
1531	1532	676	0.5692	8033.0000
1532	1533	677	0.8523	8033.0000
1533	1534	678	0.5522	8033.0000
1534	1535	679	0.5305	8033.0000
1535	1536	680	0.4834	8033.0000
1536	1537	681	0.5434	8033.0000
1537	1538	682	0.6180	8033.0000
1538	1539	683	0.6024	8033.0000
1539	1540	684	0.5115	8033.0000
1540	1541	685	0.3981	8033.0000
1541	1542	686	0.5679	8033.0000
1542	1543	687	0.3962	8033.0000
1543	1544	688	0.4117	8033.0000
1544	1545	689	0.5748	8033.0000
1545	1546	690	0.4173	8033.0000
1546	1547	691	0.5703	8033.0000
1547	1548	692	0.6501	8033.0000
1548	1549	693	0.4271	8033.0000
1549	1550	694	0.4423	8033.0000
1550	1551	695	0.3401	8033.0000
1551	1552	696	0.4034	8033.0000
1552	1553	697	0.3570	8033.0000
1553	1554	698	0.4974	8033.0000
1554	1555	699	0.4456	8033.0000
1555	1556	700	0.4579	8033.0000
1556	1557	701	0.5478	8033.0000
1557	1558	702	0.6863	8033.0000
1558	1559	703	0.4240	8033.0000
1559	1560	704	0.5315	8033.0000
1560	1561	705	0.5027	8033.0000
1561	1562	706	0.5630	8033.0000
1562	1563	707	0.5956	8033.0000
1563	1564	708	0.5347	8033.0000
1564	1565	709	0.4412	8033.0000
1565	1566	710	0.5486	8033.0000
1566	1567	711	0.4929	8033.0000
1567	1568	712	0.5836	8033.0000
1568	1569	713	0.2951	8033.0000
1569	1570	714	0.3478	8033.0000
1570	1571	715	0.4644	8033.0000
1571	1572	716	0.5238	8033.0000
1572	1573	717	0.5997	8033.0000
1573	1574	718	0.6082	8033.0000
1574	1575	719	0.3991	8033.0000
1575	1576	720	0.5125	8033.0000
1576	1577	721	0.5255	8033.0000
1577	1578	722	0.4073	8033.0000
1578	1579	723	0.4141	8033.0000
1579	1580	724	0.6008	8033.0000
1580	1581	725	0.4493	8033.0000
1581	1582	726	0.6191	8033.0000
1582	1583	727	0.5839	8033.0000
1583	1584	728	0.5795	8033.0000
1584	1585	729	0.4784	8033.0000
1585	1586	730	0.5822	8033.0000
1586	1587	731	0.5638	8033.0000
1587	1588	732	0.5320	8033.0000
1588	1589	733	0.6170	8033.0000
1589	1590	734	0.4977	8033.0000
1590	1591	735	0.4324	8033.0000
1591	1592	736	0.5562	8033.0000
1592	1593	737	0.3800	8033.0000
1593	1594	738	0.3800	8033.0000
