i	j	b_idx	d[nm]	k[kJ/mol/nm^2]
1	2	0	0.3800	8033.0000
2	3	1	0.3800	8033.0000
3	4	2	0.3800	8033.0000
4	5	3	0.3800	8033.0000
5	6	4	0.3800	8033.0000
6	7	5	0.3800	8033.0000
7	8	6	0.3800	8033.0000
8	9	7	0.3800	8033.0000
9	10	8	0.3800	8033.0000
10	11	9	0.3800	8033.0000
11	12	10	0.3800	8033.0000
12	13	11	0.3800	8033.0000
13	14	12	0.3800	8033.0000
14	15	13	0.3800	8033.0000
15	16	14	0.3800	8033.0000
16	17	15	0.3800	8033.0000
17	18	16	0.3800	8033.0000
18	19	17	0.3800	8033.0000
19	20	18	0.3800	8033.0000
20	21	19	0.3800	8033.0000
21	22	20	0.3800	8033.0000
22	23	21	0.3800	8033.0000
23	24	22	0.3800	8033.0000
24	25	23	0.3800	8033.0000
25	26	24	0.3800	8033.0000
26	27	25	0.3800	8033.0000
27	28	26	0.3800	8033.0000
28	29	27	0.3800	8033.0000
29	30	28	0.3800	8033.0000
30	31	29	0.3800	8033.0000
31	32	30	0.3800	8033.0000
32	33	31	0.3800	8033.0000
33	34	32	0.3800	8033.0000
34	35	33	0.3800	8033.0000
35	36	34	0.3800	8033.0000
36	37	35	0.3800	8033.0000
37	38	36	0.3800	8033.0000
38	39	37	0.3800	8033.0000
39	40	38	0.3800	8033.0000
40	41	39	0.3800	8033.0000
41	42	40	0.3800	8033.0000
42	43	41	0.3800	8033.0000
43	44	42	0.3800	8033.0000
44	45	43	0.3800	8033.0000
45	46	44	0.3800	8033.0000
46	47	45	0.3800	8033.0000
47	48	46	0.3800	8033.0000
48	49	47	0.3800	8033.0000
49	50	48	0.3800	8033.0000
50	51	49	0.3800	8033.0000
51	52	50	0.3800	8033.0000
52	53	51	0.3800	8033.0000
53	54	52	0.3800	8033.0000
54	55	53	0.3800	8033.0000
55	56	54	0.3800	8033.0000
56	57	55	0.3800	8033.0000
57	58	56	0.3800	8033.0000
58	59	57	0.3800	8033.0000
59	60	58	0.5276	8033.0000
60	61	59	0.6364	8033.0000
61	62	60	0.5038	8033.0000
62	63	61	0.7247	8033.0000
63	64	62	0.5605	8033.0000
64	65	63	0.4152	8033.0000
65	66	64	0.4628	8033.0000
66	67	65	0.4507	8033.0000
67	68	66	0.5606	8033.0000
68	69	67	0.5212	8033.0000
69	70	68	0.4806	8033.0000
70	71	69	0.6527	8033.0000
71	72	70	0.5733	8033.0000
72	73	71	0.5290	8033.0000
73	74	72	0.4546	8033.0000
74	75	73	0.6235	8033.0000
75	76	74	0.4968	8033.0000
76	77	75	0.4683	8033.0000
77	78	76	0.6407	8033.0000
78	79	77	0.7030	8033.0000
79	80	78	0.4612	8033.0000
80	81	79	0.5719	8033.0000
81	82	80	0.4222	8033.0000
82	83	81	0.5299	8033.0000
83	84	82	0.5510	8033.0000
84	85	83	0.4344	8033.0000
85	86	84	0.5968	8033.0000
86	87	85	0.4516	8033.0000
87	88	86	0.6124	8033.0000
88	89	87	0.4008	8033.0000
89	90	88	0.5655	8033.0000
90	91	89	0.3289	8033.0000
91	92	90	0.4892	8033.0000
92	93	91	0.4376	8033.0000
93	94	92	0.4061	8033.0000
94	95	93	0.4660	8033.0000
95	96	94	0.4805	8033.0000
96	97	95	0.4297	8033.0000
97	98	96	0.3800	8033.0000
98	99	97	0.3800	8033.0000
99	100	98	0.3800	8033.0000
100	101	99	0.3800	8033.0000
101	102	100	0.3800	8033.0000
102	103	101	0.3800	8033.0000
103	104	102	0.3800	8033.0000
104	105	103	0.3800	8033.0000
105	106	104	0.3800	8033.0000
106	107	105	0.4530	8033.0000
107	108	106	0.5824	8033.0000
108	109	107	0.5025	8033.0000
109	110	108	0.5534	8033.0000
110	111	109	0.6434	8033.0000
111	112	110	0.6260	8033.0000
112	113	111	0.5011	8033.0000
113	114	112	0.5348	8033.0000
114	115	113	0.4380	8033.0000
115	116	114	0.3859	8033.0000
116	117	115	0.5101	8033.0000
117	118	116	0.6364	8033.0000
118	119	117	0.5826	8033.0000
119	120	118	0.5150	8033.0000
120	121	119	0.4087	8033.0000
121	122	120	0.4262	8033.0000
122	123	121	0.4931	8033.0000
123	124	122	0.7403	8033.0000
124	125	123	0.5439	8033.0000
125	126	124	0.4557	8033.0000
126	127	125	0.4845	8033.0000
127	128	126	0.4889	8033.0000
128	129	127	0.4168	8033.0000
129	130	128	0.5432	8033.0000
130	131	129	0.3940	8033.0000
131	132	130	0.3755	8033.0000
132	133	131	0.4536	8033.0000
133	134	132	0.4680	8033.0000
134	135	133	0.4025	8033.0000
135	136	134	0.4246	8033.0000
136	137	135	0.4936	8033.0000
137	138	136	0.3494	8033.0000
138	139	137	0.3636	8033.0000
139	140	138	0.4157	8033.0000
140	141	139	0.4981	8033.0000
141	142	140	0.5018	8033.0000
142	143	141	0.5230	8033.0000
143	144	142	0.5164	8033.0000
144	145	143	0.4931	8033.0000
145	146	144	0.5794	8033.0000
146	147	145	0.3360	8033.0000
147	148	146	0.3175	8033.0000
148	149	147	0.4476	8033.0000
149	150	148	0.4137	8033.0000
150	151	149	0.4371	8033.0000
151	152	150	0.4096	8033.0000
152	153	151	0.3952	8033.0000
153	154	152	0.4951	8033.0000
154	155	153	0.5275	8033.0000
155	156	154	0.5282	8033.0000
156	157	155	0.3662	8033.0000
157	158	156	0.3066	8033.0000
158	159	157	0.5198	8033.0000
159	160	158	0.5447	8033.0000
160	161	159	0.5177	8033.0000
161	162	160	0.5337	8033.0000
162	163	161	0.5037	8033.0000
163	164	162	0.6058	8033.0000
164	165	163	0.5159	8033.0000
165	166	164	0.4912	8033.0000
166	167	165	0.5867	8033.0000
167	168	166	0.6784	8033.0000
168	169	167	0.4748	8033.0000
169	170	168	0.4110	8033.0000
170	171	169	0.5851	8033.0000
171	172	170	0.4459	8033.0000
172	173	171	0.5606	8033.0000
173	174	172	0.4663	8033.0000
174	175	173	0.5359	8033.0000
175	176	174	0.3956	8033.0000
176	177	175	0.3791	8033.0000
177	178	176	0.3959	8033.0000
178	179	177	0.3961	8033.0000
179	180	178	0.5165	8033.0000
180	181	179	0.4002	8033.0000
181	182	180	0.3959	8033.0000
182	183	181	0.4148	8033.0000
183	184	182	0.3253	8033.0000
184	185	183	0.3801	8033.0000
185	186	184	0.3105	8033.0000
186	187	185	0.5215	8033.0000
187	188	186	0.6579	8033.0000
188	189	187	0.4313	8033.0000
189	190	188	0.4083	8033.0000
190	191	189	0.5201	8033.0000
191	192	190	0.4882	8033.0000
192	193	191	0.5328	8033.0000
193	194	192	0.4872	8033.0000
194	195	193	0.4998	8033.0000
195	196	194	0.5406	8033.0000
196	197	195	0.4053	8033.0000
197	198	196	0.3596	8033.0000
198	199	197	0.3427	8033.0000
199	200	198	0.5946	8033.0000
200	201	199	0.8537	8033.0000
201	202	200	0.5300	8033.0000
202	203	201	0.6707	8033.0000
203	204	202	0.5635	8033.0000
204	205	203	0.5573	8033.0000
205	206	204	0.6101	8033.0000
206	207	205	0.5331	8033.0000
207	208	206	0.5108	8033.0000
208	209	207	0.3540	8033.0000
209	210	208	0.4738	8033.0000
210	211	209	0.4113	8033.0000
211	212	210	0.4338	8033.0000
212	213	211	0.6174	8033.0000
213	214	212	0.5027	8033.0000
214	215	213	0.6066	8033.0000
215	216	214	0.6206	8033.0000
216	217	215	0.3915	8033.0000
217	218	216	0.4743	8033.0000
218	219	217	0.4110	8033.0000
219	220	218	0.4417	8033.0000
220	221	219	0.4517	8033.0000
221	222	220	0.4889	8033.0000
222	223	221	0.6932	8033.0000
223	224	222	0.4818	8033.0000
224	225	223	0.4454	8033.0000
225	226	224	0.4002	8033.0000
226	227	225	0.6596	8033.0000
227	228	226	0.6074	8033.0000
228	229	227	0.4432	8033.0000
229	230	228	0.4035	8033.0000
230	231	229	0.5710	8033.0000
231	232	230	0.5458	8033.0000
232	233	231	0.5179	8033.0000
233	234	232	0.4649	8033.0000
234	235	233	0.3855	8033.0000
235	236	234	0.4100	8033.0000
236	237	235	0.4059	8033.0000
237	238	236	0.4079	8033.0000
238	239	237	0.4159	8033.0000
239	240	238	0.4541	8033.0000
240	241	239	0.4442	8033.0000
241	242	240	0.3551	8033.0000
242	243	241	0.4065	8033.0000
243	244	242	0.4657	8033.0000
244	245	243	0.6389	8033.0000
245	246	244	0.7064	8033.0000
246	247	245	0.3704	8033.0000
247	248	246	0.5285	8033.0000
248	249	247	0.4328	8033.0000
249	250	248	0.5543	8033.0000
250	251	249	0.4993	8033.0000
251	252	250	0.4042	8033.0000
252	253	251	0.4916	8033.0000
253	254	252	0.5571	8033.0000
254	255	253	0.4487	8033.0000
255	256	254	0.4628	8033.0000
256	257	255	0.5318	8033.0000
257	258	256	0.5063	8033.0000
258	259	257	0.4522	8033.0000
259	260	258	0.6783	8033.0000
260	261	259	0.5199	8033.0000
261	262	260	0.4138	8033.0000
262	263	261	0.4314	8033.0000
263	264	262	0.5557	8033.0000
264	265	263	0.5440	8033.0000
265	266	264	0.3992	8033.0000
266	267	265	0.4633	8033.0000
267	268	266	0.5450	8033.0000
268	269	267	0.6457	8033.0000
269	270	268	0.5659	8033.0000
270	271	269	0.4416	8033.0000
271	272	270	0.5653	8033.0000
272	273	271	0.5055	8033.0000
273	274	272	0.5035	8033.0000
274	275	273	0.5702	8033.0000
275	276	274	0.4917	8033.0000
276	277	275	0.5741	8033.0000
277	278	276	0.4977	8033.0000
278	279	277	0.4335	8033.0000
279	280	278	0.4206	8033.0000
280	281	279	0.4454	8033.0000
281	282	280	0.5671	8033.0000
282	283	281	0.4532	8033.0000
283	284	282	0.4213	8033.0000
284	285	283	0.4414	8033.0000
285	286	284	0.4021	8033.0000
286	287	285	0.3524	8033.0000
287	288	286	0.4584	8033.0000
288	289	287	0.7217	8033.0000
289	290	288	0.4622	8033.0000
290	291	289	0.3512	8033.0000
291	292	290	0.3566	8033.0000
292	293	291	0.4809	8033.0000
293	294	292	0.6835	8033.0000
294	295	293	0.4756	8033.0000
295	296	294	0.4393	8033.0000
296	297	295	0.4186	8033.0000
297	298	296	0.3800	8033.0000
298	299	297	0.3800	8033.0000
299	300	298	0.3800	8033.0000
300	301	299	0.3800	8033.0000
301	302	300	0.3800	8033.0000
302	303	301	0.3800	8033.0000
303	304	302	0.3800	8033.0000
304	305	303	0.3800	8033.0000
305	306	304	0.3800	8033.0000
306	307	305	0.3800	8033.0000
307	308	306	0.3800	8033.0000
308	309	307	0.3800	8033.0000
309	310	308	0.3800	8033.0000
310	311	309	0.4727	8033.0000
311	312	310	0.4713	8033.0000
312	313	311	0.4871	8033.0000
313	314	312	0.4353	8033.0000
314	315	313	0.3980	8033.0000
315	316	314	0.4820	8033.0000
316	317	315	0.5648	8033.0000
317	318	316	0.4350	8033.0000
318	319	317	0.4790	8033.0000
319	320	318	0.5017	8033.0000
320	321	319	0.5490	8033.0000
321	322	320	0.4744	8033.0000
322	323	321	0.5048	8033.0000
323	324	322	0.5181	8033.0000
324	325	323	0.3936	8033.0000
325	326	324	0.6065	8033.0000
326	327	325	0.4425	8033.0000
327	328	326	0.4278	8033.0000
328	329	327	0.6637	8033.0000
329	330	328	0.4765	8033.0000
330	331	329	0.4227	8033.0000
331	332	330	0.4134	8033.0000
332	333	331	0.4839	8033.0000
333	334	332	0.4397	8033.0000
334	335	333	0.4605	8033.0000
335	336	334	0.4890	8033.0000
336	337	335	0.4058	8033.0000
337	338	336	0.4001	8033.0000
338	339	337	0.4866	8033.0000
339	340	338	0.3668	8033.0000
340	341	339	0.3877	8033.0000
341	342	340	0.6168	8033.0000
342	343	341	0.4817	8033.0000
343	344	342	0.4630	8033.0000
344	345	343	0.4269	8033.0000
345	346	344	0.3931	8033.0000
346	347	345	0.3381	8033.0000
347	348	346	0.4276	8033.0000
348	349	347	0.3965	8033.0000
349	350	348	0.4515	8033.0000
350	351	349	0.5294	8033.0000
351	352	350	0.4408	8033.0000
352	353	351	0.5248	8033.0000
353	354	352	0.5247	8033.0000
354	355	353	0.5703	8033.0000
355	356	354	0.4898	8033.0000
356	357	355	0.3171	8033.0000
357	358	356	0.3988	8033.0000
358	359	357	0.4889	8033.0000
359	360	358	0.6533	8033.0000
360	361	359	0.5788	8033.0000
361	362	360	0.4813	8033.0000
362	363	361	0.5426	8033.0000
363	364	362	0.6483	8033.0000
364	365	363	0.4607	8033.0000
365	366	364	0.4684	8033.0000
366	367	365	0.3820	8033.0000
367	368	366	0.5721	8033.0000
368	369	367	0.4731	8033.0000
369	370	368	0.4444	8033.0000
370	371	369	0.5363	8033.0000
371	372	370	0.6954	8033.0000
372	373	371	0.5465	8033.0000
373	374	372	0.7162	8033.0000
374	375	373	0.6617	8033.0000
375	376	374	0.4582	8033.0000
376	377	375	0.5564	8033.0000
377	378	376	0.4854	8033.0000
378	379	377	0.4570	8033.0000
379	380	378	0.4629	8033.0000
380	381	379	0.4186	8033.0000
381	382	380	0.4805	8033.0000
382	383	381	0.5179	8033.0000
383	384	382	0.3654	8033.0000
384	385	383	0.5528	8033.0000
385	386	384	0.5044	8033.0000
386	387	385	0.5203	8033.0000
387	388	386	0.5968	8033.0000
388	389	387	0.5148	8033.0000
389	390	388	0.4250	8033.0000
390	391	389	0.6325	8033.0000
391	392	390	0.5440	8033.0000
392	393	391	0.6433	8033.0000
393	394	392	0.5702	8033.0000
394	395	393	0.4397	8033.0000
395	396	394	0.5883	8033.0000
396	397	395	0.6622	8033.0000
397	398	396	0.5414	8033.0000
398	399	397	0.4389	8033.0000
399	400	398	0.4572	8033.0000
400	401	399	0.4976	8033.0000
401	402	400	0.5433	8033.0000
402	403	401	0.5137	8033.0000
403	404	402	0.4765	8033.0000
404	405	403	0.5484	8033.0000
405	406	404	0.5140	8033.0000
406	407	405	0.5724	8033.0000
407	408	406	0.4613	8033.0000
408	409	407	0.5490	8033.0000
409	410	408	0.4726	8033.0000
410	411	409	0.6338	8033.0000
411	412	410	0.5914	8033.0000
412	413	411	0.4834	8033.0000
413	414	412	0.4739	8033.0000
414	415	413	0.5350	8033.0000
415	416	414	0.5744	8033.0000
416	417	415	0.5618	8033.0000
417	418	416	0.4917	8033.0000
418	419	417	0.5054	8033.0000
419	420	418	0.5333	8033.0000
420	421	419	0.5919	8033.0000
421	422	420	0.5111	8033.0000
422	423	421	0.4595	8033.0000
423	424	422	0.4036	8033.0000
424	425	423	0.4638	8033.0000
425	426	424	0.4152	8033.0000
426	427	425	0.4583	8033.0000
427	428	426	0.4798	8033.0000
428	429	427	0.4138	8033.0000
429	430	428	0.4149	8033.0000
430	431	429	0.4801	8033.0000
431	432	430	0.3628	8033.0000
432	433	431	0.3909	8033.0000
433	434	432	0.4057	8033.0000
434	435	433	0.5039	8033.0000
435	436	434	0.5686	8033.0000
436	437	435	0.5868	8033.0000
437	438	436	0.5665	8033.0000
438	439	437	0.5545	8033.0000
439	440	438	0.4671	8033.0000
440	441	439	0.5072	8033.0000
441	442	440	0.4110	8033.0000
442	443	441	0.3457	8033.0000
443	444	442	0.4937	8033.0000
444	445	443	0.5059	8033.0000
445	446	444	0.4616	8033.0000
446	447	445	0.5180	8033.0000
447	448	446	0.6091	8033.0000
448	449	447	0.5125	8033.0000
449	450	448	0.5445	8033.0000
450	451	449	0.4387	8033.0000
451	452	450	0.4889	8033.0000
452	453	451	0.5860	8033.0000
453	454	452	0.4584	8033.0000
454	455	453	0.4617	8033.0000
455	456	454	0.5215	8033.0000
456	457	455	0.4486	8033.0000
457	458	456	0.5978	8033.0000
458	459	457	0.4796	8033.0000
459	460	458	0.5478	8033.0000
460	461	459	0.5983	8033.0000
461	462	460	0.5996	8033.0000
462	463	461	0.4295	8033.0000
463	464	462	0.4472	8033.0000
464	465	463	0.4767	8033.0000
465	466	464	0.6116	8033.0000
466	467	465	0.5874	8033.0000
467	468	466	0.4456	8033.0000
468	469	467	0.5996	8033.0000
469	470	468	0.3848	8033.0000
470	471	469	0.4226	8033.0000
471	472	470	0.4112	8033.0000
472	473	471	0.5498	8033.0000
473	474	472	0.5473	8033.0000
474	475	473	0.5444	8033.0000
475	476	474	0.6554	8033.0000
476	477	475	0.5440	8033.0000
477	478	476	0.5370	8033.0000
478	479	477	0.4420	8033.0000
479	480	478	0.5744	8033.0000
480	481	479	0.4266	8033.0000
481	482	480	0.4508	8033.0000
482	483	481	0.6255	8033.0000
483	484	482	0.4830	8033.0000
484	485	483	0.5114	8033.0000
485	486	484	0.4610	8033.0000
486	487	485	0.6319	8033.0000
487	488	486	0.5152	8033.0000
488	489	487	0.6047	8033.0000
489	490	488	0.5325	8033.0000
490	491	489	0.4653	8033.0000
491	492	490	0.4257	8033.0000
492	493	491	0.4777	8033.0000
493	494	492	0.4825	8033.0000
494	495	493	0.3800	8033.0000
495	496	494	0.3800	8033.0000
496	497	495	0.3800	8033.0000
497	498	496	0.3800	8033.0000
498	499	497	0.3800	8033.0000
499	500	498	0.3800	8033.0000
500	501	499	0.3800	8033.0000
501	502	500	0.3800	8033.0000
502	503	501	0.3800	8033.0000
503	504	502	0.3800	8033.0000
504	505	503	0.3800	8033.0000
505	506	504	0.3800	8033.0000
506	507	505	0.3800	8033.0000
507	508	506	0.3800	8033.0000
508	509	507	0.3800	8033.0000
509	510	508	0.3800	8033.0000
510	511	509	0.3800	8033.0000
511	512	510	0.3800	8033.0000
512	513	511	0.3800	8033.0000
513	514	512	0.3800	8033.0000
514	515	513	0.3800	8033.0000
515	516	514	0.4369	8033.0000
516	517	515	0.4141	8033.0000
517	518	516	0.5250	8033.0000
518	519	517	0.4962	8033.0000
519	520	518	0.4958	8033.0000
520	521	519	0.5055	8033.0000
521	522	520	0.3985	8033.0000
522	523	521	0.5260	8033.0000
523	524	522	0.5081	8033.0000
524	525	523	0.3958	8033.0000
525	526	524	0.5266	8033.0000
526	527	525	0.5377	8033.0000
527	528	526	0.7280	8033.0000
528	529	527	0.4530	8033.0000
529	530	528	0.5132	8033.0000
530	531	529	0.5149	8033.0000
531	532	530	0.4461	8033.0000
532	533	531	0.5970	8033.0000
533	534	532	0.4802	8033.0000
534	535	533	0.4799	8033.0000
535	536	534	0.7240	8033.0000
536	537	535	0.6142	8033.0000
537	538	536	0.4719	8033.0000
538	539	537	0.5056	8033.0000
539	540	538	0.4040	8033.0000
540	541	539	0.3800	8033.0000
541	542	540	0.3800	8033.0000
542	543	541	0.5830	8033.0000
543	544	542	0.5253	8033.0000
544	545	543	0.4146	8033.0000
545	546	544	0.4913	8033.0000
546	547	545	0.6011	8033.0000
547	548	546	0.5596	8033.0000
548	549	547	0.4468	8033.0000
549	550	548	0.5225	8033.0000
550	551	549	0.5973	8033.0000
551	552	550	0.4778	8033.0000
552	553	551	0.4968	8033.0000
553	554	552	0.6483	8033.0000
554	555	553	0.4107	8033.0000
555	556	554	0.6191	8033.0000
556	557	555	0.7218	8033.0000
557	558	556	0.4070	8033.0000
558	559	557	0.5361	8033.0000
559	560	558	0.5808	8033.0000
560	561	559	0.5180	8033.0000
561	562	560	0.4699	8033.0000
562	563	561	0.4997	8033.0000
563	564	562	0.4975	8033.0000
564	565	563	0.5153	8033.0000
565	566	564	0.5595	8033.0000
566	567	565	0.5882	8033.0000
567	568	566	0.5241	8033.0000
568	569	567	0.4021	8033.0000
569	570	568	0.4099	8033.0000
570	571	569	0.4259	8033.0000
571	572	570	0.4366	8033.0000
572	573	571	0.4234	8033.0000
573	574	572	0.4704	8033.0000
574	575	573	0.5612	8033.0000
575	576	574	0.5182	8033.0000
576	577	575	0.4946	8033.0000
577	578	576	0.4391	8033.0000
578	579	577	0.3721	8033.0000
579	580	578	0.4483	8033.0000
580	581	579	0.5430	8033.0000
581	582	580	0.5513	8033.0000
582	583	581	0.4729	8033.0000
583	584	582	0.5557	8033.0000
584	585	583	0.5972	8033.0000
585	586	584	0.5129	8033.0000
586	587	585	0.5356	8033.0000
587	588	586	0.5031	8033.0000
588	589	587	0.3365	8033.0000
589	590	588	0.6295	8033.0000
590	591	589	0.4893	8033.0000
591	592	590	0.3717	8033.0000
592	593	591	0.5515	8033.0000
593	594	592	0.4609	8033.0000
594	595	593	0.5710	8033.0000
595	596	594	0.4889	8033.0000
596	597	595	0.4365	8033.0000
597	598	596	0.4829	8033.0000
598	599	597	0.5192	8033.0000
599	600	598	0.5161	8033.0000
600	601	599	0.5071	8033.0000
601	602	600	0.6174	8033.0000
602	603	601	0.5454	8033.0000
603	604	602	0.4717	8033.0000
604	605	603	0.4783	8033.0000
605	606	604	0.5037	8033.0000
606	607	605	0.5655	8033.0000
607	608	606	0.5435	8033.0000
608	609	607	0.5431	8033.0000
609	610	608	0.6161	8033.0000
610	611	609	0.4385	8033.0000
611	612	610	0.5120	8033.0000
612	613	611	0.5240	8033.0000
613	614	612	0.7829	8033.0000
614	615	613	0.5094	8033.0000
615	616	614	0.6360	8033.0000
616	617	615	0.5877	8033.0000
617	618	616	0.6162	8033.0000
618	619	617	0.3939	8033.0000
619	620	618	0.5440	8033.0000
620	621	619	0.7744	8033.0000
621	622	620	0.6481	8033.0000
622	623	621	0.3915	8033.0000
623	624	622	0.3800	8033.0000
624	625	623	0.3800	8033.0000
625	626	624	0.3800	8033.0000
626	627	625	0.3800	8033.0000
627	628	626	0.3800	8033.0000
628	629	627	0.3800	8033.0000
629	630	628	0.3800	8033.0000
630	631	629	0.3800	8033.0000
631	632	630	0.3800	8033.0000
632	633	631	0.3800	8033.0000
633	634	632	0.3800	8033.0000
634	635	633	0.3800	8033.0000
635	636	634	0.3800	8033.0000
636	637	635	0.3800	8033.0000
637	638	636	0.3800	8033.0000
638	639	637	0.3800	8033.0000
639	640	638	0.3800	8033.0000
640	641	639	0.3800	8033.0000
641	642	640	0.3800	8033.0000
642	643	641	0.3800	8033.0000
643	644	642	0.5257	8033.0000
644	645	643	0.5728	8033.0000
645	646	644	0.5261	8033.0000
646	647	645	0.4096	8033.0000
647	648	646	0.4565	8033.0000
648	649	647	0.3571	8033.0000
649	650	648	0.4068	8033.0000
650	651	649	0.4439	8033.0000
651	652	650	0.5181	8033.0000
652	653	651	0.5927	8033.0000
653	654	652	0.5188	8033.0000
654	655	653	0.5039	8033.0000
655	656	654	0.4687	8033.0000
656	657	655	0.5538	8033.0000
657	658	656	0.6690	8033.0000
658	659	657	0.5220	8033.0000
659	660	658	0.6106	8033.0000
660	661	659	0.5535	8033.0000
661	662	660	0.6192	8033.0000
662	663	661	0.5993	8033.0000
663	664	662	0.5402	8033.0000
664	665	663	0.4567	8033.0000
665	666	664	0.3554	8033.0000
666	667	665	0.6047	8033.0000
667	668	666	0.4896	8033.0000
668	669	667	0.4486	8033.0000
669	670	668	0.5473	8033.0000
670	671	669	0.4609	8033.0000
671	672	670	0.4782	8033.0000
672	673	671	0.6717	8033.0000
673	674	672	0.4547	8033.0000
674	675	673	0.4890	8033.0000
675	676	674	0.5589	8033.0000
676	677	675	0.5308	8033.0000
677	678	676	0.5310	8033.0000
678	679	677	0.4779	8033.0000
679	680	678	0.5370	8033.0000
680	681	679	0.4774	8033.0000
681	682	680	0.3510	8033.0000
682	683	681	0.5334	8033.0000
683	684	682	0.4575	8033.0000
684	685	683	0.7394	8033.0000
685	686	684	0.6103	8033.0000
686	687	685	0.6676	8033.0000
687	688	686	0.6140	8033.0000
688	689	687	0.5675	8033.0000
689	690	688	0.5678	8033.0000
690	691	689	0.5865	8033.0000
691	692	690	0.5756	8033.0000
692	693	691	0.5892	8033.0000
693	694	692	0.5394	8033.0000
694	695	693	0.5513	8033.0000
695	696	694	0.5759	8033.0000
696	697	695	0.6973	8033.0000
697	698	696	0.4342	8033.0000
698	699	697	0.4691	8033.0000
699	700	698	0.4202	8033.0000
700	701	699	0.4083	8033.0000
701	702	700	0.7063	8033.0000
702	703	701	0.6456	8033.0000
703	704	702	0.4566	8033.0000
704	705	703	0.6863	8033.0000
705	706	704	0.5676	8033.0000
706	707	705	0.4673	8033.0000
707	708	706	0.3602	8033.0000
708	709	707	0.6627	8033.0000
709	710	708	0.5924	8033.0000
710	711	709	0.3823	8033.0000
711	712	710	0.5862	8033.0000
712	713	711	0.4714	8033.0000
713	714	712	0.5052	8033.0000
714	715	713	0.4423	8033.0000
715	716	714	0.4136	8033.0000
716	717	715	0.6681	8033.0000
717	718	716	0.4839	8033.0000
718	719	717	0.3537	8033.0000
719	720	718	0.4223	8033.0000
720	721	719	0.5673	8033.0000
721	722	720	0.6601	8033.0000
722	723	721	0.4151	8033.0000
723	724	722	0.5718	8033.0000
724	725	723	0.6266	8033.0000
725	726	724	0.4031	8033.0000
726	727	725	0.3785	8033.0000
727	728	726	0.4566	8033.0000
728	729	727	0.5287	8033.0000
729	730	728	0.4217	8033.0000
730	731	729	0.5108	8033.0000
731	732	730	0.4560	8033.0000
732	733	731	0.5884	8033.0000
733	734	732	0.3820	8033.0000
734	735	733	0.3684	8033.0000
735	736	734	0.4084	8033.0000
736	737	735	0.5351	8033.0000
737	738	736	0.6295	8033.0000
738	739	737	0.5789	8033.0000
739	740	738	0.5567	8033.0000
740	741	739	0.5615	8033.0000
741	742	740	0.4842	8033.0000
742	743	741	0.6200	8033.0000
743	744	742	0.4775	8033.0000
744	745	743	0.5628	8033.0000
745	746	744	0.4144	8033.0000
746	747	745	0.4550	8033.0000
747	748	746	0.5721	8033.0000
748	749	747	0.5398	8033.0000
749	750	748	0.4523	8033.0000
750	751	749	0.5979	8033.0000
751	752	750	0.5529	8033.0000
752	753	751	0.4369	8033.0000
753	754	752	0.4238	8033.0000
754	755	753	0.3690	8033.0000
755	756	754	0.3640	8033.0000
756	757	755	0.5728	8033.0000
757	758	756	0.5281	8033.0000
758	759	757	0.4922	8033.0000
759	760	758	0.4861	8033.0000
760	761	759	0.6401	8033.0000
761	762	760	0.4833	8033.0000
762	763	761	0.6702	8033.0000
763	764	762	0.4492	8033.0000
764	765	763	0.5193	8033.0000
765	766	764	0.4967	8033.0000
766	767	765	0.4489	8033.0000
767	768	766	0.4985	8033.0000
768	769	767	0.3445	8033.0000
769	770	768	0.4495	8033.0000
770	771	769	0.5893	8033.0000
771	772	770	0.5339	8033.0000
772	773	771	0.5238	8033.0000
773	774	772	0.3816	8033.0000
774	775	773	0.4868	8033.0000
775	776	774	0.3668	8033.0000
776	777	775	0.4314	8033.0000
777	778	776	0.4935	8033.0000
778	779	777	0.5258	8033.0000
779	780	778	0.4184	8033.0000
780	781	779	0.3611	8033.0000
781	782	780	0.4024	8033.0000
782	783	781	0.3920	8033.0000
783	784	782	0.4892	8033.0000
784	785	783	0.4543	8033.0000
785	786	784	0.3550	8033.0000
786	787	785	0.4517	8033.0000
787	788	786	0.3088	8033.0000
788	789	787	0.4231	8033.0000
789	790	788	0.4607	8033.0000
790	791	789	0.4347	8033.0000
791	792	790	0.4096	8033.0000
792	793	791	0.5578	8033.0000
793	794	792	0.4667	8033.0000
794	795	793	0.3910	8033.0000
795	796	794	0.4177	8033.0000
796	797	795	0.4338	8033.0000
797	798	796	0.4331	8033.0000
798	799	797	0.4353	8033.0000
799	800	798	0.4314	8033.0000
800	801	799	0.4014	8033.0000
801	802	800	0.3760	8033.0000
802	803	801	0.5301	8033.0000
803	804	802	0.5148	8033.0000
804	805	803	0.4576	8033.0000
805	806	804	0.5775	8033.0000
806	807	805	0.4451	8033.0000
807	808	806	0.4767	8033.0000
808	809	807	0.6073	8033.0000
809	810	808	0.3616	8033.0000
810	811	809	0.4309	8033.0000
811	812	810	0.5832	8033.0000
812	813	811	0.5344	8033.0000
813	814	812	0.4354	8033.0000
814	815	813	0.3703	8033.0000
815	816	814	0.5135	8033.0000
816	817	815	0.4167	8033.0000
817	818	816	0.6812	8033.0000
818	819	817	0.5466	8033.0000
819	820	818	0.6342	8033.0000
820	821	819	0.4118	8033.0000
821	822	820	0.4785	8033.0000
822	823	821	0.4710	8033.0000
823	824	822	0.6264	8033.0000
824	825	823	0.3800	8033.0000
825	826	824	0.3800	8033.0000
826	827	825	0.3800	8033.0000
827	828	826	0.3800	8033.0000
828	829	827	0.3800	8033.0000
829	830	828	0.3800	8033.0000
830	831	829	0.3800	8033.0000
831	832	830	0.3800	8033.0000
832	833	831	0.3800	8033.0000
833	834	832	0.3800	8033.0000
834	835	833	0.3800	8033.0000
835	836	834	0.3800	8033.0000
836	837	835	0.3800	8033.0000
837	838	836	0.3800	8033.0000
838	839	837	0.3800	8033.0000
839	840	838	0.3800	8033.0000
840	841	839	0.3800	8033.0000
841	842	840	0.3800	8033.0000
842	843	841	0.3800	8033.0000
843	844	842	0.3800	8033.0000
844	845	843	0.3800	8033.0000
845	846	844	0.3800	8033.0000
846	847	845	0.3800	8033.0000
847	848	846	0.3800	8033.0000
848	849	847	0.3800	8033.0000
849	850	848	0.3800	8033.0000
850	851	849	0.3800	8033.0000
851	852	850	0.3800	8033.0000
852	853	851	0.3800	8033.0000
853	854	852	0.3800	8033.0000
