i j d[nm] fc
865 867 0.5937 700.0000
865 884 0.8362 700.0000
865 909 0.7035 700.0000
865 910 0.4364 700.0000
865 911 0.7723 700.0000
865 912 0.6864 700.0000
865 918 0.5955 700.0000
865 921 0.8022 700.0000
865 922 0.7836 700.0000
865 940 0.6732 700.0000
865 941 0.6787 700.0000
866 868 0.7823 700.0000
866 900 0.6767 700.0000
866 903 0.7742 700.0000
866 907 0.6626 700.0000
866 908 0.7641 700.0000
866 909 0.6214 700.0000
866 910 0.6819 700.0000
866 940 0.7085 700.0000
866 941 0.4388 700.0000
867 869 0.6548 700.0000
867 880 0.7661 700.0000
867 884 0.8466 700.0000
867 897 0.8819 700.0000
867 900 0.8497 700.0000
867 906 0.7170 700.0000
867 907 0.5861 700.0000
867 908 0.5112 700.0000
867 909 0.8381 700.0000
867 910 0.6515 700.0000
867 938 0.6341 700.0000
867 939 0.7281 700.0000
867 940 0.5905 700.0000
867 941 0.6235 700.0000
868 870 0.8096 700.0000
868 903 0.7625 700.0000
868 904 0.6254 700.0000
868 905 0.7437 700.0000
868 906 0.5295 700.0000
868 907 0.5122 700.0000
868 908 0.7959 700.0000
868 938 0.8607 700.0000
868 939 0.5881 700.0000
868 940 0.8637 700.0000
868 941 0.7096 700.0000
869 871 0.6287 700.0000
869 872 0.7046 700.0000
869 873 0.8793 700.0000
869 876 0.7169 700.0000
869 880 0.8154 700.0000
869 905 0.8290 700.0000
869 906 0.4462 700.0000
869 907 0.6801 700.0000
869 908 0.6342 700.0000
869 929 0.8202 700.0000
869 936 0.6704 700.0000
869 937 0.6534 700.0000
869 938 0.6140 700.0000
869 939 0.6724 700.0000
870 872 0.8195 700.0000
870 905 0.8467 700.0000
870 906 0.7897 700.0000
870 936 0.8155 700.0000
870 937 0.8016 700.0000
871 873 0.7216 700.0000
871 876 0.6727 700.0000
871 906 0.8032 700.0000
871 931 0.6326 700.0000
871 932 0.8046 700.0000
871 934 0.8844 700.0000
871 936 0.6869 700.0000
872 874 0.7473 700.0000
872 876 0.6529 700.0000
872 905 0.6473 700.0000
872 906 0.5668 700.0000
872 907 0.8828 700.0000
872 908 0.8201 700.0000
873 875 0.6983 700.0000
873 876 0.4455 700.0000
873 877 0.6783 700.0000
873 878 0.8834 700.0000
873 899 0.8432 700.0000
873 906 0.7797 700.0000
873 908 0.7804 700.0000
874 876 0.5821 700.0000
874 877 0.5922 700.0000
874 878 0.6303 700.0000
875 878 0.6970 700.0000
875 879 0.6834 700.0000
875 931 0.7757 700.0000
875 932 0.7472 700.0000
876 878 0.7650 700.0000
876 879 0.5263 700.0000
876 880 0.5680 700.0000
876 906 0.8387 700.0000
876 908 0.7294 700.0000
876 929 0.7532 700.0000
876 931 0.6885 700.0000
876 936 0.8787 700.0000
877 879 0.8856 700.0000
877 880 0.6882 700.0000
877 881 0.5937 700.0000
877 896 0.8363 700.0000
877 897 0.4563 700.0000
877 898 0.5940 700.0000
877 899 0.6509 700.0000
877 908 0.6799 700.0000
878 880 0.8723 700.0000
878 881 0.6632 700.0000
878 882 0.8087 700.0000
878 897 0.8892 700.0000
879 881 0.8136 700.0000
879 882 0.6046 700.0000
879 883 0.8034 700.0000
879 929 0.6062 700.0000
879 930 0.7012 700.0000
879 931 0.6556 700.0000
880 882 0.6233 700.0000
880 883 0.6122 700.0000
880 884 0.5557 700.0000
880 885 0.8884 700.0000
880 895 0.8886 700.0000
880 897 0.6232 700.0000
880 908 0.6753 700.0000
880 910 0.8115 700.0000
880 929 0.6663 700.0000
880 938 0.7668 700.0000
881 883 0.8905 700.0000
881 884 0.7051 700.0000
881 885 0.5451 700.0000
881 895 0.5461 700.0000
881 896 0.6181 700.0000
881 897 0.4608 700.0000
881 898 0.8635 700.0000
881 910 0.8383 700.0000
882 884 0.6800 700.0000
882 885 0.5030 700.0000
882 886 0.6271 700.0000
882 889 0.8452 700.0000
882 895 0.8256 700.0000
883 885 0.8014 700.0000
883 886 0.5755 700.0000
883 887 0.8712 700.0000
883 889 0.4666 700.0000
883 890 0.4684 700.0000
883 891 0.8034 700.0000
883 892 0.8174 700.0000
883 921 0.8785 700.0000
883 927 0.6551 700.0000
883 928 0.7591 700.0000
883 929 0.6404 700.0000
883 938 0.7842 700.0000
884 886 0.6922 700.0000
884 889 0.7742 700.0000
884 890 0.5322 700.0000
884 891 0.7462 700.0000
884 892 0.6473 700.0000
884 893 0.6765 700.0000
884 895 0.6297 700.0000
884 897 0.7926 700.0000
884 910 0.6518 700.0000
884 912 0.7158 700.0000
884 917 0.8739 700.0000
884 921 0.6868 700.0000
884 927 0.7589 700.0000
884 938 0.8441 700.0000
885 887 0.8075 700.0000
885 890 0.8706 700.0000
885 892 0.7110 700.0000
885 893 0.4777 700.0000
885 894 0.6091 700.0000
885 895 0.4707 700.0000
885 896 0.8275 700.0000
885 897 0.8988 700.0000
885 912 0.8651 700.0000
886 888 0.5801 700.0000
886 889 0.4382 700.0000
886 890 0.5204 700.0000
886 891 0.6219 700.0000
886 892 0.5580 700.0000
886 893 0.6435 700.0000
887 889 0.5830 700.0000
887 890 0.5770 700.0000
887 891 0.4422 700.0000
887 892 0.4435 700.0000
887 893 0.6484 700.0000
887 917 0.8556 700.0000
887 920 0.7346 700.0000
888 890 0.7879 700.0000
888 891 0.7736 700.0000
888 892 0.8746 700.0000
889 891 0.6233 700.0000
889 892 0.7426 700.0000
889 924 0.8077 700.0000
889 927 0.8152 700.0000
889 928 0.8864 700.0000
890 892 0.4766 700.0000
890 893 0.7581 700.0000
890 917 0.8176 700.0000
890 920 0.7391 700.0000
890 921 0.5478 700.0000
890 924 0.6231 700.0000
890 927 0.6443 700.0000
891 893 0.6573 700.0000
891 916 0.8212 700.0000
891 917 0.5810 700.0000
891 920 0.4142 700.0000
891 921 0.5375 700.0000
891 924 0.6943 700.0000
892 894 0.8369 700.0000
892 895 0.7947 700.0000
892 912 0.7154 700.0000
892 914 0.8189 700.0000
892 916 0.7491 700.0000
892 917 0.4567 700.0000
892 918 0.8738 700.0000
892 920 0.5063 700.0000
892 921 0.6362 700.0000
893 895 0.5062 700.0000
893 912 0.5755 700.0000
893 913 0.7044 700.0000
893 914 0.6809 700.0000
893 916 0.8490 700.0000
893 917 0.5676 700.0000
893 920 0.7988 700.0000
893 921 0.8974 700.0000
894 896 0.8075 700.0000
894 912 0.7480 700.0000
894 913 0.5251 700.0000
894 914 0.6801 700.0000
895 897 0.6309 700.0000
895 910 0.6273 700.0000
895 911 0.6829 700.0000
895 912 0.5069 700.0000
895 913 0.7040 700.0000
895 917 0.8883 700.0000
896 898 0.6427 700.0000
896 909 0.8015 700.0000
896 910 0.6007 700.0000
896 911 0.4519 700.0000
896 912 0.7054 700.0000
896 913 0.8348 700.0000
897 899 0.7190 700.0000
897 908 0.6405 700.0000
897 909 0.7578 700.0000
897 910 0.5526 700.0000
897 911 0.7161 700.0000
898 900 0.6303 700.0000
898 901 0.8318 700.0000
898 907 0.8435 700.0000
898 908 0.5771 700.0000
898 909 0.5026 700.0000
898 910 0.6659 700.0000
898 911 0.7035 700.0000
899 901 0.5915 700.0000
899 903 0.8781 700.0000
899 906 0.7902 700.0000
899 907 0.6812 700.0000
899 908 0.5338 700.0000
899 909 0.7366 700.0000
900 902 0.6714 700.0000
900 903 0.4659 700.0000
900 904 0.7801 700.0000
900 906 0.8277 700.0000
900 907 0.5179 700.0000
900 908 0.6660 700.0000
900 909 0.5066 700.0000
901 903 0.7427 700.0000
901 907 0.8986 700.0000
901 909 0.8780 700.0000
902 904 0.8445 700.0000
903 905 0.7459 700.0000
903 906 0.7650 700.0000
903 907 0.4818 700.0000
903 908 0.8747 700.0000
904 906 0.5437 700.0000
904 907 0.4862 700.0000
904 908 0.8886 700.0000
905 907 0.6094 700.0000
905 908 0.8838 700.0000
906 908 0.4866 700.0000
907 909 0.8560 700.0000
907 941 0.8776 700.0000
908 910 0.7635 700.0000
909 911 0.5365 700.0000
910 912 0.5416 700.0000
910 918 0.8013 700.0000
911 913 0.7790 700.0000
912 914 0.6853 700.0000
912 915 0.8859 700.0000
912 916 0.8003 700.0000
912 917 0.5400 700.0000
912 918 0.5356 700.0000
912 921 0.8086 700.0000
913 915 0.8762 700.0000
913 916 0.8569 700.0000
913 917 0.7675 700.0000
914 916 0.5152 700.0000
914 917 0.5505 700.0000
914 918 0.8708 700.0000
914 920 0.8530 700.0000
915 917 0.7906 700.0000
915 918 0.6504 700.0000
915 919 0.6388 700.0000
916 918 0.6550 700.0000
916 919 0.4740 700.0000
916 920 0.4798 700.0000
916 921 0.8580 700.0000
917 919 0.5975 700.0000
917 920 0.4111 700.0000
917 921 0.6102 700.0000
917 922 0.8384 700.0000
918 920 0.7896 700.0000
918 921 0.6043 700.0000
918 922 0.5707 700.0000
919 921 0.7357 700.0000
919 922 0.6146 700.0000
919 923 0.6587 700.0000
920 922 0.8333 700.0000
920 923 0.7274 700.0000
920 924 0.8464 700.0000
921 923 0.7094 700.0000
921 924 0.5787 700.0000
921 925 0.6561 700.0000
921 927 0.6637 700.0000
921 940 0.7895 700.0000
922 924 0.7722 700.0000
922 925 0.6281 700.0000
922 927 0.8816 700.0000
922 940 0.6918 700.0000
923 925 0.7721 700.0000
924 926 0.6174 700.0000
924 927 0.5552 700.0000
925 927 0.4865 700.0000
925 938 0.8290 700.0000
925 940 0.6306 700.0000
926 928 0.7325 700.0000
926 937 0.8951 700.0000
926 938 0.8203 700.0000
927 929 0.8268 700.0000
927 937 0.8029 700.0000
927 938 0.4750 700.0000
927 939 0.8133 700.0000
927 940 0.6763 700.0000
928 930 0.7139 700.0000
928 935 0.6326 700.0000
928 936 0.6208 700.0000
928 937 0.6063 700.0000
928 938 0.6553 700.0000
929 931 0.5863 700.0000
929 935 0.6729 700.0000
929 936 0.4479 700.0000
929 937 0.6642 700.0000
929 938 0.6365 700.0000
930 932 0.7283 700.0000
930 933 0.6465 700.0000
930 934 0.6956 700.0000
930 935 0.5578 700.0000
930 936 0.6635 700.0000
931 933 0.7208 700.0000
931 934 0.5706 700.0000
931 935 0.6761 700.0000
931 936 0.5736 700.0000
932 934 0.5658 700.0000
932 935 0.8992 700.0000
933 935 0.8260 700.0000
934 936 0.7077 700.0000
935 937 0.6757 700.0000
936 938 0.6582 700.0000
936 939 0.8801 700.0000
937 939 0.5539 700.0000
938 940 0.6402 700.0000
939 941 0.7769 700.0000
992 994 0.6469 700.0000
992 1028 0.7449 700.0000
992 1029 0.5842 700.0000
992 1030 0.4349 700.0000
992 1031 0.6414 700.0000
992 1032 0.6183 700.0000
992 1034 0.8417 700.0000
992 1035 0.5951 700.0000
993 995 0.6501 700.0000
993 1019 0.8536 700.0000
993 1027 0.6031 700.0000
993 1028 0.5821 700.0000
993 1029 0.5007 700.0000
993 1030 0.6506 700.0000
993 1035 0.8094 700.0000
994 996 0.5424 700.0000
994 1025 0.8975 700.0000
994 1026 0.8221 700.0000
994 1027 0.5674 700.0000
994 1028 0.4047 700.0000
994 1029 0.6800 700.0000
994 1030 0.7928 700.0000
994 1035 0.6629 700.0000
995 997 0.7887 700.0000
995 1021 0.8808 700.0000
995 1025 0.5715 700.0000
995 1026 0.7442 700.0000
995 1027 0.4744 700.0000
995 1028 0.6678 700.0000
996 998 0.5366 700.0000
996 1000 0.8781 700.0000
996 1001 0.7026 700.0000
996 1006 0.8510 700.0000
996 1018 0.8866 700.0000
996 1024 0.7839 700.0000
996 1025 0.6326 700.0000
996 1026 0.5285 700.0000
996 1027 0.7437 700.0000
996 1028 0.5907 700.0000
996 1038 0.8290 700.0000
997 999 0.4768 700.0000
997 1000 0.5025 700.0000
997 1001 0.6343 700.0000
997 1023 0.8776 700.0000
997 1024 0.5553 700.0000
997 1025 0.5430 700.0000
997 1026 0.7655 700.0000
998 1000 0.6354 700.0000
998 1001 0.4449 700.0000
998 1002 0.8255 700.0000
998 1005 0.8952 700.0000
998 1006 0.5044 700.0000
998 1024 0.4962 700.0000
998 1025 0.6444 700.0000
998 1026 0.4982 700.0000
999 1001 0.6615 700.0000
999 1006 0.8601 700.0000
999 1023 0.8149 700.0000
999 1024 0.5125 700.0000
999 1025 0.7686 700.0000
999 1026 0.8994 700.0000
1000 1002 0.8046 700.0000
1000 1005 0.8996 700.0000
1000 1046 0.8698 700.0000
1001 1003 0.8925 700.0000
1001 1005 0.5286 700.0000
1001 1006 0.5604 700.0000
1001 1009 0.8461 700.0000
1001 1026 0.8775 700.0000
1001 1042 0.7283 700.0000
1001 1046 0.8979 700.0000
1002 1004 0.5096 700.0000
1002 1005 0.3767 700.0000
1002 1006 0.6136 700.0000
1002 1007 0.8099 700.0000
1003 1005 0.7902 700.0000
1003 1006 0.6056 700.0000
1003 1007 0.7576 700.0000
1004 1006 0.8675 700.0000
1004 1007 0.6558 700.0000
1004 1008 0.7952 700.0000
1005 1007 0.6936 700.0000
1005 1008 0.7117 700.0000
1005 1009 0.6895 700.0000
1005 1041 0.6714 700.0000
1005 1042 0.6997 700.0000
1005 1045 0.6557 700.0000
1006 1009 0.6871 700.0000
1006 1010 0.7814 700.0000
1006 1018 0.8380 700.0000
1006 1024 0.8969 700.0000
1006 1026 0.6864 700.0000
1007 1009 0.5533 700.0000
1007 1010 0.4747 700.0000
1007 1011 0.5820 700.0000
1007 1012 0.8556 700.0000
1008 1010 0.7370 700.0000
1008 1011 0.5202 700.0000
1008 1012 0.5429 700.0000
1008 1013 0.8850 700.0000
1008 1041 0.6279 700.0000
1009 1011 0.6301 700.0000
1009 1012 0.5587 700.0000
1009 1013 0.5918 700.0000
1009 1014 0.8812 700.0000
1009 1016 0.8140 700.0000
1009 1018 0.8621 700.0000
1009 1038 0.5553 700.0000
1009 1041 0.6796 700.0000
1009 1042 0.8225 700.0000
1010 1012 0.6709 700.0000
1010 1013 0.6050 700.0000
1010 1014 0.6099 700.0000
1010 1015 0.8821 700.0000
1010 1016 0.7236 700.0000
1010 1018 0.7228 700.0000
1011 1013 0.6420 700.0000
1011 1014 0.6390 700.0000
1012 1014 0.7047 700.0000
1012 1034 0.7661 700.0000
1012 1037 0.5802 700.0000
1012 1038 0.7158 700.0000
1012 1041 0.7517 700.0000
1013 1015 0.5545 700.0000
1013 1016 0.5110 700.0000
1013 1030 0.8863 700.0000
1013 1031 0.8314 700.0000
1013 1034 0.4552 700.0000
1013 1035 0.8102 700.0000
1013 1037 0.6120 700.0000
1013 1038 0.6694 700.0000
1014 1016 0.5780 700.0000
1014 1034 0.7728 700.0000
1015 1017 0.6943 700.0000
1015 1029 0.8571 700.0000
1015 1030 0.7044 700.0000
1015 1031 0.6941 700.0000
1015 1034 0.6091 700.0000
1016 1018 0.5699 700.0000
1016 1028 0.5873 700.0000
1016 1029 0.6091 700.0000
1016 1030 0.5740 700.0000
1016 1031 0.7486 700.0000
1016 1034 0.5877 700.0000
1016 1035 0.8027 700.0000
1016 1038 0.8766 700.0000
1017 1019 0.6985 700.0000
1017 1028 0.8228 700.0000
1017 1029 0.5059 700.0000
1017 1030 0.6916 700.0000
1018 1020 0.7159 700.0000
1018 1026 0.5585 700.0000
1018 1027 0.8099 700.0000
1018 1028 0.5770 700.0000
1018 1029 0.7789 700.0000
1019 1021 0.7121 700.0000
1019 1026 0.7241 700.0000
1019 1027 0.4491 700.0000
1019 1028 0.6867 700.0000
1019 1029 0.6502 700.0000
1020 1022 0.7719 700.0000
1020 1024 0.7987 700.0000
1020 1025 0.8603 700.0000
1020 1026 0.6037 700.0000
1020 1027 0.8303 700.0000
1021 1023 0.6623 700.0000
1021 1024 0.5539 700.0000
1021 1025 0.5013 700.0000
1021 1026 0.5895 700.0000
1021 1027 0.6562 700.0000
1022 1024 0.7283 700.0000
1022 1025 0.6865 700.0000
1023 1025 0.5933 700.0000
1024 1026 0.5657 700.0000
1025 1027 0.6683 700.0000
1026 1028 0.6391 700.0000
1027 1029 0.6912 700.0000
1028 1030 0.6433 700.0000
1028 1034 0.8730 700.0000
1028 1035 0.6824 700.0000
1028 1038 0.8300 700.0000
1029 1031 0.7921 700.0000
1029 1034 0.8969 700.0000
1029 1035 0.8444 700.0000
1030 1032 0.7726 700.0000
1030 1033 0.8841 700.0000
1030 1034 0.5904 700.0000
1030 1035 0.6276 700.0000
1031 1033 0.5110 700.0000
1031 1034 0.4206 700.0000
1031 1035 0.6570 700.0000
1031 1036 0.8773 700.0000
1031 1037 0.8667 700.0000
1032 1034 0.7246 700.0000
1032 1035 0.5630 700.0000
1032 1036 0.5204 700.0000
1033 1035 0.7573 700.0000
1033 1036 0.5893 700.0000
1033 1037 0.5925 700.0000
1034 1036 0.7367 700.0000
1034 1037 0.5244 700.0000
1034 1038 0.6845 700.0000
1035 1037 0.7603 700.0000
1035 1038 0.5267 700.0000
1035 1039 0.7245 700.0000
1036 1038 0.7427 700.0000
1036 1039 0.6268 700.0000
1036 1040 0.6007 700.0000
1037 1040 0.6773 700.0000
1037 1041 0.8817 700.0000
1038 1040 0.7147 700.0000
1038 1041 0.6178 700.0000
1038 1042 0.6088 700.0000
1039 1041 0.7984 700.0000
1039 1042 0.5850 700.0000
1039 1043 0.5750 700.0000
1039 1044 0.8703 700.0000
1040 1042 0.7594 700.0000
1040 1043 0.6274 700.0000
1040 1044 0.6124 700.0000
1041 1043 0.6941 700.0000
1041 1044 0.5812 700.0000
1041 1045 0.5455 700.0000
1041 1046 0.8837 700.0000
1042 1044 0.7056 700.0000
1042 1045 0.5847 700.0000
1042 1046 0.5877 700.0000
1043 1045 0.6787 700.0000
1043 1046 0.5864 700.0000
1043 1047 0.5614 700.0000
1043 1048 0.8803 700.0000
1044 1046 0.8293 700.0000
1044 1047 0.6390 700.0000
1044 1048 0.6694 700.0000
1045 1047 0.7496 700.0000
1045 1048 0.5645 700.0000
1045 1049 0.7060 700.0000
1046 1048 0.7996 700.0000
1046 1049 0.5857 700.0000
1046 1050 0.7237 700.0000
1047 1049 0.6231 700.0000
1047 1050 0.5765 700.0000
1047 1051 0.6084 700.0000
1048 1050 0.8220 700.0000
1048 1051 0.6156 700.0000
1048 1052 0.6179 700.0000
1049 1051 0.6517 700.0000
1049 1052 0.5680 700.0000
1049 1053 0.6623 700.0000
1050 1052 0.8086 700.0000
1050 1053 0.6354 700.0000
1050 1054 0.7550 700.0000
1051 1053 0.7927 700.0000
1051 1054 0.6617 700.0000
1051 1055 0.7026 700.0000
1052 1054 0.8418 700.0000
1052 1055 0.7528 700.0000
1053 1055 0.8565 700.0000
1087 1089 0.4307 700.0000
1087 1132 0.6897 700.0000
1087 1133 0.8779 700.0000
1088 1090 0.7861 700.0000
1088 1131 0.8790 700.0000
1088 1132 0.6205 700.0000
1088 1133 0.5281 700.0000
1088 1134 0.7711 700.0000
1088 1141 0.6272 700.0000
1088 1142 0.7604 700.0000
1088 1145 0.5241 700.0000
1089 1091 0.8257 700.0000
1089 1122 0.8430 700.0000
1089 1130 0.5899 700.0000
1089 1131 0.7010 700.0000
1089 1132 0.4684 700.0000
1089 1133 0.7419 700.0000
1089 1145 0.8868 700.0000
1090 1092 0.6261 700.0000
1090 1129 0.8450 700.0000
1090 1130 0.6987 700.0000
1090 1131 0.5138 700.0000
1090 1132 0.8553 700.0000
1090 1133 0.7154 700.0000
1090 1145 0.5848 700.0000
1090 1148 0.6949 700.0000
1090 1149 0.7347 700.0000
1090 1152 0.8486 700.0000
1091 1093 0.6938 700.0000
1091 1124 0.6657 700.0000
1091 1125 0.7974 700.0000
1091 1128 0.4949 700.0000
1091 1129 0.5732 700.0000
1091 1130 0.5310 700.0000
1091 1131 0.7316 700.0000
1092 1094 0.7010 700.0000
1092 1095 0.8178 700.0000
1092 1096 0.7387 700.0000
1092 1097 0.6244 700.0000
1092 1128 0.5386 700.0000
1092 1129 0.4451 700.0000
1092 1130 0.6917 700.0000
1092 1131 0.6737 700.0000
1092 1152 0.7182 700.0000
1093 1095 0.5269 700.0000
1093 1096 0.4853 700.0000
1093 1097 0.7130 700.0000
1093 1098 0.8709 700.0000
1093 1125 0.8997 700.0000
1093 1127 0.6675 700.0000
1093 1128 0.4798 700.0000
1093 1129 0.6213 700.0000
1093 1152 0.8446 700.0000
1093 1156 0.8905 700.0000
1094 1096 0.7412 700.0000
1094 1097 0.5949 700.0000
1094 1098 0.5106 700.0000
1094 1123 0.7446 700.0000
1094 1125 0.8137 700.0000
1094 1126 0.7779 700.0000
1094 1127 0.5466 700.0000
1094 1128 0.6270 700.0000
1094 1129 0.5761 700.0000
1095 1097 0.7109 700.0000
1095 1098 0.5038 700.0000
1095 1099 0.7883 700.0000
1095 1127 0.6970 700.0000
1095 1128 0.8454 700.0000
1095 1129 0.8893 700.0000
1096 1098 0.8014 700.0000
1096 1099 0.6964 700.0000
1096 1100 0.8983 700.0000
1096 1152 0.7349 700.0000
1096 1156 0.5301 700.0000
1097 1099 0.8617 700.0000
1097 1100 0.5910 700.0000
1097 1101 0.5532 700.0000
1097 1108 0.8917 700.0000
1097 1121 0.7850 700.0000
1097 1129 0.6086 700.0000
1097 1131 0.7957 700.0000
1097 1148 0.8924 700.0000
1097 1152 0.7354 700.0000
1098 1100 0.8530 700.0000
1098 1101 0.6320 700.0000
1098 1102 0.8035 700.0000
1099 1101 0.8564 700.0000
1099 1102 0.6056 700.0000
1099 1103 0.5321 700.0000
1099 1104 0.8115 700.0000
1099 1152 0.8883 700.0000
1099 1155 0.6828 700.0000
1099 1156 0.7024 700.0000
1100 1102 0.8741 700.0000
1100 1103 0.6071 700.0000
1100 1104 0.4588 700.0000
1100 1105 0.7337 700.0000
1100 1107 0.6698 700.0000
1100 1108 0.7547 700.0000
1100 1148 0.7268 700.0000
1100 1151 0.7168 700.0000
1100 1152 0.5348 700.0000
1100 1155 0.6083 700.0000
1100 1156 0.7700 700.0000
1101 1103 0.7956 700.0000
1101 1104 0.6868 700.0000
1101 1105 0.5399 700.0000
1101 1106 0.8653 700.0000
1101 1108 0.7308 700.0000
1102 1104 0.7819 700.0000
1102 1105 0.7635 700.0000
1103 1105 0.6792 700.0000
1103 1107 0.8711 700.0000
1103 1155 0.6831 700.0000
1104 1106 0.6490 700.0000
1104 1107 0.4631 700.0000
1104 1108 0.7857 700.0000
1104 1151 0.7653 700.0000
1104 1155 0.7299 700.0000
1105 1107 0.6522 700.0000
1105 1108 0.7181 700.0000
1105 1109 0.7784 700.0000
1106 1108 0.6950 700.0000
1106 1109 0.5661 700.0000
1106 1110 0.6623 700.0000
1107 1109 0.7588 700.0000
1107 1110 0.5524 700.0000
1107 1111 0.6520 700.0000
1107 1147 0.8278 700.0000
1107 1148 0.7911 700.0000
1107 1151 0.6229 700.0000
1108 1110 0.6070 700.0000
1108 1111 0.5597 700.0000
1108 1112 0.5880 700.0000
1108 1119 0.6360 700.0000
1108 1148 0.7066 700.0000
1109 1111 0.6755 700.0000
1109 1112 0.4959 700.0000
1109 1113 0.6178 700.0000
1109 1119 0.8334 700.0000
1110 1112 0.6180 700.0000
1110 1113 0.5547 700.0000
1110 1114 0.6293 700.0000
1110 1115 0.8008 700.0000
1111 1113 0.7280 700.0000
1111 1114 0.6047 700.0000
1111 1115 0.5523 700.0000
1111 1116 0.8176 700.0000
1111 1117 0.6853 700.0000
1111 1119 0.7914 700.0000
1111 1143 0.8321 700.0000
1111 1144 0.5713 700.0000
1111 1147 0.6267 700.0000
1111 1148 0.7149 700.0000
1112 1115 0.7813 700.0000
1112 1116 0.6337 700.0000
1112 1117 0.4748 700.0000
1112 1118 0.5295 700.0000
1112 1119 0.5488 700.0000
1112 1133 0.8788 700.0000
1112 1144 0.8624 700.0000
1113 1115 0.8424 700.0000
1113 1116 0.7330 700.0000
1113 1117 0.8340 700.0000
1114 1116 0.8649 700.0000
1114 1140 0.8875 700.0000
1114 1143 0.8474 700.0000
1114 1144 0.8278 700.0000
1114 1147 0.8364 700.0000
1115 1117 0.6139 700.0000
1115 1139 0.8197 700.0000
1115 1140 0.4951 700.0000
1115 1141 0.7746 700.0000
1115 1143 0.5379 700.0000
1115 1144 0.5031 700.0000
1115 1147 0.7689 700.0000
1116 1118 0.6669 700.0000
1116 1134 0.8171 700.0000
1116 1135 0.6064 700.0000
1116 1136 0.7219 700.0000
1116 1137 0.7365 700.0000
1116 1140 0.5891 700.0000
1116 1141 0.7790 700.0000
1116 1144 0.8479 700.0000
1117 1119 0.6313 700.0000
1117 1133 0.6572 700.0000
1117 1134 0.5805 700.0000
1117 1135 0.5582 700.0000
1117 1136 0.8296 700.0000
1117 1140 0.6956 700.0000
1117 1141 0.6258 700.0000
1117 1143 0.8942 700.0000
1117 1144 0.6723 700.0000
1118 1120 0.6463 700.0000
1118 1132 0.8084 700.0000
1118 1133 0.7387 700.0000
1118 1134 0.4638 700.0000
1118 1135 0.7021 700.0000
1119 1121 0.6401 700.0000
1119 1131 0.6125 700.0000
1119 1132 0.6478 700.0000
1119 1133 0.5226 700.0000
1119 1134 0.6796 700.0000
1119 1144 0.8853 700.0000
1119 1148 0.8449 700.0000
1120 1122 0.6055 700.0000
1120 1130 0.8110 700.0000
1120 1131 0.7346 700.0000
1120 1132 0.4788 700.0000
1120 1133 0.7818 700.0000
1120 1134 0.6623 700.0000
1121 1123 0.7616 700.0000
1121 1129 0.6663 700.0000
1121 1130 0.6559 700.0000
1121 1131 0.5762 700.0000
1121 1132 0.7800 700.0000
1122 1124 0.6678 700.0000
1122 1129 0.7027 700.0000
1122 1130 0.4821 700.0000
1122 1131 0.7269 700.0000
1122 1132 0.7143 700.0000
1123 1125 0.5849 700.0000
1123 1126 0.6751 700.0000
1123 1127 0.8545 700.0000
1123 1128 0.7729 700.0000
1123 1129 0.5820 700.0000
1123 1130 0.7688 700.0000
1124 1126 0.6953 700.0000
1124 1127 0.8540 700.0000
1124 1128 0.5560 700.0000
1124 1129 0.6090 700.0000
1124 1130 0.5864 700.0000
1125 1127 0.5490 700.0000
1125 1128 0.4499 700.0000
1125 1129 0.6982 700.0000
1125 1130 0.8661 700.0000
1126 1128 0.6652 700.0000
1127 1129 0.8275 700.0000
1128 1130 0.7577 700.0000
1129 1131 0.5998 700.0000
1130 1132 0.6395 700.0000
1130 1133 0.8996 700.0000
1131 1133 0.5858 700.0000
1131 1145 0.8259 700.0000
1131 1148 0.7591 700.0000
1132 1134 0.5635 700.0000
1132 1145 0.8799 700.0000
1133 1135 0.8170 700.0000
1133 1141 0.5791 700.0000
1133 1142 0.8960 700.0000
1133 1144 0.6524 700.0000
1133 1145 0.4998 700.0000
1133 1148 0.7964 700.0000
1134 1136 0.7759 700.0000
1134 1141 0.6802 700.0000
1135 1137 0.6614 700.0000
1135 1138 0.6394 700.0000
1135 1139 0.7916 700.0000
1135 1140 0.6960 700.0000
1135 1141 0.5318 700.0000
1136 1138 0.7126 700.0000
1136 1140 0.8229 700.0000
1136 1141 0.8547 700.0000
1137 1139 0.6874 700.0000
1137 1140 0.6087 700.0000
1138 1140 0.6159 700.0000
1138 1141 0.5687 700.0000
1138 1142 0.6853 700.0000
1139 1141 0.5539 700.0000
1139 1142 0.5478 700.0000
1139 1143 0.6622 700.0000
1139 1144 0.8590 700.0000
1140 1142 0.7409 700.0000
1140 1143 0.5909 700.0000
1140 1144 0.6996 700.0000
1141 1143 0.6330 700.0000
1141 1144 0.5825 700.0000
1141 1145 0.6128 700.0000
1142 1144 0.6905 700.0000
1142 1145 0.5884 700.0000
1142 1146 0.6510 700.0000
1143 1145 0.7019 700.0000
1143 1146 0.4691 700.0000
1143 1147 0.6053 700.0000
1144 1146 0.5946 700.0000
1144 1147 0.5015 700.0000
1144 1148 0.6783 700.0000
1144 1149 0.8347 700.0000
1145 1147 0.8394 700.0000
1145 1148 0.7356 700.0000
1145 1149 0.7647 700.0000
1146 1148 0.8505 700.0000
1146 1149 0.6543 700.0000
1146 1150 0.7222 700.0000
1147 1149 0.5713 700.0000
1147 1150 0.5435 700.0000
1147 1151 0.6032 700.0000
1148 1150 0.6927 700.0000
1148 1151 0.6615 700.0000
1148 1152 0.5684 700.0000
1148 1153 0.8650 700.0000
1149 1151 0.6388 700.0000
1149 1152 0.5593 700.0000
1149 1153 0.5169 700.0000
1149 1154 0.8815 700.0000
1150 1152 0.7226 700.0000
1150 1153 0.5244 700.0000
1150 1154 0.5981 700.0000
1150 1155 0.8362 700.0000
1151 1153 0.7534 700.0000
1151 1154 0.5294 700.0000
1151 1155 0.5928 700.0000
1152 1154 0.8243 700.0000
1152 1155 0.6199 700.0000
1152 1156 0.5050 700.0000
1153 1155 0.7512 700.0000
1153 1156 0.6030 700.0000
1154 1156 0.7603 700.0000
1159 1161 0.7871 700.0000
1159 1198 0.6206 700.0000
1159 1199 0.4364 700.0000
1159 1200 0.6173 700.0000
1159 1201 0.8747 700.0000
1160 1162 0.6325 700.0000
1160 1197 0.8872 700.0000
1160 1198 0.7564 700.0000
1160 1199 0.5454 700.0000
1160 1200 0.6539 700.0000
1160 1201 0.5275 700.0000
1160 1204 0.6917 700.0000
1161 1163 0.6430 700.0000
1161 1196 0.6281 700.0000
1161 1197 0.6519 700.0000
1161 1198 0.5366 700.0000
1161 1199 0.7552 700.0000
1161 1204 0.8998 700.0000
1162 1164 0.7252 700.0000
1162 1196 0.7524 700.0000
1162 1197 0.5284 700.0000
1162 1198 0.7960 700.0000
1162 1199 0.8048 700.0000
1162 1201 0.8215 700.0000
1162 1204 0.5532 700.0000
1162 1205 0.8324 700.0000
1162 1208 0.6905 700.0000
1163 1165 0.6829 700.0000
1163 1194 0.5914 700.0000
1163 1195 0.6489 700.0000
1163 1196 0.5207 700.0000
1163 1197 0.6258 700.0000
1164 1166 0.5863 700.0000
1164 1172 0.8709 700.0000
1164 1193 0.7486 700.0000
1164 1194 0.5885 700.0000
1164 1195 0.4475 700.0000
1164 1196 0.7043 700.0000
1164 1197 0.6783 700.0000
1164 1208 0.6633 700.0000
1164 1211 0.7655 700.0000
1165 1167 0.7211 700.0000
1165 1192 0.8676 700.0000
1165 1193 0.5953 700.0000
1165 1194 0.5013 700.0000
1165 1195 0.6789 700.0000
1166 1168 0.6030 700.0000
1166 1169 0.7704 700.0000
1166 1171 0.5820 700.0000
1166 1172 0.5782 700.0000
1166 1175 0.7748 700.0000
1166 1192 0.8016 700.0000
1166 1193 0.4652 700.0000
1166 1194 0.6802 700.0000
1166 1195 0.6501 700.0000
1166 1211 0.8259 700.0000
1166 1215 0.8195 700.0000
1167 1169 0.7301 700.0000
1167 1171 0.6089 700.0000
1167 1172 0.8250 700.0000
1167 1192 0.8387 700.0000
1167 1193 0.6282 700.0000
1168 1170 0.5172 700.0000
1168 1171 0.4329 700.0000
1168 1172 0.6354 700.0000
1168 1173 0.8485 700.0000
1168 1192 0.7787 700.0000
1168 1193 0.6243 700.0000
1169 1171 0.6626 700.0000
1169 1172 0.5285 700.0000
1169 1173 0.5788 700.0000
1169 1190 0.6465 700.0000
1169 1192 0.5666 700.0000
1169 1193 0.5382 700.0000
1170 1172 0.7107 700.0000
1170 1173 0.6603 700.0000
1170 1174 0.7598 700.0000
1171 1173 0.7701 700.0000
1171 1174 0.6164 700.0000
1171 1175 0.6004 700.0000
1171 1193 0.8029 700.0000
1171 1215 0.7630 700.0000
1172 1174 0.6497 700.0000
1172 1175 0.5301 700.0000
1172 1176 0.6195 700.0000
1172 1177 0.8478 700.0000
1172 1190 0.5791 700.0000
1172 1192 0.8015 700.0000
1172 1193 0.5612 700.0000
1172 1194 0.8678 700.0000
1172 1195 0.5891 700.0000
1173 1175 0.7503 700.0000
1173 1176 0.5058 700.0000
1173 1177 0.6223 700.0000
1173 1190 0.5529 700.0000
1173 1193 0.8271 700.0000
1173 1195 0.8469 700.0000
1174 1176 0.8158 700.0000
1174 1177 0.5933 700.0000
1174 1178 0.5549 700.0000
1175 1177 0.7823 700.0000
1175 1178 0.5431 700.0000
1175 1179 0.6378 700.0000
1175 1195 0.7954 700.0000
1175 1207 0.8753 700.0000
1175 1210 0.7496 700.0000
1175 1211 0.5451 700.0000
1175 1214 0.6892 700.0000
1175 1215 0.7672 700.0000
1176 1178 0.8032 700.0000
1176 1179 0.6571 700.0000
1176 1180 0.5572 700.0000
1176 1187 0.8830 700.0000
1176 1188 0.4673 700.0000
1176 1189 0.8013 700.0000
1176 1190 0.6554 700.0000
1176 1195 0.7100 700.0000
1177 1179 0.7613 700.0000
1177 1180 0.6449 700.0000
1177 1181 0.7233 700.0000
1178 1180 0.7749 700.0000
1178 1181 0.7100 700.0000
1178 1182 0.7373 700.0000
1178 1210 0.7243 700.0000
1178 1211 0.8950 700.0000
1178 1214 0.8594 700.0000
1179 1181 0.7533 700.0000
1179 1182 0.5812 700.0000
1179 1183 0.5008 700.0000
1179 1186 0.6887 700.0000
1179 1188 0.6893 700.0000
1179 1197 0.8863 700.0000
1179 1206 0.8571 700.0000
1179 1207 0.6058 700.0000
1179 1210 0.6600 700.0000
1179 1211 0.7799 700.0000
1180 1182 0.7744 700.0000
1180 1183 0.6692 700.0000
1180 1184 0.6702 700.0000
1180 1186 0.6472 700.0000
1180 1187 0.7950 700.0000
1180 1188 0.5833 700.0000
1181 1183 0.8352 700.0000
1181 1184 0.7893 700.0000
1182 1184 0.7812 700.0000
1182 1206 0.8680 700.0000
1182 1207 0.8423 700.0000
1182 1210 0.7211 700.0000
1183 1185 0.7416 700.0000
1183 1186 0.5315 700.0000
1183 1203 0.5574 700.0000
1183 1204 0.8506 700.0000
1183 1206 0.6821 700.0000
1183 1207 0.6326 700.0000
1183 1210 0.8140 700.0000
1184 1186 0.6567 700.0000
1184 1203 0.8848 700.0000
1185 1199 0.7820 700.0000
1185 1200 0.7299 700.0000
1185 1203 0.6789 700.0000
1186 1188 0.5566 700.0000
1186 1197 0.6227 700.0000
1186 1198 0.6149 700.0000
1186 1199 0.5994 700.0000
1186 1200 0.7536 700.0000
1186 1203 0.5952 700.0000
1186 1204 0.7120 700.0000
1186 1207 0.8041 700.0000
1187 1189 0.6040 700.0000
1187 1196 0.7255 700.0000
1187 1197 0.6806 700.0000
1187 1198 0.4428 700.0000
1187 1199 0.7410 700.0000
1188 1190 0.7956 700.0000
1188 1195 0.6341 700.0000
1188 1196 0.6105 700.0000
1188 1197 0.5770 700.0000
1188 1198 0.7249 700.0000
1189 1191 0.7233 700.0000
1189 1195 0.7273 700.0000
1189 1196 0.4613 700.0000
1189 1197 0.7847 700.0000
1189 1198 0.7734 700.0000
1190 1192 0.5795 700.0000
1190 1193 0.5782 700.0000
1190 1194 0.7195 700.0000
1190 1195 0.6114 700.0000
1190 1196 0.7839 700.0000
1191 1193 0.6869 700.0000
1191 1194 0.5888 700.0000
1191 1195 0.8470 700.0000
1191 1196 0.8014 700.0000
1192 1194 0.5509 700.0000
1192 1195 0.8450 700.0000
1193 1195 0.5983 700.0000
1194 1196 0.6602 700.0000
1195 1197 0.5910 700.0000
1195 1211 0.8836 700.0000
1196 1198 0.6547 700.0000
1197 1199 0.6861 700.0000
1197 1203 0.8867 700.0000
1197 1204 0.5495 700.0000
1197 1207 0.7592 700.0000
1197 1208 0.7518 700.0000
1198 1200 0.8089 700.0000
1198 1204 0.7884 700.0000
1199 1201 0.7330 700.0000
1199 1202 0.8360 700.0000
1199 1203 0.6088 700.0000
1199 1204 0.5751 700.0000
1200 1202 0.5073 700.0000
1200 1203 0.4214 700.0000
1200 1204 0.5977 700.0000
1200 1205 0.8216 700.0000
1201 1203 0.7491 700.0000
1201 1204 0.5878 700.0000
1201 1205 0.6161 700.0000
1202 1204 0.6735 700.0000
1202 1205 0.5743 700.0000
1202 1206 0.7130 700.0000
1203 1205 0.6469 700.0000
1203 1206 0.5950 700.0000
1203 1207 0.6974 700.0000
1204 1206 0.6169 700.0000
1204 1207 0.5720 700.0000
1204 1208 0.5781 700.0000
1205 1207 0.5589 700.0000
1205 1208 0.5223 700.0000
1205 1209 0.6383 700.0000
1206 1208 0.6282 700.0000
1206 1209 0.4919 700.0000
1206 1210 0.6392 700.0000
1206 1211 0.8290 700.0000
1207 1209 0.6130 700.0000
1207 1210 0.5348 700.0000
1207 1211 0.5654 700.0000
1207 1212 0.8225 700.0000
1208 1210 0.8549 700.0000
1208 1211 0.5909 700.0000
1208 1212 0.7246 700.0000
1209 1211 0.7223 700.0000
1209 1212 0.5672 700.0000
1209 1213 0.5345 700.0000
1210 1212 0.6799 700.0000
1210 1213 0.5367 700.0000
1210 1214 0.6111 700.0000
1211 1213 0.6922 700.0000
1211 1214 0.5768 700.0000
1211 1215 0.5705 700.0000
1212 1214 0.5758 700.0000
1212 1215 0.5184 700.0000
1213 1215 0.7668 700.0000
1214 1216 0.5908 700.0000
1232 1234 0.6402 700.0000
1232 1270 0.7904 700.0000
1232 1271 0.6438 700.0000
1232 1272 0.4368 700.0000
1232 1273 0.7248 700.0000
1232 1274 0.7864 700.0000
1232 1288 0.5810 700.0000
1232 1291 0.6664 700.0000
1232 1292 0.7704 700.0000
1233 1235 0.8628 700.0000
1233 1266 0.8037 700.0000
1233 1269 0.5009 700.0000
1233 1270 0.6518 700.0000
1233 1271 0.5322 700.0000
1233 1272 0.7597 700.0000
1234 1236 0.6230 700.0000
1234 1237 0.8291 700.0000
1234 1238 0.7448 700.0000
1234 1239 0.6742 700.0000
1234 1269 0.5663 700.0000
1234 1270 0.4417 700.0000
1234 1271 0.6737 700.0000
1234 1272 0.7332 700.0000
1234 1295 0.7459 700.0000
1235 1237 0.4649 700.0000
1235 1238 0.5436 700.0000
1235 1239 0.8003 700.0000
1235 1240 0.8838 700.0000
1235 1267 0.8880 700.0000
1235 1268 0.6272 700.0000
1235 1269 0.5900 700.0000
1235 1270 0.6713 700.0000
1236 1238 0.7115 700.0000
1236 1239 0.6057 700.0000
1236 1240 0.5829 700.0000
1236 1265 0.6367 700.0000
1236 1267 0.6870 700.0000
1236 1268 0.6186 700.0000
1236 1269 0.6433 700.0000
1236 1270 0.5035 700.0000
1237 1239 0.7192 700.0000
1237 1240 0.5238 700.0000
1237 1241 0.6134 700.0000
1237 1242 0.8657 700.0000
1237 1268 0.8056 700.0000
1237 1270 0.8626 700.0000
1238 1240 0.8081 700.0000
1238 1241 0.5708 700.0000
1238 1242 0.6367 700.0000
1238 1295 0.7402 700.0000
1238 1298 0.8909 700.0000
1238 1299 0.6753 700.0000
1239 1241 0.7490 700.0000
1239 1242 0.5871 700.0000
1239 1243 0.4901 700.0000
1239 1244 0.8750 700.0000
1239 1246 0.6229 700.0000
1239 1247 0.8221 700.0000
1239 1263 0.8041 700.0000
1239 1265 0.8663 700.0000
1239 1270 0.5846 700.0000
1239 1272 0.8464 700.0000
1239 1295 0.7954 700.0000
1240 1242 0.7748 700.0000
1240 1243 0.5769 700.0000
1240 1265 0.8891 700.0000
1240 1270 0.8973 700.0000
1241 1243 0.7480 700.0000
1241 1244 0.8655 700.0000
1241 1299 0.8831 700.0000
1242 1244 0.6467 700.0000
1242 1245 0.5862 700.0000
1242 1246 0.5482 700.0000
1242 1295 0.6705 700.0000
1242 1298 0.5581 700.0000
1242 1299 0.6799 700.0000
1242 1301 0.8353 700.0000
1243 1245 0.8334 700.0000
1243 1246 0.6302 700.0000
1243 1247 0.5819 700.0000
1244 1246 0.6399 700.0000
1244 1247 0.5849 700.0000
1244 1248 0.6694 700.0000
1245 1247 0.7646 700.0000
1245 1248 0.6021 700.0000
1245 1249 0.6739 700.0000
1245 1294 0.7764 700.0000
1245 1297 0.8017 700.0000
1245 1298 0.5894 700.0000
1245 1301 0.7423 700.0000
1246 1248 0.7141 700.0000
1246 1249 0.6086 700.0000
1246 1250 0.6107 700.0000
1246 1291 0.6807 700.0000
1246 1294 0.6631 700.0000
1246 1295 0.6694 700.0000
1246 1298 0.7447 700.0000
1247 1249 0.7641 700.0000
1247 1250 0.5341 700.0000
1247 1251 0.7030 700.0000
1248 1250 0.7386 700.0000
1248 1251 0.6400 700.0000
1248 1252 0.6773 700.0000
1249 1251 0.6714 700.0000
1249 1252 0.4825 700.0000
1249 1253 0.6319 700.0000
1249 1290 0.7894 700.0000
1249 1291 0.7579 700.0000
1249 1294 0.5852 700.0000
1250 1252 0.7098 700.0000
1250 1253 0.5236 700.0000
1250 1254 0.5775 700.0000
1250 1259 0.8853 700.0000
1250 1261 0.6565 700.0000
1250 1272 0.8687 700.0000
1250 1274 0.7917 700.0000
1250 1287 0.8842 700.0000
1250 1291 0.6862 700.0000
1251 1253 0.5992 700.0000
1251 1254 0.4740 700.0000
1251 1255 0.5561 700.0000
1251 1261 0.8732 700.0000
1252 1254 0.7766 700.0000
1252 1255 0.6085 700.0000
1252 1256 0.6997 700.0000
1253 1255 0.7131 700.0000
1253 1256 0.6299 700.0000
1253 1257 0.5397 700.0000
1253 1259 0.6641 700.0000
1253 1261 0.8839 700.0000
1253 1274 0.7682 700.0000
1253 1287 0.5700 700.0000
1253 1290 0.6273 700.0000
1253 1291 0.7680 700.0000
1254 1257 0.7973 700.0000
1254 1258 0.7004 700.0000
1254 1259 0.4526 700.0000
1254 1260 0.5654 700.0000
1254 1261 0.5898 700.0000
1254 1274 0.7813 700.0000
1254 1277 0.8413 700.0000
1255 1257 0.8549 700.0000
1255 1258 0.7405 700.0000
1255 1259 0.8363 700.0000
1256 1287 0.8912 700.0000
1256 1290 0.8445 700.0000
1257 1259 0.6313 700.0000
1257 1283 0.5089 700.0000
1257 1284 0.7760 700.0000
1257 1285 0.8802 700.0000
1257 1286 0.5787 700.0000
1257 1287 0.5541 700.0000
1257 1290 0.7567 700.0000
1258 1260 0.7431 700.0000
1258 1276 0.6886 700.0000
1258 1277 0.4631 700.0000
1258 1278 0.7014 700.0000
1258 1281 0.8446 700.0000
1258 1283 0.7900 700.0000
1259 1261 0.6710 700.0000
1259 1274 0.6050 700.0000
1259 1275 0.6946 700.0000
1259 1276 0.5749 700.0000
1259 1277 0.5676 700.0000
1259 1282 0.8874 700.0000
1259 1283 0.7173 700.0000
1259 1284 0.7386 700.0000
1259 1287 0.7413 700.0000
1260 1262 0.6722 700.0000
1260 1273 0.8597 700.0000
1260 1274 0.6821 700.0000
1260 1275 0.5039 700.0000
1260 1276 0.6505 700.0000
1260 1277 0.5376 700.0000
1261 1263 0.6465 700.0000
1261 1272 0.7503 700.0000
1261 1273 0.6595 700.0000
1261 1274 0.5601 700.0000
1261 1275 0.6952 700.0000
1262 1264 0.7149 700.0000
1262 1271 0.8765 700.0000
1262 1272 0.7504 700.0000
1262 1273 0.4686 700.0000
1262 1274 0.7322 700.0000
1262 1275 0.6039 700.0000
1263 1265 0.7706 700.0000
1263 1270 0.6892 700.0000
1263 1271 0.6460 700.0000
1263 1272 0.5639 700.0000
1263 1273 0.7094 700.0000
1264 1266 0.5724 700.0000
1264 1267 0.8873 700.0000
1264 1269 0.8872 700.0000
1264 1270 0.5570 700.0000
1264 1271 0.4001 700.0000
1264 1272 0.6720 700.0000
1264 1273 0.7477 700.0000
1265 1267 0.5174 700.0000
1265 1268 0.8671 700.0000
1265 1269 0.7854 700.0000
1265 1270 0.5469 700.0000
1265 1271 0.7271 700.0000
1266 1268 0.8989 700.0000
1266 1269 0.6037 700.0000
1266 1270 0.6973 700.0000
1266 1271 0.5552 700.0000
1267 1269 0.5822 700.0000
1267 1270 0.7527 700.0000
1268 1270 0.8817 700.0000
1269 1271 0.6456 700.0000
1270 1272 0.6426 700.0000
1271 1273 0.6665 700.0000
1272 1274 0.6157 700.0000
1272 1288 0.7179 700.0000
1272 1291 0.6885 700.0000
1273 1275 0.6142 700.0000
1273 1288 0.7411 700.0000
1274 1276 0.8530 700.0000
1274 1284 0.5825 700.0000
1274 1285 0.8456 700.0000
1274 1287 0.5523 700.0000
1274 1288 0.4819 700.0000
1274 1291 0.7805 700.0000
1275 1277 0.7546 700.0000
1275 1282 0.8944 700.0000
1275 1284 0.7973 700.0000
1276 1278 0.5627 700.0000
1276 1279 0.7218 700.0000
1276 1281 0.6972 700.0000
1276 1282 0.5469 700.0000
1276 1283 0.7121 700.0000
1276 1284 0.7025 700.0000
1278 1280 0.5144 700.0000
1278 1281 0.5014 700.0000
1278 1282 0.7864 700.0000
1278 1283 0.8990 700.0000
1279 1281 0.8760 700.0000
1279 1282 0.8982 700.0000
1281 1283 0.5780 700.0000
1282 1284 0.4881 700.0000
1282 1285 0.7111 700.0000
1282 1286 0.7948 700.0000
1283 1285 0.6377 700.0000
1283 1286 0.4619 700.0000
1283 1287 0.6855 700.0000
1284 1286 0.5910 700.0000
1284 1287 0.5356 700.0000
1284 1288 0.5328 700.0000
1284 1289 0.8889 700.0000
1285 1287 0.5703 700.0000
1285 1288 0.5418 700.0000
1285 1289 0.6691 700.0000
1285 1290 0.8983 700.0000
1286 1288 0.8008 700.0000
1286 1289 0.6571 700.0000
1286 1290 0.7564 700.0000
1287 1289 0.5083 700.0000
1287 1290 0.4861 700.0000
1287 1291 0.6758 700.0000
1287 1292 0.8318 700.0000
1288 1290 0.7757 700.0000
1288 1291 0.6732 700.0000
1288 1292 0.7689 700.0000
1289 1291 0.6739 700.0000
1289 1292 0.4874 700.0000
1289 1293 0.6086 700.0000
1289 1294 0.8644 700.0000
1290 1292 0.6018 700.0000
1290 1293 0.5373 700.0000
1290 1294 0.6573 700.0000
1291 1293 0.7302 700.0000
1291 1294 0.5391 700.0000
1291 1295 0.5932 700.0000
1291 1296 0.8521 700.0000
1292 1294 0.6197 700.0000
1292 1295 0.6353 700.0000
1292 1296 0.5618 700.0000
1293 1295 0.8015 700.0000
1293 1296 0.5116 700.0000
1293 1297 0.7313 700.0000
1294 1296 0.5861 700.0000
1294 1297 0.5595 700.0000
1294 1298 0.6058 700.0000
1294 1299 0.8459 700.0000
1295 1297 0.8211 700.0000
1295 1298 0.5856 700.0000
1295 1299 0.5909 700.0000
1295 1300 0.8859 700.0000
1296 1298 0.7094 700.0000
1296 1299 0.6529 700.0000
1296 1300 0.6996 700.0000
1297 1299 0.6868 700.0000
1297 1300 0.5512 700.0000
1297 1301 0.5827 700.0000
1298 1300 0.5306 700.0000
1298 1301 0.4638 700.0000
1299 1301 0.6336 700.0000
1303 1305 0.6691 700.0000
1303 1346 0.8769 700.0000
1303 1347 0.7178 700.0000
1303 1348 0.5018 700.0000
1303 1349 0.6480 700.0000
1303 1350 0.5225 700.0000
1303 1353 0.6492 700.0000
1304 1306 0.6626 700.0000
1304 1338 0.8901 700.0000
1304 1345 0.5657 700.0000
1304 1346 0.6902 700.0000
1304 1347 0.5663 700.0000
1304 1348 0.8258 700.0000
1305 1307 0.6173 700.0000
1305 1344 0.8490 700.0000
1305 1345 0.7167 700.0000
1305 1346 0.5179 700.0000
1305 1347 0.7740 700.0000
1305 1348 0.8241 700.0000
1305 1353 0.5925 700.0000
1305 1354 0.8450 700.0000
1305 1357 0.6414 700.0000
1306 1308 0.6368 700.0000
1306 1343 0.6452 700.0000
1306 1344 0.6899 700.0000
1306 1345 0.5398 700.0000
1306 1346 0.6875 700.0000
1307 1309 0.6377 700.0000
1307 1343 0.6399 700.0000
1307 1344 0.4777 700.0000
1307 1345 0.6828 700.0000
1307 1346 0.6684 700.0000
1307 1357 0.6528 700.0000
1307 1360 0.7616 700.0000
1307 1361 0.8078 700.0000
1308 1310 0.5644 700.0000
1308 1311 0.7144 700.0000
1308 1312 0.8915 700.0000
1308 1342 0.6952 700.0000
1308 1343 0.6080 700.0000
1308 1344 0.8233 700.0000
1309 1311 0.6248 700.0000
1309 1312 0.5540 700.0000
1309 1313 0.7435 700.0000
1309 1316 0.4613 700.0000
1309 1319 0.7794 700.0000
1309 1339 0.8628 700.0000
1309 1340 0.8761 700.0000
1309 1341 0.8903 700.0000
1309 1342 0.6380 700.0000
1309 1343 0.5774 700.0000
1309 1344 0.6775 700.0000
1309 1360 0.8986 700.0000
1310 1312 0.7973 700.0000
1310 1313 0.7963 700.0000
1310 1316 0.7560 700.0000
1310 1342 0.6408 700.0000
1311 1313 0.6109 700.0000
1311 1315 0.8680 700.0000
1311 1316 0.8122 700.0000
1311 1361 0.8205 700.0000
1312 1314 0.8206 700.0000
1312 1315 0.4865 700.0000
1312 1316 0.6017 700.0000
1312 1319 0.8119 700.0000
1312 1360 0.7963 700.0000
1312 1361 0.7091 700.0000
1313 1315 0.5587 700.0000
1313 1316 0.5197 700.0000
1313 1317 0.7784 700.0000
1314 1316 0.8525 700.0000
1314 1317 0.6987 700.0000
1315 1317 0.7910 700.0000
1315 1318 0.6390 700.0000
1315 1319 0.7255 700.0000
1315 1360 0.8807 700.0000
1316 1319 0.6786 700.0000
1316 1320 0.6804 700.0000
1316 1341 0.7995 700.0000
1316 1342 0.7752 700.0000
1316 1343 0.8837 700.0000
1317 1319 0.7675 700.0000
1317 1320 0.6553 700.0000
1317 1321 0.7476 700.0000
1318 1320 0.7744 700.0000
1318 1321 0.4575 700.0000
1318 1323 0.7984 700.0000
1318 1324 0.6669 700.0000
1319 1321 0.6550 700.0000
1319 1324 0.5049 700.0000
1319 1325 0.8326 700.0000
1319 1339 0.7173 700.0000
1319 1344 0.7713 700.0000
1319 1360 0.7368 700.0000
1320 1322 0.8484 700.0000
1320 1324 0.8270 700.0000
1320 1339 0.6183 700.0000
1320 1340 0.8889 700.0000
1320 1341 0.8104 700.0000
1321 1323 0.5912 700.0000
1321 1324 0.6582 700.0000
1321 1325 0.8159 700.0000
1322 1324 0.7357 700.0000
1322 1325 0.5713 700.0000
1322 1326 0.6097 700.0000
1323 1325 0.7158 700.0000
1323 1326 0.6249 700.0000
1323 1327 0.6676 700.0000
1324 1326 0.7204 700.0000
1324 1327 0.6022 700.0000
1324 1328 0.5885 700.0000
1324 1329 0.8819 700.0000
1324 1337 0.8246 700.0000
1324 1359 0.7375 700.0000
1324 1360 0.7896 700.0000
1325 1327 0.6197 700.0000
1325 1328 0.5729 700.0000
1325 1329 0.5069 700.0000
1325 1330 0.8722 700.0000
1325 1337 0.6738 700.0000
1326 1328 0.7896 700.0000
1326 1329 0.5314 700.0000
1326 1330 0.6589 700.0000
1327 1329 0.7997 700.0000
1327 1330 0.5410 700.0000
1327 1331 0.4978 700.0000
1327 1332 0.8457 700.0000
1327 1359 0.7889 700.0000
1328 1330 0.8128 700.0000
1328 1331 0.6547 700.0000
1328 1332 0.4607 700.0000
1328 1333 0.7569 700.0000
1328 1335 0.6529 700.0000
1328 1336 0.8976 700.0000
1328 1337 0.6067 700.0000
1328 1356 0.6789 700.0000
1328 1359 0.6445 700.0000
1328 1360 0.8022 700.0000
1329 1332 0.8499 700.0000
1329 1333 0.7080 700.0000
1329 1335 0.8288 700.0000
1329 1336 0.8294 700.0000
1329 1337 0.6709 700.0000
1330 1332 0.8309 700.0000
1330 1333 0.7609 700.0000
1331 1333 0.8851 700.0000
1331 1359 0.6219 700.0000
1332 1334 0.6886 700.0000
1332 1335 0.5531 700.0000
1332 1352 0.7154 700.0000
1332 1353 0.8801 700.0000
1332 1355 0.6834 700.0000
1332 1356 0.5550 700.0000
1332 1359 0.7007 700.0000
1333 1335 0.5738 700.0000
1333 1352 0.8151 700.0000
1334 1348 0.7852 700.0000
1334 1349 0.7372 700.0000
1334 1352 0.5556 700.0000
1335 1337 0.6991 700.0000
1335 1346 0.6514 700.0000
1335 1347 0.5974 700.0000
1335 1348 0.6174 700.0000
1335 1349 0.8098 700.0000
1335 1352 0.6537 700.0000
1335 1353 0.6710 700.0000
1335 1356 0.7071 700.0000
1336 1338 0.6169 700.0000
1336 1345 0.7283 700.0000
1336 1346 0.6750 700.0000
1336 1347 0.4850 700.0000
1336 1348 0.8104 700.0000
1337 1339 0.6073 700.0000
1337 1344 0.6403 700.0000
1337 1345 0.7048 700.0000
1337 1346 0.6779 700.0000
1337 1347 0.8252 700.0000
1338 1340 0.5839 700.0000
1338 1343 0.7388 700.0000
1338 1344 0.5985 700.0000
1338 1345 0.4282 700.0000
1338 1346 0.7217 700.0000
1338 1347 0.8261 700.0000
1339 1341 0.8084 700.0000
1339 1343 0.6325 700.0000
1339 1344 0.5305 700.0000
1339 1345 0.7223 700.0000
1340 1342 0.6911 700.0000
1340 1343 0.4200 700.0000
1340 1344 0.7210 700.0000
1340 1345 0.7253 700.0000
1341 1343 0.7306 700.0000
1343 1345 0.6312 700.0000
1344 1346 0.5515 700.0000
1344 1357 0.8788 700.0000
1344 1360 0.7238 700.0000
1345 1347 0.6529 700.0000
1346 1348 0.7038 700.0000
1346 1353 0.5734 700.0000
1346 1356 0.7095 700.0000
1346 1357 0.7348 700.0000
1347 1349 0.8132 700.0000
1347 1353 0.7013 700.0000
1348 1350 0.5898 700.0000
1348 1351 0.8648 700.0000
1348 1352 0.6598 700.0000
1348 1353 0.5169 700.0000
1349 1351 0.5958 700.0000
1349 1352 0.4875 700.0000
1349 1353 0.6535 700.0000
1350 1352 0.6217 700.0000
1350 1353 0.5323 700.0000
1350 1354 0.6912 700.0000
1351 1353 0.6951 700.0000
1351 1354 0.6292 700.0000
1351 1355 0.6675 700.0000
1352 1354 0.7024 700.0000
1352 1355 0.5903 700.0000
1352 1356 0.7754 700.0000
1353 1355 0.7206 700.0000
1353 1356 0.5632 700.0000
1353 1357 0.6262 700.0000
1354 1356 0.5189 700.0000
1354 1357 0.5106 700.0000
1354 1358 0.5818 700.0000
1355 1357 0.8333 700.0000
1355 1358 0.6296 700.0000
1355 1359 0.8662 700.0000
1356 1358 0.6146 700.0000
1356 1359 0.5868 700.0000
1356 1360 0.6024 700.0000
1356 1361 0.8283 700.0000
1357 1359 0.8969 700.0000
1357 1360 0.6261 700.0000
1357 1361 0.5885 700.0000
1358 1360 0.7412 700.0000
1358 1361 0.6187 700.0000
1359 1361 0.7823 700.0000
1410 1412 0.7210 700.0000
1411 1413 0.6447 700.0000
1411 1414 0.8525 700.0000
1412 1414 0.7746 700.0000
1412 1421 0.5647 700.0000
1412 1422 0.6226 700.0000
1413 1415 0.6782 700.0000
1413 1420 0.8320 700.0000
1413 1421 0.5794 700.0000
1413 1422 0.4477 700.0000
1413 1423 0.8846 700.0000
1413 1425 0.8087 700.0000
1413 1434 0.6789 700.0000
1413 1435 0.8898 700.0000
1413 1436 0.8845 700.0000
1414 1416 0.6326 700.0000
1414 1418 0.7577 700.0000
1414 1419 0.6050 700.0000
1414 1420 0.6362 700.0000
1414 1421 0.6041 700.0000
1414 1422 0.6452 700.0000
1414 1434 0.8766 700.0000
1414 1435 0.8972 700.0000
1415 1417 0.4783 700.0000
1415 1418 0.4276 700.0000
1415 1419 0.5914 700.0000
1415 1420 0.6010 700.0000
1415 1421 0.6967 700.0000
1415 1422 0.5775 700.0000
1415 1423 0.7921 700.0000
1415 1434 0.8170 700.0000
1415 1435 0.5481 700.0000
1415 1436 0.5133 700.0000
1415 1439 0.6700 700.0000
1415 1440 0.8723 700.0000
1416 1418 0.6459 700.0000
1416 1419 0.5443 700.0000
1416 1420 0.8913 700.0000
1416 1435 0.6765 700.0000
1416 1436 0.8896 700.0000
1416 1439 0.8961 700.0000
1416 1451 0.6716 700.0000
1416 1452 0.6723 700.0000
1417 1419 0.6814 700.0000
1417 1420 0.8770 700.0000
1417 1435 0.6801 700.0000
1417 1436 0.7175 700.0000
1417 1439 0.5178 700.0000
1417 1440 0.7270 700.0000
1417 1442 0.8951 700.0000
1417 1443 0.7755 700.0000
1417 1451 0.6856 700.0000
1418 1420 0.4397 700.0000
1418 1421 0.7552 700.0000
1418 1422 0.8418 700.0000
1418 1423 0.8747 700.0000
1418 1435 0.8991 700.0000
1418 1436 0.6694 700.0000
1418 1439 0.6303 700.0000
1419 1421 0.8792 700.0000
1420 1422 0.7366 700.0000
1420 1423 0.8076 700.0000
1420 1436 0.8193 700.0000
1421 1423 0.6221 700.0000
1421 1436 0.7886 700.0000
1422 1424 0.7283 700.0000
1422 1425 0.5620 700.0000
1422 1434 0.6964 700.0000
1422 1435 0.7356 700.0000
1422 1436 0.5080 700.0000
1422 1437 0.8809 700.0000
1423 1425 0.7116 700.0000
1423 1436 0.4396 700.0000
1423 1437 0.6803 700.0000
1423 1438 0.7344 700.0000
1423 1439 0.8198 700.0000
1424 1426 0.7650 700.0000
1424 1436 0.6213 700.0000
1424 1437 0.5587 700.0000
1424 1438 0.7215 700.0000
1425 1427 0.6097 700.0000
1425 1434 0.5427 700.0000
1425 1435 0.7494 700.0000
1425 1436 0.7155 700.0000
1425 1437 0.8080 700.0000
1426 1428 0.6174 700.0000
1426 1429 0.8903 700.0000
1426 1434 0.7805 700.0000
1426 1435 0.6178 700.0000
1426 1436 0.7070 700.0000
1426 1437 0.4883 700.0000
1426 1438 0.8122 700.0000
1426 1439 0.8892 700.0000
1426 1440 0.5985 700.0000
1426 1441 0.7163 700.0000
1427 1429 0.6253 700.0000
1427 1431 0.7818 700.0000
1427 1432 0.6317 700.0000
1427 1433 0.7263 700.0000
1427 1434 0.5575 700.0000
1427 1435 0.7064 700.0000
1428 1430 0.6863 700.0000
1428 1431 0.4962 700.0000
1428 1432 0.6522 700.0000
1428 1433 0.5685 700.0000
1428 1434 0.7557 700.0000
1428 1435 0.6737 700.0000
1428 1440 0.7712 700.0000
1428 1444 0.8882 700.0000
1428 1450 0.6848 700.0000
1428 1455 0.8246 700.0000
1428 1457 0.6177 700.0000
1429 1431 0.6101 700.0000
1429 1432 0.6323 700.0000
1429 1433 0.8745 700.0000
1429 1457 0.6340 700.0000
1430 1432 0.7888 700.0000
1430 1455 0.6335 700.0000
1430 1456 0.7151 700.0000
1430 1457 0.5171 700.0000
1431 1433 0.4029 700.0000
1431 1434 0.8836 700.0000
1431 1450 0.6357 700.0000
1431 1452 0.8023 700.0000
1431 1453 0.6100 700.0000
1431 1455 0.6047 700.0000
1431 1457 0.7364 700.0000
1432 1434 0.7675 700.0000
1433 1435 0.6479 700.0000
1433 1450 0.6127 700.0000
1433 1451 0.7868 700.0000
1433 1452 0.5782 700.0000
1433 1453 0.6424 700.0000
1433 1455 0.8387 700.0000
1434 1436 0.8470 700.0000
1435 1437 0.7212 700.0000
1435 1438 0.8950 700.0000
1435 1439 0.6973 700.0000
1435 1440 0.5302 700.0000
1435 1450 0.7685 700.0000
1435 1451 0.7201 700.0000
1435 1452 0.8069 700.0000
1436 1438 0.5255 700.0000
1436 1439 0.4570 700.0000
1436 1440 0.6623 700.0000
1436 1441 0.8707 700.0000
1437 1439 0.5407 700.0000
1437 1440 0.5360 700.0000
1437 1441 0.5222 700.0000
1438 1440 0.6286 700.0000
1438 1441 0.5426 700.0000
1438 1442 0.6816 700.0000
1439 1441 0.6561 700.0000
1439 1442 0.6061 700.0000
1439 1443 0.6979 700.0000
1440 1442 0.7353 700.0000
1440 1443 0.5247 700.0000
1440 1444 0.5456 700.0000
1440 1445 0.8734 700.0000
1440 1450 0.8239 700.0000
1440 1451 0.7726 700.0000
1441 1443 0.6381 700.0000
1441 1444 0.6061 700.0000
1441 1445 0.7049 700.0000
1442 1444 0.8293 700.0000
1442 1445 0.5923 700.0000
1442 1446 0.6184 700.0000
1443 1445 0.5099 700.0000
1443 1446 0.5630 700.0000
1443 1447 0.6339 700.0000
1443 1448 0.7343 700.0000
1443 1449 0.7186 700.0000
1443 1450 0.8924 700.0000
1443 1451 0.7509 700.0000
1444 1446 0.8166 700.0000
1444 1447 0.6899 700.0000
1444 1448 0.4392 700.0000
1444 1449 0.5784 700.0000
1444 1450 0.7856 700.0000
1444 1451 0.8377 700.0000
1444 1456 0.8822 700.0000
1444 1457 0.6997 700.0000
1444 1458 0.8339 700.0000
1445 1447 0.7372 700.0000
1445 1448 0.7287 700.0000
1447 1449 0.4979 700.0000
1447 1451 0.8579 700.0000
1447 1454 0.8236 700.0000
1447 1460 0.6770 700.0000
1448 1450 0.8378 700.0000
1448 1455 0.8427 700.0000
1448 1456 0.5888 700.0000
1448 1457 0.6384 700.0000
1448 1458 0.4850 700.0000
1448 1459 0.7873 700.0000
1448 1460 0.5468 700.0000
1449 1451 0.5855 700.0000
1449 1452 0.8797 700.0000
1449 1453 0.7623 700.0000
1449 1454 0.4981 700.0000
1449 1455 0.5881 700.0000
1449 1456 0.5757 700.0000
1449 1457 0.6719 700.0000
1449 1458 0.7835 700.0000
1449 1460 0.7964 700.0000
1450 1452 0.4773 700.0000
1450 1453 0.4262 700.0000
1450 1454 0.5124 700.0000
1450 1455 0.4814 700.0000
1450 1456 0.7682 700.0000
1450 1457 0.6955 700.0000
1451 1453 0.6438 700.0000
1451 1454 0.5886 700.0000
1451 1455 0.8160 700.0000
1452 1454 0.6570 700.0000
1452 1455 0.8209 700.0000
1453 1455 0.4511 700.0000
1453 1456 0.8696 700.0000
1454 1456 0.7694 700.0000
1455 1457 0.5483 700.0000
1455 1458 0.8914 700.0000
1456 1458 0.4723 700.0000
1456 1459 0.8155 700.0000
1456 1460 0.7777 700.0000
1458 1460 0.5577 700.0000
1459 1461 0.6097 700.0000
1462 1464 0.6013 700.0000
1462 1465 0.8695 700.0000
1462 1501 0.6900 700.0000
1462 1534 0.8898 700.0000
1462 1537 0.6850 700.0000
1462 1538 0.4031 700.0000
1462 1539 0.5413 700.0000
1462 1542 0.7968 700.0000
1462 1558 0.8454 700.0000
1463 1465 0.6656 700.0000
1463 1499 0.7883 700.0000
1463 1501 0.5305 700.0000
1463 1502 0.5199 700.0000
1463 1503 0.8622 700.0000
1463 1538 0.6215 700.0000
1463 1539 0.7882 700.0000
1463 1541 0.8573 700.0000
1463 1542 0.5031 700.0000
1463 1543 0.5769 700.0000
1463 1558 0.8198 700.0000
1464 1466 0.7588 700.0000
1464 1467 0.7345 700.0000
1464 1493 0.7190 700.0000
1464 1534 0.8281 700.0000
1464 1535 0.6002 700.0000
1464 1536 0.8777 700.0000
1464 1537 0.8896 700.0000
1464 1538 0.3717 700.0000
1464 1539 0.6601 700.0000
1464 1540 0.6361 700.0000
1464 1541 0.5242 700.0000
1464 1542 0.6639 700.0000
1464 1543 0.8425 700.0000
1464 1555 0.8657 700.0000
1464 1558 0.8584 700.0000
1465 1467 0.6505 700.0000
1465 1493 0.5529 700.0000
1465 1494 0.7179 700.0000
1465 1495 0.7964 700.0000
1465 1496 0.8202 700.0000
1465 1502 0.8474 700.0000
1465 1509 0.7001 700.0000
1465 1512 0.8801 700.0000
1465 1535 0.8652 700.0000
1465 1538 0.6708 700.0000
1465 1541 0.6508 700.0000
1465 1542 0.7153 700.0000
1465 1543 0.7128 700.0000
1465 1555 0.6852 700.0000
1466 1468 0.8569 700.0000
1466 1493 0.7194 700.0000
1466 1494 0.4891 700.0000
1466 1495 0.7425 700.0000
1466 1496 0.8328 700.0000
1466 1538 0.8868 700.0000
1467 1469 0.7962 700.0000
1467 1491 0.8661 700.0000
1467 1492 0.5754 700.0000
1467 1493 0.4933 700.0000
1467 1494 0.5403 700.0000
1467 1535 0.6959 700.0000
1468 1470 0.6049 700.0000
1468 1490 0.6938 700.0000
1468 1491 0.6575 700.0000
1468 1492 0.3884 700.0000
1468 1493 0.5895 700.0000
1468 1494 0.7662 700.0000
1468 1535 0.7176 700.0000
1469 1471 0.7336 700.0000
1469 1489 0.6524 700.0000
1469 1490 0.6396 700.0000
1469 1491 0.5108 700.0000
1469 1492 0.7891 700.0000
1469 1528 0.8241 700.0000
1469 1531 0.7462 700.0000
1469 1532 0.4413 700.0000
1469 1534 0.8857 700.0000
1469 1535 0.5159 700.0000
1469 1536 0.8315 700.0000
1469 1540 0.8683 700.0000
1470 1472 0.6968 700.0000
1470 1488 0.7879 700.0000
1470 1489 0.6229 700.0000
1470 1490 0.4231 700.0000
1470 1491 0.6891 700.0000
1470 1492 0.7567 700.0000
1470 1532 0.7759 700.0000
1471 1473 0.6908 700.0000
1471 1487 0.6618 700.0000
1471 1488 0.6547 700.0000
1471 1489 0.6390 700.0000
1471 1490 0.7808 700.0000
1471 1525 0.8933 700.0000
1471 1528 0.6985 700.0000
1471 1532 0.7507 700.0000
1472 1474 0.6751 700.0000
1472 1486 0.7863 700.0000
1472 1487 0.6332 700.0000
1472 1488 0.4101 700.0000
1472 1489 0.7067 700.0000
1472 1490 0.7584 700.0000
1473 1475 0.7608 700.0000
1473 1476 0.8527 700.0000
1473 1485 0.6909 700.0000
1473 1486 0.5745 700.0000
1473 1487 0.5595 700.0000
1473 1488 0.6283 700.0000
1473 1520 0.6717 700.0000
1474 1476 0.4479 700.0000
1474 1477 0.7748 700.0000
1474 1485 0.5572 700.0000
1474 1486 0.3922 700.0000
1474 1487 0.6864 700.0000
1474 1488 0.6841 700.0000
1474 1520 0.7847 700.0000
1474 1566 0.8375 700.0000
1475 1485 0.7584 700.0000
1475 1486 0.8618 700.0000
1476 1478 0.7400 700.0000
1476 1485 0.6430 700.0000
1476 1486 0.5562 700.0000
1476 1566 0.6991 700.0000
1477 1479 0.6251 700.0000
1477 1480 0.7800 700.0000
1477 1481 0.7608 700.0000
1477 1482 0.5767 700.0000
1477 1483 0.7340 700.0000
1477 1484 0.7402 700.0000
1477 1485 0.5563 700.0000
1477 1486 0.6356 700.0000
1477 1519 0.8747 700.0000
1477 1566 0.7691 700.0000
1477 1567 0.8881 700.0000
1478 1480 0.6138 700.0000
1478 1481 0.5283 700.0000
1478 1482 0.7336 700.0000
1478 1484 0.8010 700.0000
1478 1485 0.6405 700.0000
1478 1486 0.5878 700.0000
1478 1487 0.8959 700.0000
1478 1517 0.7981 700.0000
1478 1518 0.7904 700.0000
1478 1519 0.6148 700.0000
1478 1566 0.6148 700.0000
1478 1567 0.7201 700.0000
1478 1574 0.8715 700.0000
1478 1575 0.5206 700.0000
1478 1576 0.7952 700.0000
1479 1481 0.6087 700.0000
1479 1482 0.6612 700.0000
1479 1566 0.8185 700.0000
1479 1567 0.6447 700.0000
1479 1568 0.8478 700.0000
1479 1569 0.8384 700.0000
1479 1574 0.7988 700.0000
1479 1575 0.5243 700.0000
1479 1576 0.4863 700.0000
1479 1577 0.8696 700.0000
1480 1482 0.5128 700.0000
1480 1483 0.8037 700.0000
1480 1484 0.8162 700.0000
1480 1519 0.8688 700.0000
1480 1575 0.7566 700.0000
1480 1576 0.6603 700.0000
1480 1577 0.8806 700.0000
1480 1578 0.7489 700.0000
1481 1483 0.7301 700.0000
1481 1484 0.6017 700.0000
1481 1485 0.7750 700.0000
1481 1518 0.8722 700.0000
1481 1519 0.5350 700.0000
1481 1521 0.6904 700.0000
1481 1523 0.8961 700.0000
1481 1575 0.7038 700.0000
1481 1576 0.8324 700.0000
1481 1577 0.8834 700.0000
1481 1578 0.7807 700.0000
1481 1581 0.8639 700.0000
1482 1484 0.7273 700.0000
1483 1485 0.6904 700.0000
1483 1520 0.8821 700.0000
1483 1521 0.8658 700.0000
1484 1486 0.8413 700.0000
1484 1519 0.6645 700.0000
1484 1520 0.5761 700.0000
1484 1521 0.5552 700.0000
1485 1487 0.6666 700.0000
1485 1518 0.8279 700.0000
1485 1519 0.5852 700.0000
1485 1520 0.4224 700.0000
1485 1521 0.7323 700.0000
1486 1488 0.6132 700.0000
1486 1517 0.6798 700.0000
1486 1518 0.6498 700.0000
1486 1519 0.6089 700.0000
1486 1520 0.6183 700.0000
1486 1566 0.6600 700.0000
1487 1489 0.6304 700.0000
1487 1516 0.7301 700.0000
1487 1517 0.7000 700.0000
1487 1518 0.4151 700.0000
1487 1519 0.5712 700.0000
1487 1520 0.5661 700.0000
1487 1521 0.8500 700.0000
1487 1524 0.6982 700.0000
1487 1525 0.7304 700.0000
1487 1528 0.7079 700.0000
1488 1490 0.6491 700.0000
1488 1515 0.6766 700.0000
1488 1516 0.5524 700.0000
1488 1517 0.5513 700.0000
1488 1518 0.7292 700.0000
1488 1566 0.8197 700.0000
1489 1491 0.5469 700.0000
1489 1515 0.5949 700.0000
1489 1516 0.3796 700.0000
1489 1517 0.6635 700.0000
1489 1518 0.7006 700.0000
1489 1528 0.7375 700.0000
1489 1531 0.8127 700.0000
1489 1532 0.8412 700.0000
1489 1562 0.8027 700.0000
1490 1492 0.6159 700.0000
1490 1513 0.6707 700.0000
1490 1514 0.8138 700.0000
1490 1515 0.5710 700.0000
1490 1516 0.6835 700.0000
1491 1493 0.6879 700.0000
1491 1512 0.8478 700.0000
1491 1513 0.7640 700.0000
1491 1514 0.6493 700.0000
1491 1515 0.6797 700.0000
1491 1516 0.6848 700.0000
1491 1531 0.8381 700.0000
1491 1532 0.8657 700.0000
1491 1535 0.7089 700.0000
1491 1540 0.6973 700.0000
1491 1541 0.6857 700.0000
1491 1557 0.8316 700.0000
1491 1562 0.7807 700.0000
1492 1494 0.6779 700.0000
1492 1511 0.8469 700.0000
1492 1512 0.6590 700.0000
1492 1513 0.5362 700.0000
1492 1514 0.8088 700.0000
1493 1495 0.7650 700.0000
1493 1511 0.6545 700.0000
1493 1512 0.4883 700.0000
1493 1513 0.7454 700.0000
1493 1514 0.8022 700.0000
1493 1535 0.8500 700.0000
1493 1541 0.6456 700.0000
1493 1555 0.6913 700.0000
1494 1496 0.7565 700.0000
1494 1509 0.8439 700.0000
1494 1511 0.7098 700.0000
1494 1512 0.8332 700.0000
1495 1497 0.7636 700.0000
1495 1508 0.7427 700.0000
1495 1509 0.5022 700.0000
1495 1510 0.5811 700.0000
1495 1511 0.5290 700.0000
1495 1512 0.8316 700.0000
1495 1555 0.8874 700.0000
1496 1498 0.6869 700.0000
1496 1506 0.8305 700.0000
1496 1507 0.8849 700.0000
1496 1508 0.4972 700.0000
1496 1509 0.3253 700.0000
1496 1510 0.6574 700.0000
1496 1511 0.7890 700.0000
1497 1499 0.6628 700.0000
1497 1502 0.8513 700.0000
1497 1505 0.8181 700.0000
1497 1506 0.5072 700.0000
1497 1507 0.7406 700.0000
1497 1508 0.5319 700.0000
1497 1509 0.5852 700.0000
1498 1500 0.8774 700.0000
1498 1501 0.8714 700.0000
1498 1502 0.4474 700.0000
1498 1503 0.6188 700.0000
1498 1504 0.5112 700.0000
1498 1505 0.4863 700.0000
1498 1506 0.4868 700.0000
1498 1507 0.5027 700.0000
1498 1508 0.8057 700.0000
1498 1509 0.5830 700.0000
1498 1543 0.6410 700.0000
1498 1544 0.8506 700.0000
1498 1553 0.6675 700.0000
1499 1501 0.4965 700.0000
1499 1502 0.4067 700.0000
1499 1503 0.8168 700.0000
1499 1504 0.8683 700.0000
1499 1505 0.5996 700.0000
1499 1506 0.7256 700.0000
1499 1509 0.8975 700.0000
1499 1543 0.8733 700.0000
1500 1502 0.7247 700.0000
1500 1505 0.6382 700.0000
1501 1503 0.8595 700.0000
1501 1538 0.8905 700.0000
1502 1504 0.6897 700.0000
1502 1505 0.6489 700.0000
1502 1506 0.8684 700.0000
1502 1509 0.8170 700.0000
1502 1542 0.7720 700.0000
1502 1543 0.5214 700.0000
1502 1544 0.8245 700.0000
1503 1505 0.6135 700.0000
1503 1507 0.8169 700.0000
1503 1543 0.6489 700.0000
1503 1544 0.6650 700.0000
1503 1552 0.8875 700.0000
1503 1553 0.7526 700.0000
1504 1506 0.6769 700.0000
1504 1507 0.4720 700.0000
1504 1543 0.8131 700.0000
1504 1544 0.7876 700.0000
1504 1552 0.7830 700.0000
1504 1553 0.5833 700.0000
1505 1507 0.6095 700.0000
1506 1508 0.7016 700.0000
1506 1509 0.8842 700.0000
1507 1509 0.8036 700.0000
1507 1552 0.8356 700.0000
1507 1553 0.5339 700.0000
1508 1510 0.7729 700.0000
1509 1511 0.6750 700.0000
1509 1543 0.6581 700.0000
1509 1544 0.8917 700.0000
1509 1553 0.7313 700.0000
1509 1554 0.6939 700.0000
1509 1555 0.6442 700.0000
1510 1512 0.6674 700.0000
1510 1553 0.8111 700.0000
1510 1554 0.6140 700.0000
1510 1555 0.6136 700.0000
1511 1513 0.7972 700.0000
1511 1554 0.8393 700.0000
1511 1555 0.6362 700.0000
1512 1514 0.5284 700.0000
1512 1541 0.7851 700.0000
1512 1554 0.8730 700.0000
1512 1555 0.5382 700.0000
1512 1556 0.8830 700.0000
1513 1515 0.6828 700.0000
1514 1516 0.8210 700.0000
1514 1541 0.8193 700.0000
1514 1555 0.8540 700.0000
1514 1557 0.6911 700.0000
1514 1562 0.8815 700.0000
1514 1564 0.7406 700.0000
1515 1517 0.5642 700.0000
1515 1562 0.8482 700.0000
1515 1564 0.5648 700.0000
1515 1565 0.8147 700.0000
1516 1518 0.6469 700.0000
1516 1562 0.6132 700.0000
1516 1563 0.6889 700.0000
1516 1564 0.5802 700.0000
1516 1565 0.7698 700.0000
1516 1566 0.8456 700.0000
1517 1519 0.8837 700.0000
1517 1562 0.8699 700.0000
1517 1563 0.6466 700.0000
1517 1564 0.5924 700.0000
1517 1565 0.5341 700.0000
1517 1566 0.4757 700.0000
1517 1567 0.8561 700.0000
1517 1574 0.8220 700.0000
1517 1575 0.7431 700.0000
1518 1520 0.7499 700.0000
1518 1521 0.7772 700.0000
1518 1523 0.8998 700.0000
1518 1524 0.5369 700.0000
1518 1525 0.8590 700.0000
1518 1527 0.6932 700.0000
1518 1528 0.7034 700.0000
1518 1562 0.8813 700.0000
1518 1563 0.7665 700.0000
1518 1575 0.7830 700.0000
1518 1580 0.7845 700.0000
1518 1581 0.7741 700.0000
1519 1521 0.4641 700.0000
1519 1523 0.7371 700.0000
1519 1524 0.5038 700.0000
1519 1525 0.7977 700.0000
1519 1527 0.8554 700.0000
1519 1575 0.7730 700.0000
1519 1581 0.7517 700.0000
1520 1522 0.8829 700.0000
1520 1524 0.6698 700.0000
1520 1525 0.5163 700.0000
1521 1523 0.5349 700.0000
1521 1524 0.4677 700.0000
1521 1525 0.6101 700.0000
1521 1581 0.8599 700.0000
1522 1524 0.7136 700.0000
1522 1525 0.6582 700.0000
1522 1526 0.6938 700.0000
1523 1525 0.8697 700.0000
1523 1526 0.5974 700.0000
1523 1527 0.6638 700.0000
1523 1581 0.5196 700.0000
1523 1582 0.8794 700.0000
1523 1585 0.7286 700.0000
1524 1526 0.6056 700.0000
1524 1527 0.4477 700.0000
1524 1528 0.5922 700.0000
1524 1529 0.8563 700.0000
1524 1581 0.6709 700.0000
1525 1527 0.8311 700.0000
1525 1528 0.6572 700.0000
1525 1529 0.7751 700.0000
1526 1528 0.7625 700.0000
1526 1529 0.6141 700.0000
1526 1530 0.6081 700.0000
1526 1585 0.7044 700.0000
1527 1529 0.7045 700.0000
1527 1530 0.5023 700.0000
1527 1531 0.5698 700.0000
1527 1580 0.8590 700.0000
1527 1581 0.6559 700.0000
1527 1584 0.6553 700.0000
1527 1585 0.6199 700.0000
1527 1588 0.7874 700.0000
1528 1530 0.6616 700.0000
1528 1531 0.5296 700.0000
1528 1532 0.5638 700.0000
1529 1531 0.7698 700.0000
1529 1532 0.6626 700.0000
1529 1533 0.7798 700.0000
1530 1532 0.7986 700.0000
1530 1533 0.5527 700.0000
1530 1534 0.7016 700.0000
1530 1584 0.8349 700.0000
1530 1585 0.7310 700.0000
1530 1588 0.5723 700.0000
1531 1533 0.7954 700.0000
1531 1534 0.5527 700.0000
1531 1535 0.7493 700.0000
1531 1540 0.6794 700.0000
1531 1560 0.7620 700.0000
1531 1562 0.7744 700.0000
1531 1584 0.8148 700.0000
1531 1588 0.7029 700.0000
1532 1534 0.7360 700.0000
1532 1535 0.6180 700.0000
1532 1536 0.6809 700.0000
1533 1536 0.6799 700.0000
1533 1537 0.5671 700.0000
1533 1588 0.8131 700.0000
1534 1536 0.5628 700.0000
1534 1537 0.4653 700.0000
1534 1538 0.7483 700.0000
1534 1539 0.4674 700.0000
1534 1540 0.5514 700.0000
1534 1560 0.8243 700.0000
1534 1588 0.7358 700.0000
1534 1591 0.7597 700.0000
1535 1537 0.7747 700.0000
1535 1538 0.6496 700.0000
1535 1539 0.7587 700.0000
1535 1540 0.5898 700.0000
1535 1541 0.7411 700.0000
1536 1538 0.6912 700.0000
1536 1539 0.8651 700.0000
1537 1539 0.5398 700.0000
1537 1591 0.8062 700.0000
1538 1540 0.8119 700.0000
1538 1541 0.8478 700.0000
1539 1541 0.7529 700.0000
1539 1542 0.8252 700.0000
1539 1558 0.5571 700.0000
1539 1559 0.8592 700.0000
1539 1560 0.7463 700.0000
1539 1588 0.8493 700.0000
1539 1591 0.5547 700.0000
1540 1542 0.8011 700.0000
1540 1556 0.8789 700.0000
1540 1557 0.6376 700.0000
1540 1558 0.5920 700.0000
1540 1559 0.8804 700.0000
1540 1560 0.5566 700.0000
1540 1562 0.7452 700.0000
1540 1591 0.8912 700.0000
1541 1543 0.8456 700.0000
1541 1555 0.6203 700.0000
1541 1556 0.5878 700.0000
1541 1557 0.5280 700.0000
1541 1558 0.6524 700.0000
1541 1560 0.8222 700.0000
1541 1562 0.8970 700.0000
1542 1544 0.5986 700.0000
1542 1554 0.7771 700.0000
1542 1555 0.6074 700.0000
1542 1556 0.4279 700.0000
1542 1557 0.8055 700.0000
1542 1558 0.5465 700.0000
1543 1552 0.8581 700.0000
1543 1553 0.6869 700.0000
1543 1554 0.5751 700.0000
1543 1555 0.5637 700.0000
1543 1556 0.6010 700.0000
1544 1546 0.6272 700.0000
1544 1551 0.6938 700.0000
1544 1552 0.5286 700.0000
1544 1553 0.5341 700.0000
1544 1554 0.4363 700.0000
1544 1555 0.6816 700.0000
1544 1556 0.5646 700.0000
1545 1547 0.5738 700.0000
1545 1548 0.8261 700.0000
1545 1549 0.7513 700.0000
1545 1550 0.4959 700.0000
1545 1551 0.5153 700.0000
1545 1552 0.5668 700.0000
1545 1553 0.8548 700.0000
1545 1554 0.7839 700.0000
1545 1556 0.8532 700.0000
1546 1548 0.4986 700.0000
1546 1549 0.4390 700.0000
1546 1550 0.4858 700.0000
1546 1551 0.4534 700.0000
1546 1552 0.6995 700.0000
1546 1554 0.6278 700.0000
1546 1555 0.8686 700.0000
1546 1556 0.6237 700.0000
1547 1549 0.8842 700.0000
1547 1550 0.7950 700.0000
1548 1550 0.6617 700.0000
1548 1551 0.7937 700.0000
1549 1551 0.4611 700.0000
1549 1552 0.8536 700.0000
1549 1554 0.7889 700.0000
1550 1552 0.6643 700.0000
1550 1554 0.8877 700.0000
1551 1553 0.6891 700.0000
1551 1554 0.5820 700.0000
1552 1554 0.5518 700.0000
1553 1555 0.8696 700.0000
1554 1556 0.5847 700.0000
1555 1557 0.7987 700.0000
1556 1558 0.6744 700.0000
1557 1559 0.8131 700.0000
1557 1560 0.6513 700.0000
1557 1561 0.7187 700.0000
1557 1562 0.5890 700.0000
1557 1564 0.8966 700.0000
1558 1560 0.5741 700.0000
1558 1591 0.7181 700.0000
1559 1561 0.6706 700.0000
1559 1587 0.6512 700.0000
1559 1590 0.8631 700.0000
1559 1591 0.7231 700.0000
1560 1562 0.5686 700.0000
1560 1584 0.6639 700.0000
1560 1587 0.5149 700.0000
1560 1588 0.6426 700.0000
1560 1591 0.7274 700.0000
1561 1563 0.7744 700.0000
1561 1573 0.7661 700.0000
1561 1580 0.7428 700.0000
1561 1583 0.7384 700.0000
1561 1584 0.6908 700.0000
1561 1587 0.5864 700.0000
1562 1564 0.6783 700.0000
1562 1573 0.8495 700.0000
1562 1580 0.7678 700.0000
1562 1584 0.7745 700.0000
1563 1565 0.5572 700.0000
1563 1569 0.7514 700.0000
1563 1570 0.7741 700.0000
1563 1573 0.5878 700.0000
1563 1574 0.4399 700.0000
1563 1575 0.5371 700.0000
1563 1577 0.7407 700.0000
1563 1580 0.5434 700.0000
1564 1566 0.8679 700.0000
1564 1572 0.8700 700.0000
1564 1573 0.5916 700.0000
1564 1574 0.7191 700.0000
1565 1567 0.5618 700.0000
1565 1568 0.6950 700.0000
1565 1569 0.7085 700.0000
1565 1572 0.6755 700.0000
1565 1573 0.7097 700.0000
1565 1574 0.4670 700.0000
1565 1575 0.6409 700.0000
1566 1574 0.8427 700.0000
1566 1575 0.7362 700.0000
1567 1569 0.7448 700.0000
1567 1572 0.8339 700.0000
1567 1574 0.6839 700.0000
1567 1575 0.6930 700.0000
1567 1576 0.8045 700.0000
1568 1570 0.6189 700.0000
1568 1571 0.6669 700.0000
1568 1572 0.4140 700.0000
1568 1573 0.8694 700.0000
1568 1574 0.5047 700.0000
1568 1575 0.7539 700.0000
1568 1576 0.6239 700.0000
1569 1571 0.5742 700.0000
1569 1572 0.4847 700.0000
1569 1573 0.7248 700.0000
1569 1574 0.3328 700.0000
1569 1575 0.6138 700.0000
1569 1576 0.4996 700.0000
1569 1577 0.6575 700.0000
1570 1572 0.6466 700.0000
1570 1573 0.6606 700.0000
1570 1574 0.5052 700.0000
1570 1575 0.7772 700.0000
1570 1576 0.6618 700.0000
1570 1577 0.5552 700.0000
1570 1580 0.8887 700.0000
1571 1573 0.7462 700.0000
1571 1574 0.8131 700.0000
1572 1574 0.5946 700.0000
1574 1576 0.6003 700.0000
1574 1577 0.6270 700.0000
1574 1580 0.7887 700.0000
1575 1577 0.5673 700.0000
1575 1578 0.8221 700.0000
1575 1580 0.7084 700.0000
1576 1578 0.6756 700.0000
1577 1579 0.4665 700.0000
1577 1580 0.5579 700.0000
1577 1581 0.7726 700.0000
1577 1583 0.7078 700.0000
1578 1580 0.7840 700.0000
1578 1581 0.7642 700.0000
1578 1582 0.8743 700.0000
1578 1583 0.8463 700.0000
1579 1581 0.6393 700.0000
1579 1582 0.5642 700.0000
1579 1583 0.4561 700.0000
1579 1584 0.8818 700.0000
1580 1582 0.8177 700.0000
1580 1583 0.5091 700.0000
1580 1584 0.5259 700.0000
1580 1585 0.8409 700.0000
1580 1587 0.8707 700.0000
1581 1583 0.6999 700.0000
1581 1584 0.5834 700.0000
1581 1585 0.5946 700.0000
1582 1584 0.7375 700.0000
1582 1585 0.5759 700.0000
1582 1586 0.5564 700.0000
1583 1585 0.8247 700.0000
1583 1586 0.6589 700.0000
1583 1587 0.6862 700.0000
1584 1586 0.6452 700.0000
1584 1587 0.4639 700.0000
1584 1588 0.5640 700.0000
1585 1587 0.7671 700.0000
1585 1588 0.6239 700.0000
1585 1589 0.7391 700.0000
1586 1588 0.7526 700.0000
1586 1589 0.6158 700.0000
1586 1590 0.7591 700.0000
1587 1589 0.8226 700.0000
1587 1590 0.6580 700.0000
1587 1591 0.7298 700.0000
1588 1590 0.6208 700.0000
1588 1591 0.5625 700.0000
1589 1591 0.7936 700.0000
