i	j	b_idx	d[nm]	k[kJ/mol/nm^2]
1	2	0	0.3800	8033.0000
2	3	1	0.3800	8033.0000
3	4	2	0.3800	8033.0000
4	5	3	0.3800	8033.0000
5	6	4	0.3800	8033.0000
6	7	5	0.3800	8033.0000
7	8	6	0.3800	8033.0000
8	9	7	0.3800	8033.0000
9	10	8	0.3800	8033.0000
10	11	9	0.5116	8033.0000
11	12	10	0.4410	8033.0000
12	13	11	0.4653	8033.0000
13	14	12	0.5806	8033.0000
14	15	13	0.5963	8033.0000
15	16	14	0.5333	8033.0000
16	17	15	0.3954	8033.0000
17	18	16	0.4957	8033.0000
18	19	17	0.3816	8033.0000
19	20	18	0.3523	8033.0000
20	21	19	0.6074	8033.0000
21	22	20	0.5715	8033.0000
22	23	21	0.6066	8033.0000
23	24	22	0.4724	8033.0000
24	25	23	0.6644	8033.0000
25	26	24	0.5657	8033.0000
26	27	25	0.5794	8033.0000
27	28	26	0.5257	8033.0000
28	29	27	0.6018	8033.0000
29	30	28	0.4392	8033.0000
30	31	29	0.6497	8033.0000
31	32	30	0.5575	8033.0000
32	33	31	0.3956	8033.0000
33	34	32	0.4536	8033.0000
34	35	33	0.5461	8033.0000
35	36	34	0.3921	8033.0000
36	37	35	0.3533	8033.0000
37	38	36	0.2921	8033.0000
38	39	37	0.3701	8033.0000
39	40	38	0.4821	8033.0000
40	41	39	0.5330	8033.0000
41	42	40	0.4182	8033.0000
42	43	41	0.4514	8033.0000
43	44	42	0.4140	8033.0000
44	45	43	0.4056	8033.0000
45	46	44	0.5523	8033.0000
46	47	45	0.6283	8033.0000
47	48	46	0.5168	8033.0000
48	49	47	0.5941	8033.0000
49	50	48	0.4650	8033.0000
50	51	49	0.3354	8033.0000
51	52	50	0.4502	8033.0000
52	53	51	0.3543	8033.0000
53	54	52	0.4308	8033.0000
54	55	53	0.7967	8033.0000
55	56	54	0.5520	8033.0000
56	57	55	0.5005	8033.0000
57	58	56	0.6017	8033.0000
58	59	57	0.5523	8033.0000
59	60	58	0.4533	8033.0000
60	61	59	0.7577	8033.0000
61	62	60	0.5848	8033.0000
62	63	61	0.3507	8033.0000
63	64	62	0.5237	8033.0000
64	65	63	0.5111	8033.0000
65	66	64	0.6144	8033.0000
66	67	65	0.5896	8033.0000
67	68	66	0.4370	8033.0000
68	69	67	0.6162	8033.0000
69	70	68	0.6480	8033.0000
70	71	69	0.4346	8033.0000
71	72	70	0.4366	8033.0000
72	73	71	0.5400	8033.0000
73	74	72	0.6153	8033.0000
74	75	73	0.5093	8033.0000
75	76	74	0.4734	8033.0000
76	77	75	0.4903	8033.0000
77	78	76	0.3997	8033.0000
78	79	77	0.5483	8033.0000
79	80	78	0.5855	8033.0000
80	81	79	0.4636	8033.0000
81	82	80	0.4616	8033.0000
82	83	81	0.3723	8033.0000
83	84	82	0.4743	8033.0000
84	85	83	0.4728	8033.0000
85	86	84	0.5805	8033.0000
86	87	85	0.4905	8033.0000
87	88	86	0.3726	8033.0000
88	89	87	0.3800	8033.0000
89	90	88	0.3800	8033.0000
90	91	89	0.3800	8033.0000
91	92	90	0.3800	8033.0000
92	93	91	0.3800	8033.0000
93	94	92	0.3800	8033.0000
94	95	93	0.3800	8033.0000
95	96	94	0.3800	8033.0000
96	97	95	0.3800	8033.0000
97	98	96	0.3800	8033.0000
98	99	97	0.3800	8033.0000
99	100	98	0.3800	8033.0000
100	101	99	0.3800	8033.0000
101	102	100	0.3800	8033.0000
102	103	101	0.3800	8033.0000
103	104	102	0.3800	8033.0000
104	105	103	0.3800	8033.0000
105	106	104	0.3800	8033.0000
106	107	105	0.3800	8033.0000
107	108	106	0.3800	8033.0000
108	109	107	0.3800	8033.0000
109	110	108	0.3800	8033.0000
110	111	109	0.3800	8033.0000
111	112	110	0.3800	8033.0000
112	113	111	0.3800	8033.0000
113	114	112	0.3800	8033.0000
114	115	113	0.3800	8033.0000
115	116	114	0.3800	8033.0000
116	117	115	0.3800	8033.0000
117	118	116	0.3800	8033.0000
118	119	117	0.3800	8033.0000
119	120	118	0.3800	8033.0000
120	121	119	0.3800	8033.0000
121	122	120	0.3800	8033.0000
122	123	121	0.3800	8033.0000
123	124	122	0.3800	8033.0000
124	125	123	0.3800	8033.0000
125	126	124	0.3800	8033.0000
126	127	125	0.3800	8033.0000
127	128	126	0.3800	8033.0000
128	129	127	0.3800	8033.0000
129	130	128	0.3800	8033.0000
130	131	129	0.3800	8033.0000
131	132	130	0.3800	8033.0000
132	133	131	0.3800	8033.0000
133	134	132	0.3800	8033.0000
134	135	133	0.3800	8033.0000
135	136	134	0.3800	8033.0000
136	137	135	0.3800	8033.0000
137	138	136	0.4362	8033.0000
138	139	137	0.4316	8033.0000
139	140	138	0.4100	8033.0000
140	141	139	0.4035	8033.0000
141	142	140	0.5070	8033.0000
142	143	141	0.5478	8033.0000
143	144	142	0.4566	8033.0000
144	145	143	0.4740	8033.0000
145	146	144	0.5002	8033.0000
146	147	145	0.4003	8033.0000
147	148	146	0.5507	8033.0000
148	149	147	0.5375	8033.0000
149	150	148	0.4332	8033.0000
150	151	149	0.5362	8033.0000
151	152	150	0.5685	8033.0000
152	153	151	0.5729	8033.0000
153	154	152	0.5811	8033.0000
154	155	153	0.5760	8033.0000
155	156	154	0.4607	8033.0000
156	157	155	0.4282	8033.0000
157	158	156	0.4941	8033.0000
158	159	157	0.3971	8033.0000
159	160	158	0.4514	8033.0000
160	161	159	0.4187	8033.0000
161	162	160	0.4166	8033.0000
162	163	161	0.5626	8033.0000
163	164	162	0.7277	8033.0000
164	165	163	0.5876	8033.0000
165	166	164	0.6220	8033.0000
166	167	165	0.4407	8033.0000
167	168	166	0.5133	8033.0000
168	169	167	0.5393	8033.0000
169	170	168	0.4237	8033.0000
170	171	169	0.4095	8033.0000
171	172	170	0.5417	8033.0000
172	173	171	0.4796	8033.0000
173	174	172	0.5250	8033.0000
174	175	173	0.4905	8033.0000
175	176	174	0.3814	8033.0000
176	177	175	0.3836	8033.0000
177	178	176	0.6494	8033.0000
178	179	177	0.4390	8033.0000
179	180	178	0.5085	8033.0000
180	181	179	0.5104	8033.0000
181	182	180	0.5847	8033.0000
182	183	181	0.5704	8033.0000
183	184	182	0.6332	8033.0000
184	185	183	0.5921	8033.0000
185	186	184	0.5741	8033.0000
186	187	185	0.6285	8033.0000
187	188	186	0.4268	8033.0000
188	189	187	0.4732	8033.0000
189	190	188	0.4684	8033.0000
190	191	189	0.5449	8033.0000
191	192	190	0.6849	8033.0000
192	193	191	0.4417	8033.0000
193	194	192	0.5590	8033.0000
194	195	193	0.5316	8033.0000
195	196	194	0.4587	8033.0000
196	197	195	0.6211	8033.0000
197	198	196	0.5362	8033.0000
198	199	197	0.6043	8033.0000
199	200	198	0.5399	8033.0000
200	201	199	0.5134	8033.0000
201	202	200	0.5732	8033.0000
202	203	201	0.3800	8033.0000
203	204	202	0.3800	8033.0000
204	205	203	0.3800	8033.0000
205	206	204	0.3800	8033.0000
206	207	205	0.3800	8033.0000
207	208	206	0.3800	8033.0000
208	209	207	0.3800	8033.0000
209	210	208	0.3800	8033.0000
210	211	209	0.3800	8033.0000
211	212	210	0.3800	8033.0000
212	213	211	0.3800	8033.0000
213	214	212	0.3800	8033.0000
214	215	213	0.3800	8033.0000
215	216	214	0.3800	8033.0000
216	217	215	0.3800	8033.0000
217	218	216	0.3800	8033.0000
218	219	217	0.3800	8033.0000
219	220	218	0.3800	8033.0000
220	221	219	0.3800	8033.0000
221	222	220	0.3800	8033.0000
222	223	221	0.3800	8033.0000
223	224	222	0.3800	8033.0000
224	225	223	0.3800	8033.0000
225	226	224	0.3800	8033.0000
226	227	225	0.3800	8033.0000
227	228	226	0.3800	8033.0000
228	229	227	0.3800	8033.0000
229	230	228	0.3800	8033.0000
230	231	229	0.3800	8033.0000
231	232	230	0.3800	8033.0000
232	233	231	0.5253	8033.0000
233	234	232	0.4428	8033.0000
234	235	233	0.5601	8033.0000
235	236	234	0.6598	8033.0000
236	237	235	0.5712	8033.0000
237	238	236	0.4850	8033.0000
238	239	237	0.3756	8033.0000
239	240	238	0.5328	8033.0000
240	241	239	0.3972	8033.0000
241	242	240	0.4490	8033.0000
242	243	241	0.7913	8033.0000
243	244	242	0.5264	8033.0000
244	245	243	0.7178	8033.0000
245	246	244	0.6406	8033.0000
246	247	245	0.5880	8033.0000
247	248	246	0.7116	8033.0000
248	249	247	0.4815	8033.0000
249	250	248	0.4301	8033.0000
250	251	249	0.4509	8033.0000
251	252	250	0.3878	8033.0000
252	253	251	0.5890	8033.0000
253	254	252	0.5453	8033.0000
254	255	253	0.4503	8033.0000
255	256	254	0.4995	8033.0000
256	257	255	0.3996	8033.0000
257	258	256	0.5107	8033.0000
258	259	257	0.5535	8033.0000
259	260	258	0.7635	8033.0000
260	261	259	0.4302	8033.0000
261	262	260	0.5630	8033.0000
262	263	261	0.3359	8033.0000
263	264	262	0.4366	8033.0000
264	265	263	0.5036	8033.0000
265	266	264	0.5881	8033.0000
266	267	265	0.5148	8033.0000
267	268	266	0.5140	8033.0000
268	269	267	0.6059	8033.0000
269	270	268	0.5420	8033.0000
270	271	269	0.3443	8033.0000
271	272	270	0.3455	8033.0000
272	273	271	0.4485	8033.0000
273	274	272	0.5183	8033.0000
274	275	273	0.4849	8033.0000
275	276	274	0.4660	8033.0000
276	277	275	0.4258	8033.0000
277	278	276	0.5096	8033.0000
278	279	277	0.5245	8033.0000
279	280	278	0.5690	8033.0000
280	281	279	0.4517	8033.0000
281	282	280	0.3882	8033.0000
282	283	281	0.4542	8033.0000
283	284	282	0.6253	8033.0000
284	285	283	0.3699	8033.0000
285	286	284	0.3661	8033.0000
286	287	285	0.5552	8033.0000
287	288	286	0.4918	8033.0000
288	289	287	0.5113	8033.0000
289	290	288	0.3503	8033.0000
290	291	289	0.6063	8033.0000
291	292	290	0.5944	8033.0000
292	293	291	0.5447	8033.0000
293	294	292	0.5537	8033.0000
294	295	293	0.4384	8033.0000
295	296	294	0.3886	8033.0000
296	297	295	0.4419	8033.0000
297	298	296	0.6875	8033.0000
298	299	297	0.5761	8033.0000
299	300	298	0.6176	8033.0000
300	301	299	0.4579	8033.0000
301	302	300	0.5045	8033.0000
302	303	301	0.5434	8033.0000
303	304	302	0.3800	8033.0000
304	305	303	0.4004	8033.0000
305	306	304	0.5138	8033.0000
306	307	305	0.6483	8033.0000
307	308	306	0.5463	8033.0000
308	309	307	0.5042	8033.0000
309	310	308	0.4798	8033.0000
310	311	309	0.4016	8033.0000
311	312	310	0.4285	8033.0000
312	313	311	0.4547	8033.0000
313	314	312	0.4334	8033.0000
314	315	313	0.3949	8033.0000
315	316	314	0.4468	8033.0000
316	317	315	0.5946	8033.0000
317	318	316	0.5145	8033.0000
318	319	317	0.4104	8033.0000
319	320	318	0.6278	8033.0000
320	321	319	0.5543	8033.0000
321	322	320	0.7108	8033.0000
322	323	321	0.5022	8033.0000
323	324	322	0.5683	8033.0000
324	325	323	0.5289	8033.0000
325	326	324	0.5040	8033.0000
326	327	325	0.5972	8033.0000
327	328	326	0.6279	8033.0000
328	329	327	0.4010	8033.0000
329	330	328	0.6051	8033.0000
330	331	329	0.4586	8033.0000
331	332	330	0.6311	8033.0000
332	333	331	0.4956	8033.0000
333	334	332	0.4531	8033.0000
334	335	333	0.5460	8033.0000
335	336	334	0.6500	8033.0000
336	337	335	0.5351	8033.0000
337	338	336	0.4840	8033.0000
338	339	337	0.3436	8033.0000
339	340	338	0.4640	8033.0000
340	341	339	0.5099	8033.0000
341	342	340	0.4889	8033.0000
342	343	341	0.4446	8033.0000
343	344	342	0.5514	8033.0000
344	345	343	0.4176	8033.0000
345	346	344	0.3740	8033.0000
346	347	345	0.5320	8033.0000
347	348	346	0.4824	8033.0000
348	349	347	0.4915	8033.0000
349	350	348	0.5155	8033.0000
350	351	349	0.4356	8033.0000
351	352	350	0.4001	8033.0000
352	353	351	0.3485	8033.0000
353	354	352	0.4721	8033.0000
354	355	353	0.6581	8033.0000
355	356	354	0.6099	8033.0000
356	357	355	0.5175	8033.0000
357	358	356	0.4610	8033.0000
358	359	357	0.4386	8033.0000
359	360	358	0.5280	8033.0000
360	361	359	0.3915	8033.0000
361	362	360	0.5846	8033.0000
362	363	361	0.5190	8033.0000
363	364	362	0.3800	8033.0000
364	365	363	0.3800	8033.0000
365	366	364	0.3800	8033.0000
366	367	365	0.3800	8033.0000
367	368	366	0.3800	8033.0000
368	369	367	0.3800	8033.0000
369	370	368	0.3800	8033.0000
370	371	369	0.3800	8033.0000
371	372	370	0.3800	8033.0000
372	373	371	0.3800	8033.0000
373	374	372	0.3800	8033.0000
374	375	373	0.3800	8033.0000
375	376	374	0.3800	8033.0000
376	377	375	0.3800	8033.0000
377	378	376	0.4456	8033.0000
378	379	377	0.5392	8033.0000
379	380	378	0.5230	8033.0000
380	381	379	0.4894	8033.0000
381	382	380	0.4064	8033.0000
382	383	381	0.4022	8033.0000
383	384	382	0.4968	8033.0000
384	385	383	0.6954	8033.0000
385	386	384	0.5255	8033.0000
386	387	385	0.5718	8033.0000
387	388	386	0.4711	8033.0000
388	389	387	0.6144	8033.0000
389	390	388	0.4767	8033.0000
390	391	389	0.4840	8033.0000
391	392	390	0.5292	8033.0000
392	393	391	0.5032	8033.0000
393	394	392	0.5871	8033.0000
394	395	393	0.5428	8033.0000
395	396	394	0.5408	8033.0000
396	397	395	0.4792	8033.0000
397	398	396	0.4724	8033.0000
398	399	397	0.5532	8033.0000
399	400	398	0.5213	8033.0000
400	401	399	0.5494	8033.0000
401	402	400	0.7295	8033.0000
402	403	401	0.4235	8033.0000
403	404	402	0.7159	8033.0000
404	405	403	0.4859	8033.0000
405	406	404	0.4294	8033.0000
406	407	405	0.4565	8033.0000
407	408	406	0.4564	8033.0000
408	409	407	0.5648	8033.0000
409	410	408	0.4267	8033.0000
410	411	409	0.5318	8033.0000
411	412	410	0.6056	8033.0000
412	413	411	0.5319	8033.0000
413	414	412	0.4629	8033.0000
414	415	413	0.5546	8033.0000
415	416	414	0.5388	8033.0000
416	417	415	0.4224	8033.0000
417	418	416	0.4853	8033.0000
418	419	417	0.5283	8033.0000
419	420	418	0.4700	8033.0000
420	421	419	0.6351	8033.0000
421	422	420	0.5267	8033.0000
422	423	421	0.4759	8033.0000
423	424	422	0.6043	8033.0000
424	425	423	0.6002	8033.0000
425	426	424	0.6611	8033.0000
426	427	425	0.5168	8033.0000
427	428	426	0.5243	8033.0000
428	429	427	0.4784	8033.0000
429	430	428	0.5018	8033.0000
430	431	429	0.3952	8033.0000
431	432	430	0.4321	8033.0000
432	433	431	0.5379	8033.0000
433	434	432	0.4439	8033.0000
434	435	433	0.6123	8033.0000
435	436	434	0.3893	8033.0000
436	437	435	0.5580	8033.0000
437	438	436	0.4912	8033.0000
438	439	437	0.4526	8033.0000
439	440	438	0.4805	8033.0000
440	441	439	0.5325	8033.0000
441	442	440	0.5419	8033.0000
442	443	441	0.6457	8033.0000
443	444	442	0.4518	8033.0000
444	445	443	0.3641	8033.0000
445	446	444	0.4221	8033.0000
446	447	445	0.5126	8033.0000
447	448	446	0.5467	8033.0000
448	449	447	0.5410	8033.0000
449	450	448	0.7361	8033.0000
450	451	449	0.6645	8033.0000
451	452	450	0.4913	8033.0000
452	453	451	0.4449	8033.0000
453	454	452	0.5065	8033.0000
454	455	453	0.5158	8033.0000
455	456	454	0.5620	8033.0000
456	457	455	0.5657	8033.0000
457	458	456	0.4093	8033.0000
458	459	457	0.4323	8033.0000
459	460	458	0.4833	8033.0000
460	461	459	0.6071	8033.0000
461	462	460	0.7803	8033.0000
462	463	461	0.6224	8033.0000
463	464	462	0.6582	8033.0000
464	465	463	0.5265	8033.0000
465	466	464	0.4896	8033.0000
466	467	465	0.6217	8033.0000
467	468	466	0.5138	8033.0000
468	469	467	0.5373	8033.0000
469	470	468	0.6832	8033.0000
470	471	469	0.4347	8033.0000
471	472	470	0.3811	8033.0000
472	473	471	0.5191	8033.0000
473	474	472	0.6498	8033.0000
474	475	473	0.5873	8033.0000
475	476	474	0.6814	8033.0000
476	477	475	0.6053	8033.0000
477	478	476	0.5556	8033.0000
478	479	477	0.5411	8033.0000
479	480	478	0.3801	8033.0000
480	481	479	0.5074	8033.0000
481	482	480	0.5500	8033.0000
482	483	481	0.5006	8033.0000
483	484	482	0.4805	8033.0000
484	485	483	0.4721	8033.0000
485	486	484	0.4455	8033.0000
486	487	485	0.5674	8033.0000
487	488	486	0.5342	8033.0000
488	489	487	0.5231	8033.0000
489	490	488	0.5327	8033.0000
490	491	489	0.4848	8033.0000
491	492	490	0.4443	8033.0000
492	493	491	0.4879	8033.0000
493	494	492	0.4202	8033.0000
494	495	493	0.3977	8033.0000
495	496	494	0.4254	8033.0000
496	497	495	0.4222	8033.0000
497	498	496	0.4884	8033.0000
498	499	497	0.5882	8033.0000
499	500	498	0.4527	8033.0000
500	501	499	0.4439	8033.0000
501	502	500	0.5372	8033.0000
502	503	501	0.5143	8033.0000
503	504	502	0.5856	8033.0000
504	505	503	0.6983	8033.0000
505	506	504	0.4939	8033.0000
506	507	505	0.4403	8033.0000
507	508	506	0.5460	8033.0000
508	509	507	0.3800	8033.0000
509	510	508	0.3800	8033.0000
510	511	509	0.3800	8033.0000
511	512	510	0.3800	8033.0000
512	513	511	0.3800	8033.0000
513	514	512	0.3800	8033.0000
514	515	513	0.3800	8033.0000
515	516	514	0.3800	8033.0000
516	517	515	0.3800	8033.0000
517	518	516	0.3800	8033.0000
518	519	517	0.3800	8033.0000
519	520	518	0.3800	8033.0000
520	521	519	0.3800	8033.0000
521	522	520	0.3800	8033.0000
522	523	521	0.3800	8033.0000
523	524	522	0.3800	8033.0000
524	525	523	0.3800	8033.0000
525	526	524	0.3800	8033.0000
526	527	525	0.3800	8033.0000
527	528	526	0.3800	8033.0000
528	529	527	0.3800	8033.0000
529	530	528	0.3800	8033.0000
530	531	529	0.3800	8033.0000
531	532	530	0.3800	8033.0000
532	533	531	0.3800	8033.0000
533	534	532	0.3800	8033.0000
534	535	533	0.3800	8033.0000
535	536	534	0.3800	8033.0000
536	537	535	0.3800	8033.0000
537	538	536	0.3800	8033.0000
538	539	537	0.3800	8033.0000
539	540	538	0.3800	8033.0000
540	541	539	0.3800	8033.0000
541	542	540	0.3800	8033.0000
542	543	541	0.3800	8033.0000
543	544	542	0.3800	8033.0000
544	545	543	0.3800	8033.0000
545	546	544	0.3800	8033.0000
546	547	545	0.3800	8033.0000
547	548	546	0.3800	8033.0000
548	549	547	0.3800	8033.0000
549	550	548	0.3800	8033.0000
550	551	549	0.3800	8033.0000
551	552	550	0.3800	8033.0000
552	553	551	0.3800	8033.0000
553	554	552	0.3800	8033.0000
554	555	553	0.3800	8033.0000
555	556	554	0.6736	8033.0000
556	557	555	0.6081	8033.0000
557	558	556	0.6585	8033.0000
558	559	557	0.4727	8033.0000
559	560	558	0.4015	8033.0000
560	561	559	0.5052	8033.0000
561	562	560	0.4187	8033.0000
562	563	561	0.4461	8033.0000
563	564	562	0.4738	8033.0000
564	565	563	0.5012	8033.0000
565	566	564	0.5281	8033.0000
566	567	565	0.4466	8033.0000
567	568	566	0.4686	8033.0000
568	569	567	0.4467	8033.0000
569	570	568	0.4083	8033.0000
570	571	569	0.6477	8033.0000
571	572	570	0.6186	8033.0000
572	573	571	0.4742	8033.0000
573	574	572	0.4403	8033.0000
574	575	573	0.4443	8033.0000
575	576	574	0.4514	8033.0000
576	577	575	0.5443	8033.0000
577	578	576	0.4604	8033.0000
578	579	577	0.5804	8033.0000
579	580	578	0.5753	8033.0000
580	581	579	0.5262	8033.0000
581	582	580	0.5429	8033.0000
582	583	581	0.4511	8033.0000
583	584	582	0.3319	8033.0000
584	585	583	0.3975	8033.0000
585	586	584	0.4978	8033.0000
586	587	585	0.4359	8033.0000
587	588	586	0.6072	8033.0000
588	589	587	0.5113	8033.0000
589	590	588	0.4392	8033.0000
590	591	589	0.5546	8033.0000
591	592	590	0.3950	8033.0000
592	593	591	0.6887	8033.0000
593	594	592	0.4767	8033.0000
594	595	593	0.4316	8033.0000
595	596	594	0.4811	8033.0000
596	597	595	0.3639	8033.0000
597	598	596	0.4283	8033.0000
598	599	597	0.4420	8033.0000
599	600	598	0.4885	8033.0000
600	601	599	0.5757	8033.0000
601	602	600	0.4341	8033.0000
602	603	601	0.4641	8033.0000
603	604	602	0.6117	8033.0000
604	605	603	0.4077	8033.0000
605	606	604	0.5773	8033.0000
606	607	605	0.5705	8033.0000
607	608	606	0.4497	8033.0000
608	609	607	0.4324	8033.0000
609	610	608	0.5738	8033.0000
610	611	609	0.3807	8033.0000
611	612	610	0.5419	8033.0000
612	613	611	0.4704	8033.0000
613	614	612	0.3854	8033.0000
614	615	613	0.5486	8033.0000
615	616	614	0.4628	8033.0000
616	617	615	0.5336	8033.0000
617	618	616	0.4617	8033.0000
618	619	617	0.4357	8033.0000
619	620	618	0.4140	8033.0000
620	621	619	0.5718	8033.0000
621	622	620	0.6292	8033.0000
622	623	621	0.4799	8033.0000
623	624	622	0.4215	8033.0000
624	625	623	0.4045	8033.0000
625	626	624	0.4553	8033.0000
626	627	625	0.3447	8033.0000
627	628	626	0.6038	8033.0000
628	629	627	0.5135	8033.0000
629	630	628	0.3619	8033.0000
630	631	629	0.4828	8033.0000
631	632	630	0.3930	8033.0000
632	633	631	0.4524	8033.0000
633	634	632	0.4764	8033.0000
634	635	633	0.4550	8033.0000
635	636	634	0.4738	8033.0000
636	637	635	0.4875	8033.0000
637	638	636	0.6152	8033.0000
638	639	637	0.4271	8033.0000
639	640	638	0.5483	8033.0000
640	641	639	0.4472	8033.0000
641	642	640	0.3802	8033.0000
642	643	641	0.3946	8033.0000
643	644	642	0.5294	8033.0000
644	645	643	0.5083	8033.0000
645	646	644	0.4820	8033.0000
646	647	645	0.6068	8033.0000
647	648	646	0.4787	8033.0000
648	649	647	0.5083	8033.0000
649	650	648	0.3861	8033.0000
650	651	649	0.4503	8033.0000
651	652	650	0.4586	8033.0000
652	653	651	0.4439	8033.0000
653	654	652	0.6682	8033.0000
654	655	653	0.6591	8033.0000
655	656	654	0.4846	8033.0000
656	657	655	0.3663	8033.0000
657	658	656	0.3968	8033.0000
658	659	657	0.5538	8033.0000
659	660	658	0.5669	8033.0000
660	661	659	0.5752	8033.0000
661	662	660	0.4025	8033.0000
662	663	661	0.3649	8033.0000
663	664	662	0.6315	8033.0000
664	665	663	0.3973	8033.0000
665	666	664	0.5414	8033.0000
666	667	665	0.4944	8033.0000
667	668	666	0.5672	8033.0000
668	669	667	0.5946	8033.0000
669	670	668	0.4739	8033.0000
670	671	669	0.4885	8033.0000
671	672	670	0.7717	8033.0000
672	673	671	0.4962	8033.0000
673	674	672	0.4898	8033.0000
674	675	673	0.5714	8033.0000
675	676	674	0.4995	8033.0000
676	677	675	0.4979	8033.0000
677	678	676	0.5685	8033.0000
678	679	677	0.7963	8033.0000
679	680	678	0.5646	8033.0000
680	681	679	0.5306	8033.0000
681	682	680	0.4805	8033.0000
682	683	681	0.5353	8033.0000
683	684	682	0.6231	8033.0000
684	685	683	0.6015	8033.0000
685	686	684	0.5123	8033.0000
686	687	685	0.3989	8033.0000
687	688	686	0.5667	8033.0000
688	689	687	0.3939	8033.0000
689	690	688	0.4108	8033.0000
690	691	689	0.5763	8033.0000
691	692	690	0.4115	8033.0000
692	693	691	0.5591	8033.0000
693	694	692	0.6367	8033.0000
694	695	693	0.4151	8033.0000
695	696	694	0.4409	8033.0000
696	697	695	0.3491	8033.0000
697	698	696	0.3953	8033.0000
698	699	697	0.3578	8033.0000
699	700	698	0.4979	8033.0000
700	701	699	0.4475	8033.0000
701	702	700	0.4563	8033.0000
702	703	701	0.5427	8033.0000
703	704	702	0.6848	8033.0000
704	705	703	0.4036	8033.0000
705	706	704	0.5250	8033.0000
706	707	705	0.4957	8033.0000
707	708	706	0.5567	8033.0000
708	709	707	0.5980	8033.0000
709	710	708	0.5296	8033.0000
710	711	709	0.4399	8033.0000
711	712	710	0.5559	8033.0000
712	713	711	0.4931	8033.0000
713	714	712	0.5899	8033.0000
714	715	713	0.2843	8033.0000
715	716	714	0.3423	8033.0000
716	717	715	0.4811	8033.0000
717	718	716	0.5507	8033.0000
718	719	717	0.5699	8033.0000
719	720	718	0.6138	8033.0000
720	721	719	0.3990	8033.0000
721	722	720	0.5148	8033.0000
722	723	721	0.5266	8033.0000
723	724	722	0.4092	8033.0000
724	725	723	0.4150	8033.0000
725	726	724	0.5993	8033.0000
726	727	725	0.4472	8033.0000
727	728	726	0.6281	8033.0000
728	729	727	0.5696	8033.0000
729	730	728	0.5742	8033.0000
730	731	729	0.4705	8033.0000
731	732	730	0.5727	8033.0000
732	733	731	0.5561	8033.0000
733	734	732	0.5274	8033.0000
734	735	733	0.6185	8033.0000
735	736	734	0.4960	8033.0000
736	737	735	0.4209	8033.0000
737	738	736	0.5498	8033.0000
738	739	737	0.3800	8033.0000
739	740	738	0.3800	8033.0000
