i	j	b_idx	d[nm]	k[kJ/mol/nm^2]
741	742	0	0.3800	8033.0000
742	743	1	0.3800	8033.0000
743	744	2	0.3800	8033.0000
744	745	3	0.3800	8033.0000
745	746	4	0.3800	8033.0000
746	747	5	0.3800	8033.0000
747	748	6	0.3800	8033.0000
748	749	7	0.3800	8033.0000
749	750	8	0.3800	8033.0000
750	751	9	0.5113	8033.0000
751	752	10	0.4414	8033.0000
752	753	11	0.4653	8033.0000
753	754	12	0.5818	8033.0000
754	755	13	0.5947	8033.0000
755	756	14	0.5337	8033.0000
756	757	15	0.3992	8033.0000
757	758	16	0.4957	8033.0000
758	759	17	0.3817	8033.0000
759	760	18	0.3525	8033.0000
760	761	19	0.6082	8033.0000
761	762	20	0.5696	8033.0000
762	763	21	0.6076	8033.0000
763	764	22	0.4741	8033.0000
764	765	23	0.6632	8033.0000
765	766	24	0.5650	8033.0000
766	767	25	0.5799	8033.0000
767	768	26	0.5258	8033.0000
768	769	27	0.6017	8033.0000
769	770	28	0.4394	8033.0000
770	771	29	0.6499	8033.0000
771	772	30	0.5573	8033.0000
772	773	31	0.3954	8033.0000
773	774	32	0.4527	8033.0000
774	775	33	0.5463	8033.0000
775	776	34	0.3927	8033.0000
776	777	35	0.3531	8033.0000
777	778	36	0.2921	8033.0000
778	779	37	0.3700	8033.0000
779	780	38	0.4822	8033.0000
780	781	39	0.5338	8033.0000
781	782	40	0.4183	8033.0000
782	783	41	0.4520	8033.0000
783	784	42	0.4141	8033.0000
784	785	43	0.4059	8033.0000
785	786	44	0.5516	8033.0000
786	787	45	0.6284	8033.0000
787	788	46	0.5183	8033.0000
788	789	47	0.5928	8033.0000
789	790	48	0.4645	8033.0000
790	791	49	0.3357	8033.0000
791	792	50	0.4502	8033.0000
792	793	51	0.3546	8033.0000
793	794	52	0.4308	8033.0000
794	795	53	0.7975	8033.0000
795	796	54	0.5523	8033.0000
796	797	55	0.5010	8033.0000
797	798	56	0.6013	8033.0000
798	799	57	0.5530	8033.0000
799	800	58	0.4530	8033.0000
800	801	59	0.7571	8033.0000
801	802	60	0.5849	8033.0000
802	803	61	0.3513	8033.0000
803	804	62	0.5234	8033.0000
804	805	63	0.5108	8033.0000
805	806	64	0.6165	8033.0000
806	807	65	0.5881	8033.0000
807	808	66	0.4369	8033.0000
808	809	67	0.6159	8033.0000
809	810	68	0.6486	8033.0000
810	811	69	0.4356	8033.0000
811	812	70	0.4368	8033.0000
812	813	71	0.5403	8033.0000
813	814	72	0.6144	8033.0000
814	815	73	0.5100	8033.0000
815	816	74	0.4742	8033.0000
816	817	75	0.4912	8033.0000
817	818	76	0.3995	8033.0000
818	819	77	0.5505	8033.0000
819	820	78	0.5869	8033.0000
820	821	79	0.4640	8033.0000
821	822	80	0.4618	8033.0000
822	823	81	0.3723	8033.0000
823	824	82	0.4743	8033.0000
824	825	83	0.4743	8033.0000
825	826	84	0.5810	8033.0000
826	827	85	0.4906	8033.0000
827	828	86	0.3717	8033.0000
828	829	87	0.3800	8033.0000
829	830	88	0.3800	8033.0000
830	831	89	0.3800	8033.0000
831	832	90	0.3800	8033.0000
832	833	91	0.3800	8033.0000
833	834	92	0.3800	8033.0000
834	835	93	0.3800	8033.0000
835	836	94	0.3800	8033.0000
836	837	95	0.3800	8033.0000
837	838	96	0.3800	8033.0000
838	839	97	0.3800	8033.0000
839	840	98	0.3800	8033.0000
840	841	99	0.3800	8033.0000
841	842	100	0.3800	8033.0000
842	843	101	0.3800	8033.0000
843	844	102	0.3800	8033.0000
844	845	103	0.3800	8033.0000
845	846	104	0.3800	8033.0000
846	847	105	0.3800	8033.0000
847	848	106	0.3800	8033.0000
848	849	107	0.3800	8033.0000
849	850	108	0.3800	8033.0000
850	851	109	0.3800	8033.0000
851	852	110	0.3800	8033.0000
852	853	111	0.3800	8033.0000
853	854	112	0.3800	8033.0000
854	855	113	0.3800	8033.0000
855	856	114	0.3800	8033.0000
856	857	115	0.3800	8033.0000
857	858	116	0.3800	8033.0000
858	859	117	0.3800	8033.0000
859	860	118	0.3800	8033.0000
860	861	119	0.3800	8033.0000
861	862	120	0.3800	8033.0000
862	863	121	0.3800	8033.0000
863	864	122	0.3800	8033.0000
864	865	123	0.3800	8033.0000
865	866	124	0.3800	8033.0000
866	867	125	0.3800	8033.0000
867	868	126	0.3800	8033.0000
868	869	127	0.3800	8033.0000
869	870	128	0.3800	8033.0000
870	871	129	0.3800	8033.0000
871	872	130	0.3800	8033.0000
872	873	131	0.3800	8033.0000
873	874	132	0.3800	8033.0000
874	875	133	0.3800	8033.0000
875	876	134	0.3800	8033.0000
876	877	135	0.3800	8033.0000
877	878	136	0.4367	8033.0000
878	879	137	0.4316	8033.0000
879	880	138	0.4098	8033.0000
880	881	139	0.4036	8033.0000
881	882	140	0.5069	8033.0000
882	883	141	0.5476	8033.0000
883	884	142	0.4567	8033.0000
884	885	143	0.4736	8033.0000
885	886	144	0.4998	8033.0000
886	887	145	0.4005	8033.0000
887	888	146	0.5504	8033.0000
888	889	147	0.5374	8033.0000
889	890	148	0.4328	8033.0000
890	891	149	0.5359	8033.0000
891	892	150	0.5669	8033.0000
892	893	151	0.5738	8033.0000
893	894	152	0.5808	8033.0000
894	895	153	0.5763	8033.0000
895	896	154	0.4611	8033.0000
896	897	155	0.4285	8033.0000
897	898	156	0.4939	8033.0000
898	899	157	0.3973	8033.0000
899	900	158	0.4512	8033.0000
900	901	159	0.4186	8033.0000
901	902	160	0.4167	8033.0000
902	903	161	0.5631	8033.0000
903	904	162	0.7280	8033.0000
904	905	163	0.5874	8033.0000
905	906	164	0.6243	8033.0000
906	907	165	0.4418	8033.0000
907	908	166	0.4552	8033.0000
908	909	167	0.6119	8033.0000
909	910	168	0.4242	8033.0000
910	911	169	0.4088	8033.0000
911	912	170	0.5423	8033.0000
912	913	171	0.4782	8033.0000
913	914	172	0.5254	8033.0000
914	915	173	0.4904	8033.0000
915	916	174	0.3814	8033.0000
916	917	175	0.3834	8033.0000
917	918	176	0.6496	8033.0000
918	919	177	0.4394	8033.0000
919	920	178	0.5086	8033.0000
920	921	179	0.5102	8033.0000
921	922	180	0.5848	8033.0000
922	923	181	0.5704	8033.0000
923	924	182	0.6335	8033.0000
924	925	183	0.5917	8033.0000
925	926	184	0.5740	8033.0000
926	927	185	0.6289	8033.0000
927	928	186	0.4270	8033.0000
928	929	187	0.4728	8033.0000
929	930	188	0.4684	8033.0000
930	931	189	0.5448	8033.0000
931	932	190	0.6847	8033.0000
932	933	191	0.4394	8033.0000
933	934	192	0.5592	8033.0000
934	935	193	0.5314	8033.0000
935	936	194	0.4584	8033.0000
936	937	195	0.6218	8033.0000
937	938	196	0.5382	8033.0000
938	939	197	0.6041	8033.0000
939	940	198	0.5426	8033.0000
940	941	199	0.5098	8033.0000
941	942	200	0.5757	8033.0000
942	943	201	0.3800	8033.0000
943	944	202	0.3800	8033.0000
944	945	203	0.3800	8033.0000
945	946	204	0.3800	8033.0000
946	947	205	0.3800	8033.0000
947	948	206	0.3800	8033.0000
948	949	207	0.3800	8033.0000
949	950	208	0.3800	8033.0000
950	951	209	0.3800	8033.0000
951	952	210	0.3800	8033.0000
952	953	211	0.3800	8033.0000
953	954	212	0.3800	8033.0000
954	955	213	0.3800	8033.0000
955	956	214	0.3800	8033.0000
956	957	215	0.3800	8033.0000
957	958	216	0.3800	8033.0000
958	959	217	0.3800	8033.0000
959	960	218	0.3800	8033.0000
960	961	219	0.3800	8033.0000
961	962	220	0.3800	8033.0000
962	963	221	0.3800	8033.0000
963	964	222	0.3800	8033.0000
964	965	223	0.3800	8033.0000
965	966	224	0.3800	8033.0000
966	967	225	0.3800	8033.0000
967	968	226	0.3800	8033.0000
968	969	227	0.3800	8033.0000
969	970	228	0.3800	8033.0000
970	971	229	0.3800	8033.0000
971	972	230	0.3800	8033.0000
972	973	231	0.5245	8033.0000
973	974	232	0.4417	8033.0000
974	975	233	0.5561	8033.0000
975	976	234	0.6611	8033.0000
976	977	235	0.5713	8033.0000
977	978	236	0.4847	8033.0000
978	979	237	0.3760	8033.0000
979	980	238	0.5331	8033.0000
980	981	239	0.3975	8033.0000
981	982	240	0.4496	8033.0000
982	983	241	0.7913	8033.0000
983	984	242	0.5269	8033.0000
984	985	243	0.7177	8033.0000
985	986	244	0.6398	8033.0000
986	987	245	0.5883	8033.0000
987	988	246	0.7120	8033.0000
988	989	247	0.4803	8033.0000
989	990	248	0.4295	8033.0000
990	991	249	0.4515	8033.0000
991	992	250	0.3878	8033.0000
992	993	251	0.5884	8033.0000
993	994	252	0.5453	8033.0000
994	995	253	0.4503	8033.0000
995	996	254	0.4996	8033.0000
996	997	255	0.3995	8033.0000
997	998	256	0.5110	8033.0000
998	999	257	0.5531	8033.0000
999	1000	258	0.7630	8033.0000
1000	1001	259	0.4301	8033.0000
1001	1002	260	0.5628	8033.0000
1002	1003	261	0.3365	8033.0000
1003	1004	262	0.4361	8033.0000
1004	1005	263	0.5037	8033.0000
1005	1006	264	0.5886	8033.0000
1006	1007	265	0.5140	8033.0000
1007	1008	266	0.5136	8033.0000
1008	1009	267	0.6065	8033.0000
1009	1010	268	0.5422	8033.0000
1010	1011	269	0.3445	8033.0000
1011	1012	270	0.3458	8033.0000
1012	1013	271	0.4484	8033.0000
1013	1014	272	0.5181	8033.0000
1014	1015	273	0.4850	8033.0000
1015	1016	274	0.4662	8033.0000
1016	1017	275	0.4254	8033.0000
1017	1018	276	0.5100	8033.0000
1018	1019	277	0.5241	8033.0000
1019	1020	278	0.5692	8033.0000
1020	1021	279	0.4524	8033.0000
1021	1022	280	0.3885	8033.0000
1022	1023	281	0.4538	8033.0000
1023	1024	282	0.6253	8033.0000
1024	1025	283	0.3696	8033.0000
1025	1026	284	0.3663	8033.0000
1026	1027	285	0.5562	8033.0000
1027	1028	286	0.4893	8033.0000
1028	1029	287	0.5109	8033.0000
1029	1030	288	0.3505	8033.0000
1030	1031	289	0.6066	8033.0000
1031	1032	290	0.5909	8033.0000
1032	1033	291	0.5453	8033.0000
1033	1034	292	0.5541	8033.0000
1034	1035	293	0.4379	8033.0000
1035	1036	294	0.3885	8033.0000
1036	1037	295	0.4419	8033.0000
1037	1038	296	0.6872	8033.0000
1038	1039	297	0.5761	8033.0000
1039	1040	298	0.6174	8033.0000
1040	1041	299	0.4590	8033.0000
1041	1042	300	0.5049	8033.0000
1042	1043	301	0.5439	8033.0000
1043	1044	302	0.3800	8033.0000
1044	1045	303	0.4012	8033.0000
1045	1046	304	0.5148	8033.0000
1046	1047	305	0.6483	8033.0000
1047	1048	306	0.5464	8033.0000
1048	1049	307	0.5040	8033.0000
1049	1050	308	0.4799	8033.0000
1050	1051	309	0.4021	8033.0000
1051	1052	310	0.4281	8033.0000
1052	1053	311	0.4557	8033.0000
1053	1054	312	0.4338	8033.0000
1054	1055	313	0.3945	8033.0000
1055	1056	314	0.4466	8033.0000
1056	1057	315	0.5967	8033.0000
1057	1058	316	0.5145	8033.0000
1058	1059	317	0.4115	8033.0000
1059	1060	318	0.6275	8033.0000
1060	1061	319	0.5595	8033.0000
1061	1062	320	0.7092	8033.0000
1062	1063	321	0.5025	8033.0000
1063	1064	322	0.5684	8033.0000
1064	1065	323	0.5294	8033.0000
1065	1066	324	0.5043	8033.0000
1066	1067	325	0.5977	8033.0000
1067	1068	326	0.6273	8033.0000
1068	1069	327	0.4015	8033.0000
1069	1070	328	0.6050	8033.0000
1070	1071	329	0.4593	8033.0000
1071	1072	330	0.6312	8033.0000
1072	1073	331	0.4957	8033.0000
1073	1074	332	0.4530	8033.0000
1074	1075	333	0.5462	8033.0000
1075	1076	334	0.6506	8033.0000
1076	1077	335	0.5363	8033.0000
1077	1078	336	0.4844	8033.0000
1078	1079	337	0.3438	8033.0000
1079	1080	338	0.4643	8033.0000
1080	1081	339	0.5098	8033.0000
1081	1082	340	0.4890	8033.0000
1082	1083	341	0.4446	8033.0000
1083	1084	342	0.5513	8033.0000
1084	1085	343	0.4175	8033.0000
1085	1086	344	0.3742	8033.0000
1086	1087	345	0.5320	8033.0000
1087	1088	346	0.4830	8033.0000
1088	1089	347	0.4918	8033.0000
1089	1090	348	0.5159	8033.0000
1090	1091	349	0.4358	8033.0000
1091	1092	350	0.4002	8033.0000
1092	1093	351	0.3489	8033.0000
1093	1094	352	0.4734	8033.0000
1094	1095	353	0.6577	8033.0000
1095	1096	354	0.6102	8033.0000
1096	1097	355	0.5185	8033.0000
1097	1098	356	0.4616	8033.0000
1098	1099	357	0.4394	8033.0000
1099	1100	358	0.5286	8033.0000
1100	1101	359	0.3897	8033.0000
1101	1102	360	0.5858	8033.0000
1102	1103	361	0.5188	8033.0000
1103	1104	362	0.3800	8033.0000
1104	1105	363	0.3800	8033.0000
1105	1106	364	0.3800	8033.0000
1106	1107	365	0.3800	8033.0000
1107	1108	366	0.3800	8033.0000
1108	1109	367	0.3800	8033.0000
1109	1110	368	0.3800	8033.0000
1110	1111	369	0.3800	8033.0000
1111	1112	370	0.3800	8033.0000
1112	1113	371	0.3800	8033.0000
1113	1114	372	0.3800	8033.0000
1114	1115	373	0.3800	8033.0000
1115	1116	374	0.3800	8033.0000
1116	1117	375	0.3800	8033.0000
1117	1118	376	0.4459	8033.0000
1118	1119	377	0.5391	8033.0000
1119	1120	378	0.5234	8033.0000
1120	1121	379	0.4895	8033.0000
1121	1122	380	0.4070	8033.0000
1122	1123	381	0.4023	8033.0000
1123	1124	382	0.4972	8033.0000
1124	1125	383	0.6973	8033.0000
1125	1126	384	0.5247	8033.0000
1126	1127	385	0.5723	8033.0000
1127	1128	386	0.4713	8033.0000
1128	1129	387	0.6146	8033.0000
1129	1130	388	0.4771	8033.0000
1130	1131	389	0.4849	8033.0000
1131	1132	390	0.5294	8033.0000
1132	1133	391	0.5036	8033.0000
1133	1134	392	0.5885	8033.0000
1134	1135	393	0.5408	8033.0000
1135	1136	394	0.5416	8033.0000
1136	1137	395	0.4794	8033.0000
1137	1138	396	0.4720	8033.0000
1138	1139	397	0.5539	8033.0000
1139	1140	398	0.5213	8033.0000
1140	1141	399	0.5498	8033.0000
1141	1142	400	0.7287	8033.0000
1142	1143	401	0.4255	8033.0000
1143	1144	402	0.7160	8033.0000
1144	1145	403	0.4857	8033.0000
1145	1146	404	0.4295	8033.0000
1146	1147	405	0.4563	8033.0000
1147	1148	406	0.4568	8033.0000
1148	1149	407	0.5646	8033.0000
1149	1150	408	0.4268	8033.0000
1150	1151	409	0.5322	8033.0000
1151	1152	410	0.6050	8033.0000
1152	1153	411	0.5323	8033.0000
1153	1154	412	0.4630	8033.0000
1154	1155	413	0.5551	8033.0000
1155	1156	414	0.5390	8033.0000
1156	1157	415	0.4220	8033.0000
1157	1158	416	0.4862	8033.0000
1158	1159	417	0.5282	8033.0000
1159	1160	418	0.4703	8033.0000
1160	1161	419	0.6351	8033.0000
1161	1162	420	0.5270	8033.0000
1162	1163	421	0.4758	8033.0000
1163	1164	422	0.6048	8033.0000
1164	1165	423	0.6018	8033.0000
1165	1166	424	0.6592	8033.0000
1166	1167	425	0.5184	8033.0000
1167	1168	426	0.5248	8033.0000
1168	1169	427	0.4795	8033.0000
1169	1170	428	0.5014	8033.0000
1170	1171	429	0.3951	8033.0000
1171	1172	430	0.4327	8033.0000
1172	1173	431	0.5375	8033.0000
1173	1174	432	0.4439	8033.0000
1174	1175	433	0.6121	8033.0000
1175	1176	434	0.3893	8033.0000
1176	1177	435	0.5581	8033.0000
1177	1178	436	0.4913	8033.0000
1178	1179	437	0.4513	8033.0000
1179	1180	438	0.4816	8033.0000
1180	1181	439	0.5330	8033.0000
1181	1182	440	0.5420	8033.0000
1182	1183	441	0.6450	8033.0000
1183	1184	442	0.4528	8033.0000
1184	1185	443	0.3638	8033.0000
1185	1186	444	0.4229	8033.0000
1186	1187	445	0.5111	8033.0000
1187	1188	446	0.5473	8033.0000
1188	1189	447	0.5408	8033.0000
1189	1190	448	0.7380	8033.0000
1190	1191	449	0.6643	8033.0000
1191	1192	450	0.4894	8033.0000
1192	1193	451	0.4456	8033.0000
1193	1194	452	0.5069	8033.0000
1194	1195	453	0.5165	8033.0000
1195	1196	454	0.5626	8033.0000
1196	1197	455	0.5662	8033.0000
1197	1198	456	0.4105	8033.0000
1198	1199	457	0.4333	8033.0000
1199	1200	458	0.4840	8033.0000
1200	1201	459	0.6072	8033.0000
1201	1202	460	0.7833	8033.0000
1202	1203	461	0.6195	8033.0000
1203	1204	462	0.6609	8033.0000
1204	1205	463	0.5249	8033.0000
1205	1206	464	0.4905	8033.0000
1206	1207	465	0.6223	8033.0000
1207	1208	466	0.5147	8033.0000
1208	1209	467	0.5316	8033.0000
1209	1210	468	0.6858	8033.0000
1210	1211	469	0.4356	8033.0000
1211	1212	470	0.3820	8033.0000
1212	1213	471	0.5192	8033.0000
1213	1214	472	0.6506	8033.0000
1214	1215	473	0.5875	8033.0000
1215	1216	474	0.6812	8033.0000
1216	1217	475	0.6059	8033.0000
1217	1218	476	0.5561	8033.0000
1218	1219	477	0.5415	8033.0000
1219	1220	478	0.3806	8033.0000
1220	1221	479	0.5073	8033.0000
1221	1222	480	0.5502	8033.0000
1222	1223	481	0.5004	8033.0000
1223	1224	482	0.4803	8033.0000
1224	1225	483	0.4729	8033.0000
1225	1226	484	0.4466	8033.0000
1226	1227	485	0.5681	8033.0000
1227	1228	486	0.5339	8033.0000
1228	1229	487	0.5251	8033.0000
1229	1230	488	0.5330	8033.0000
1230	1231	489	0.4855	8033.0000
1231	1232	490	0.4447	8033.0000
1232	1233	491	0.4885	8033.0000
1233	1234	492	0.4203	8033.0000
1234	1235	493	0.3978	8033.0000
1235	1236	494	0.4253	8033.0000
1236	1237	495	0.4224	8033.0000
1237	1238	496	0.4892	8033.0000
1238	1239	497	0.5882	8033.0000
1239	1240	498	0.4529	8033.0000
1240	1241	499	0.4447	8033.0000
1241	1242	500	0.5378	8033.0000
1242	1243	501	0.5142	8033.0000
1243	1244	502	0.5858	8033.0000
1244	1245	503	0.6990	8033.0000
1245	1246	504	0.4941	8033.0000
1246	1247	505	0.4402	8033.0000
1247	1248	506	0.5457	8033.0000
1248	1249	507	0.3800	8033.0000
1249	1250	508	0.3800	8033.0000
1250	1251	509	0.3800	8033.0000
1251	1252	510	0.3800	8033.0000
1252	1253	511	0.3800	8033.0000
1253	1254	512	0.3800	8033.0000
1254	1255	513	0.3800	8033.0000
1255	1256	514	0.3800	8033.0000
1256	1257	515	0.3800	8033.0000
1257	1258	516	0.3800	8033.0000
1258	1259	517	0.3800	8033.0000
1259	1260	518	0.3800	8033.0000
1260	1261	519	0.3800	8033.0000
1261	1262	520	0.3800	8033.0000
1262	1263	521	0.3800	8033.0000
1263	1264	522	0.3800	8033.0000
1264	1265	523	0.3800	8033.0000
1265	1266	524	0.3800	8033.0000
1266	1267	525	0.3800	8033.0000
1267	1268	526	0.3800	8033.0000
1268	1269	527	0.3800	8033.0000
1269	1270	528	0.3800	8033.0000
1270	1271	529	0.3800	8033.0000
1271	1272	530	0.3800	8033.0000
1272	1273	531	0.3800	8033.0000
1273	1274	532	0.3800	8033.0000
1274	1275	533	0.3800	8033.0000
1275	1276	534	0.3800	8033.0000
1276	1277	535	0.3800	8033.0000
1277	1278	536	0.3800	8033.0000
1278	1279	537	0.3800	8033.0000
1279	1280	538	0.3800	8033.0000
1280	1281	539	0.3800	8033.0000
1281	1282	540	0.3800	8033.0000
1282	1283	541	0.3800	8033.0000
1283	1284	542	0.3800	8033.0000
1284	1285	543	0.3800	8033.0000
1285	1286	544	0.3800	8033.0000
1286	1287	545	0.3800	8033.0000
1287	1288	546	0.3800	8033.0000
1288	1289	547	0.3800	8033.0000
1289	1290	548	0.3800	8033.0000
1290	1291	549	0.3800	8033.0000
1291	1292	550	0.3800	8033.0000
1292	1293	551	0.3800	8033.0000
1293	1294	552	0.3800	8033.0000
1294	1295	553	0.3800	8033.0000
1295	1296	554	0.6745	8033.0000
1296	1297	555	0.6047	8033.0000
1297	1298	556	0.6559	8033.0000
1298	1299	557	0.4749	8033.0000
1299	1300	558	0.4029	8033.0000
1300	1301	559	0.5052	8033.0000
1301	1302	560	0.4186	8033.0000
1302	1303	561	0.4460	8033.0000
1303	1304	562	0.4731	8033.0000
1304	1305	563	0.5028	8033.0000
1305	1306	564	0.5311	8033.0000
1306	1307	565	0.4489	8033.0000
1307	1308	566	0.4694	8033.0000
1308	1309	567	0.4465	8033.0000
1309	1310	568	0.4092	8033.0000
1310	1311	569	0.6479	8033.0000
1311	1312	570	0.6182	8033.0000
1312	1313	571	0.4751	8033.0000
1313	1314	572	0.4406	8033.0000
1314	1315	573	0.4442	8033.0000
1315	1316	574	0.4524	8033.0000
1316	1317	575	0.5450	8033.0000
1317	1318	576	0.4605	8033.0000
1318	1319	577	0.5804	8033.0000
1319	1320	578	0.5753	8033.0000
1320	1321	579	0.5267	8033.0000
1321	1322	580	0.5432	8033.0000
1322	1323	581	0.4512	8033.0000
1323	1324	582	0.3319	8033.0000
1324	1325	583	0.3977	8033.0000
1325	1326	584	0.4984	8033.0000
1326	1327	585	0.4363	8033.0000
1327	1328	586	0.6100	8033.0000
1328	1329	587	0.5098	8033.0000
1329	1330	588	0.4404	8033.0000
1330	1331	589	0.5554	8033.0000
1331	1332	590	0.3989	8033.0000
1332	1333	591	0.6882	8033.0000
1333	1334	592	0.4784	8033.0000
1334	1335	593	0.4322	8033.0000
1335	1336	594	0.4817	8033.0000
1336	1337	595	0.3644	8033.0000
1337	1338	596	0.4293	8033.0000
1338	1339	597	0.4429	8033.0000
1339	1340	598	0.4896	8033.0000
1340	1341	599	0.5757	8033.0000
1341	1342	600	0.4336	8033.0000
1342	1343	601	0.4646	8033.0000
1343	1344	602	0.6122	8033.0000
1344	1345	603	0.4082	8033.0000
1345	1346	604	0.5774	8033.0000
1346	1347	605	0.5725	8033.0000
1347	1348	606	0.4491	8033.0000
1348	1349	607	0.4323	8033.0000
1349	1350	608	0.5741	8033.0000
1350	1351	609	0.3806	8033.0000
1351	1352	610	0.5421	8033.0000
1352	1353	611	0.4706	8033.0000
1353	1354	612	0.3854	8033.0000
1354	1355	613	0.5485	8033.0000
1355	1356	614	0.4621	8033.0000
1356	1357	615	0.5332	8033.0000
1357	1358	616	0.4613	8033.0000
1358	1359	617	0.4358	8033.0000
1359	1360	618	0.4117	8033.0000
1360	1361	619	0.5711	8033.0000
1361	1362	620	0.6274	8033.0000
1362	1363	621	0.4804	8033.0000
1363	1364	622	0.4216	8033.0000
1364	1365	623	0.4050	8033.0000
1365	1366	624	0.4552	8033.0000
1366	1367	625	0.3450	8033.0000
1367	1368	626	0.6038	8033.0000
1368	1369	627	0.5130	8033.0000
1369	1370	628	0.3614	8033.0000
1370	1371	629	0.4829	8033.0000
1371	1372	630	0.3928	8033.0000
1372	1373	631	0.4525	8033.0000
1373	1374	632	0.4765	8033.0000
1374	1375	633	0.4549	8033.0000
1375	1376	634	0.4735	8033.0000
1376	1377	635	0.4878	8033.0000
1377	1378	636	0.6148	8033.0000
1378	1379	637	0.4267	8033.0000
1379	1380	638	0.5473	8033.0000
1380	1381	639	0.4469	8033.0000
1381	1382	640	0.3799	8033.0000
1382	1383	641	0.3946	8033.0000
1383	1384	642	0.5296	8033.0000
1384	1385	643	0.5087	8033.0000
1385	1386	644	0.4796	8033.0000
1386	1387	645	0.6063	8033.0000
1387	1388	646	0.4791	8033.0000
1388	1389	647	0.5083	8033.0000
1389	1390	648	0.3866	8033.0000
1390	1391	649	0.4502	8033.0000
1391	1392	650	0.4590	8033.0000
1392	1393	651	0.4449	8033.0000
1393	1394	652	0.6682	8033.0000
1394	1395	653	0.6582	8033.0000
1395	1396	654	0.4848	8033.0000
1396	1397	655	0.3662	8033.0000
1397	1398	656	0.3969	8033.0000
1398	1399	657	0.5544	8033.0000
1399	1400	658	0.5701	8033.0000
1400	1401	659	0.5754	8033.0000
1401	1402	660	0.4026	8033.0000
1402	1403	661	0.3651	8033.0000
1403	1404	662	0.6309	8033.0000
1404	1405	663	0.3974	8033.0000
1405	1406	664	0.5333	8033.0000
1406	1407	665	0.4988	8033.0000
1407	1408	666	0.5671	8033.0000
1408	1409	667	0.5943	8033.0000
1409	1410	668	0.4741	8033.0000
1410	1411	669	0.5034	8033.0000
1411	1412	670	0.7710	8033.0000
1412	1413	671	0.4962	8033.0000
1413	1414	672	0.4896	8033.0000
1414	1415	673	0.5712	8033.0000
1415	1416	674	0.4996	8033.0000
1416	1417	675	0.4978	8033.0000
1417	1418	676	0.5682	8033.0000
1418	1419	677	0.7970	8033.0000
1419	1420	678	0.5640	8033.0000
1420	1421	679	0.5305	8033.0000
1421	1422	680	0.4803	8033.0000
1422	1423	681	0.5357	8033.0000
1423	1424	682	0.6233	8033.0000
1424	1425	683	0.6016	8033.0000
1425	1426	684	0.5124	8033.0000
1426	1427	685	0.3992	8033.0000
1427	1428	686	0.5669	8033.0000
1428	1429	687	0.3938	8033.0000
1429	1430	688	0.4108	8033.0000
1430	1431	689	0.5766	8033.0000
1431	1432	690	0.4121	8033.0000
1432	1433	691	0.5570	8033.0000
1433	1434	692	0.6352	8033.0000
1434	1435	693	0.4164	8033.0000
1435	1436	694	0.4411	8033.0000
1436	1437	695	0.3489	8033.0000
1437	1438	696	0.3954	8033.0000
1438	1439	697	0.3576	8033.0000
1439	1440	698	0.4976	8033.0000
1440	1441	699	0.4477	8033.0000
1441	1442	700	0.4567	8033.0000
1442	1443	701	0.5435	8033.0000
1443	1444	702	0.6847	8033.0000
1444	1445	703	0.4021	8033.0000
1445	1446	704	0.5245	8033.0000
1446	1447	705	0.4953	8033.0000
1447	1448	706	0.5557	8033.0000
1448	1449	707	0.5985	8033.0000
1449	1450	708	0.5299	8033.0000
1450	1451	709	0.4401	8033.0000
1451	1452	710	0.5557	8033.0000
1452	1453	711	0.4910	8033.0000
1453	1454	712	0.5895	8033.0000
1454	1455	713	0.2861	8033.0000
1455	1456	714	0.3427	8033.0000
1456	1457	715	0.4809	8033.0000
1457	1458	716	0.5500	8033.0000
1458	1459	717	0.5711	8033.0000
1459	1460	718	0.6138	8033.0000
1460	1461	719	0.3981	8033.0000
1461	1462	720	0.5150	8033.0000
1462	1463	721	0.5264	8033.0000
1463	1464	722	0.4095	8033.0000
1464	1465	723	0.4152	8033.0000
1465	1466	724	0.5991	8033.0000
1466	1467	725	0.4472	8033.0000
1467	1468	726	0.6278	8033.0000
1468	1469	727	0.5693	8033.0000
1469	1470	728	0.5746	8033.0000
1470	1471	729	0.4708	8033.0000
1471	1472	730	0.5720	8033.0000
1472	1473	731	0.5565	8033.0000
1473	1474	732	0.5269	8033.0000
1474	1475	733	0.6186	8033.0000
1475	1476	734	0.4962	8033.0000
1476	1477	735	0.4203	8033.0000
1477	1478	736	0.5500	8033.0000
1478	1479	737	0.3800	8033.0000
1479	1480	738	0.3800	8033.0000
