i j d[nm] fc
11 13 0.5829 700.0000
11 30 0.8200 700.0000
11 55 0.7204 700.0000
11 56 0.4268 700.0000
11 57 0.7803 700.0000
11 58 0.6904 700.0000
11 64 0.6025 700.0000
11 67 0.7963 700.0000
11 68 0.7825 700.0000
11 86 0.6690 700.0000
11 87 0.6717 700.0000
12 14 0.7449 700.0000
12 46 0.7099 700.0000
12 49 0.8237 700.0000
12 53 0.6723 700.0000
12 54 0.7536 700.0000
12 55 0.6507 700.0000
12 56 0.6669 700.0000
12 86 0.7131 700.0000
12 87 0.4239 700.0000
13 15 0.6696 700.0000
13 26 0.7615 700.0000
13 30 0.8547 700.0000
13 43 0.8961 700.0000
13 46 0.8701 700.0000
13 52 0.7127 700.0000
13 53 0.5864 700.0000
13 54 0.5026 700.0000
13 55 0.8706 700.0000
13 56 0.6658 700.0000
13 84 0.6465 700.0000
13 85 0.7230 700.0000
13 86 0.5889 700.0000
13 87 0.5819 700.0000
14 49 0.8349 700.0000
14 50 0.6532 700.0000
14 51 0.7368 700.0000
14 52 0.5270 700.0000
14 53 0.5027 700.0000
14 54 0.7648 700.0000
14 84 0.8696 700.0000
14 85 0.6222 700.0000
14 86 0.8138 700.0000
14 87 0.6147 700.0000
15 17 0.6045 700.0000
15 18 0.7037 700.0000
15 19 0.8955 700.0000
15 22 0.7082 700.0000
15 26 0.8212 700.0000
15 51 0.8445 700.0000
15 52 0.4634 700.0000
15 53 0.7103 700.0000
15 54 0.6543 700.0000
15 75 0.8260 700.0000
15 82 0.6752 700.0000
15 83 0.6430 700.0000
15 84 0.6198 700.0000
15 85 0.6619 700.0000
16 18 0.7898 700.0000
16 52 0.8319 700.0000
16 77 0.7934 700.0000
16 80 0.8963 700.0000
16 81 0.8979 700.0000
16 82 0.5804 700.0000
16 83 0.6505 700.0000
17 19 0.7393 700.0000
17 21 0.8847 700.0000
17 22 0.6596 700.0000
17 52 0.7866 700.0000
17 77 0.6402 700.0000
17 78 0.7944 700.0000
17 82 0.7137 700.0000
18 20 0.7248 700.0000
18 22 0.6188 700.0000
18 51 0.6941 700.0000
18 52 0.5637 700.0000
18 53 0.8640 700.0000
18 54 0.7990 700.0000
19 21 0.7130 700.0000
19 22 0.4684 700.0000
19 23 0.6641 700.0000
19 24 0.8357 700.0000
19 45 0.7438 700.0000
19 52 0.7683 700.0000
19 54 0.7577 700.0000
20 22 0.5901 700.0000
20 23 0.5495 700.0000
20 24 0.5749 700.0000
20 45 0.8448 700.0000
21 23 0.8805 700.0000
21 24 0.6408 700.0000
21 25 0.5931 700.0000
21 77 0.6954 700.0000
21 78 0.7211 700.0000
22 24 0.7170 700.0000
22 25 0.5266 700.0000
22 26 0.5682 700.0000
22 52 0.8266 700.0000
22 54 0.7059 700.0000
22 75 0.7668 700.0000
22 77 0.7142 700.0000
22 82 0.8846 700.0000
23 25 0.7986 700.0000
23 26 0.6576 700.0000
23 27 0.5545 700.0000
23 42 0.8646 700.0000
23 43 0.4835 700.0000
23 44 0.6443 700.0000
23 45 0.6840 700.0000
23 54 0.7193 700.0000
24 26 0.8605 700.0000
24 27 0.6833 700.0000
24 28 0.8542 700.0000
24 43 0.8780 700.0000
25 27 0.8036 700.0000
25 28 0.6334 700.0000
25 29 0.8095 700.0000
25 75 0.5883 700.0000
25 76 0.6955 700.0000
25 77 0.6612 700.0000
26 28 0.6590 700.0000
26 29 0.6141 700.0000
26 30 0.5579 700.0000
26 31 0.8946 700.0000
26 43 0.6285 700.0000
26 54 0.6696 700.0000
26 56 0.8097 700.0000
26 75 0.6688 700.0000
26 84 0.7544 700.0000
27 29 0.8915 700.0000
27 30 0.7115 700.0000
27 31 0.5566 700.0000
27 41 0.5592 700.0000
27 42 0.6083 700.0000
27 43 0.4508 700.0000
27 44 0.8522 700.0000
27 56 0.8347 700.0000
28 30 0.6965 700.0000
28 31 0.4905 700.0000
28 32 0.6215 700.0000
28 35 0.8468 700.0000
28 41 0.8288 700.0000
29 31 0.7941 700.0000
29 32 0.5717 700.0000
29 33 0.8643 700.0000
29 35 0.4671 700.0000
29 36 0.4645 700.0000
29 37 0.8002 700.0000
29 38 0.8199 700.0000
29 67 0.8757 700.0000
29 73 0.6535 700.0000
29 74 0.7456 700.0000
29 75 0.6482 700.0000
29 84 0.7706 700.0000
30 32 0.6906 700.0000
30 35 0.7732 700.0000
30 36 0.5320 700.0000
30 37 0.7501 700.0000
30 38 0.6547 700.0000
30 39 0.6743 700.0000
30 41 0.6346 700.0000
30 43 0.7994 700.0000
30 56 0.6521 700.0000
30 58 0.7188 700.0000
30 63 0.8704 700.0000
30 67 0.6920 700.0000
30 73 0.7645 700.0000
30 84 0.8368 700.0000
31 33 0.8131 700.0000
31 36 0.8760 700.0000
31 38 0.7320 700.0000
31 39 0.4814 700.0000
31 40 0.6145 700.0000
31 41 0.4667 700.0000
31 42 0.8167 700.0000
31 43 0.8987 700.0000
31 58 0.8697 700.0000
32 34 0.5711 700.0000
32 35 0.4368 700.0000
32 36 0.5235 700.0000
32 37 0.6279 700.0000
32 38 0.5711 700.0000
32 39 0.6306 700.0000
33 35 0.5790 700.0000
33 36 0.5748 700.0000
33 37 0.4422 700.0000
33 38 0.4465 700.0000
33 39 0.6362 700.0000
33 63 0.8484 700.0000
33 66 0.7294 700.0000
34 36 0.7904 700.0000
34 37 0.7763 700.0000
34 38 0.8772 700.0000
35 37 0.6237 700.0000
35 38 0.7493 700.0000
35 70 0.8264 700.0000
35 73 0.8088 700.0000
35 74 0.8644 700.0000
36 38 0.4813 700.0000
36 39 0.7521 700.0000
36 63 0.8088 700.0000
36 66 0.7228 700.0000
36 67 0.5516 700.0000
36 70 0.6352 700.0000
36 73 0.6387 700.0000
37 39 0.6586 700.0000
37 62 0.8116 700.0000
37 63 0.5750 700.0000
37 66 0.3994 700.0000
37 67 0.5454 700.0000
37 70 0.7086 700.0000
38 40 0.8400 700.0000
38 41 0.8019 700.0000
38 58 0.7079 700.0000
38 60 0.7926 700.0000
38 62 0.7315 700.0000
38 63 0.4405 700.0000
38 64 0.8649 700.0000
38 66 0.4921 700.0000
38 67 0.6410 700.0000
39 41 0.5084 700.0000
39 58 0.5800 700.0000
39 59 0.7259 700.0000
39 60 0.6757 700.0000
39 62 0.8581 700.0000
39 63 0.5760 700.0000
39 66 0.8050 700.0000
40 42 0.8060 700.0000
40 58 0.7432 700.0000
40 59 0.5264 700.0000
40 60 0.6781 700.0000
41 43 0.6422 700.0000
41 56 0.6322 700.0000
41 57 0.6742 700.0000
41 58 0.5146 700.0000
41 59 0.6995 700.0000
41 63 0.8950 700.0000
42 44 0.6609 700.0000
42 55 0.7562 700.0000
42 56 0.6017 700.0000
42 57 0.4511 700.0000
42 58 0.7169 700.0000
42 59 0.8281 700.0000
43 45 0.7196 700.0000
43 54 0.6546 700.0000
43 55 0.7202 700.0000
43 56 0.5574 700.0000
43 57 0.7164 700.0000
44 46 0.6361 700.0000
44 53 0.8370 700.0000
44 54 0.5832 700.0000
44 55 0.4877 700.0000
44 56 0.6830 700.0000
44 57 0.7317 700.0000
45 47 0.5286 700.0000
45 48 0.8672 700.0000
45 52 0.8003 700.0000
45 53 0.6859 700.0000
45 54 0.5406 700.0000
45 55 0.7731 700.0000
46 48 0.6060 700.0000
46 49 0.4920 700.0000
46 50 0.6831 700.0000
46 52 0.8175 700.0000
46 53 0.5028 700.0000
46 54 0.6625 700.0000
46 55 0.5808 700.0000
47 49 0.7997 700.0000
47 50 0.6883 700.0000
47 51 0.7394 700.0000
47 52 0.8349 700.0000
47 53 0.7511 700.0000
47 54 0.8796 700.0000
48 50 0.7679 700.0000
49 51 0.7977 700.0000
49 52 0.8734 700.0000
49 53 0.5888 700.0000
50 52 0.5343 700.0000
50 53 0.4454 700.0000
50 54 0.8453 700.0000
51 53 0.5909 700.0000
51 54 0.8871 700.0000
52 54 0.4968 700.0000
53 55 0.8896 700.0000
53 87 0.8308 700.0000
54 56 0.7691 700.0000
55 57 0.5069 700.0000
56 58 0.5477 700.0000
56 64 0.8042 700.0000
57 59 0.7532 700.0000
58 60 0.6739 700.0000
58 61 0.8990 700.0000
58 62 0.7968 700.0000
58 63 0.5378 700.0000
58 64 0.5414 700.0000
58 67 0.8161 700.0000
59 62 0.8914 700.0000
59 63 0.7960 700.0000
60 62 0.5175 700.0000
60 63 0.5442 700.0000
60 64 0.8725 700.0000
60 66 0.8521 700.0000
61 63 0.7725 700.0000
61 64 0.6386 700.0000
61 65 0.5696 700.0000
62 64 0.6536 700.0000
62 65 0.4601 700.0000
62 66 0.4846 700.0000
62 67 0.8542 700.0000
63 65 0.5878 700.0000
63 66 0.4131 700.0000
63 67 0.6114 700.0000
63 68 0.8397 700.0000
64 66 0.7885 700.0000
64 67 0.6009 700.0000
64 68 0.5654 700.0000
65 67 0.7323 700.0000
65 68 0.6210 700.0000
65 69 0.7213 700.0000
66 68 0.8318 700.0000
66 69 0.7399 700.0000
66 70 0.8405 700.0000
67 69 0.7212 700.0000
67 70 0.5750 700.0000
67 71 0.6472 700.0000
67 73 0.6611 700.0000
67 86 0.7869 700.0000
68 70 0.7657 700.0000
68 71 0.6334 700.0000
68 73 0.8836 700.0000
68 86 0.6793 700.0000
69 71 0.7576 700.0000
70 72 0.5513 700.0000
70 73 0.5337 700.0000
71 73 0.4744 700.0000
71 84 0.8082 700.0000
71 85 0.8688 700.0000
71 86 0.6368 700.0000
72 74 0.7592 700.0000
72 84 0.8465 700.0000
73 75 0.8357 700.0000
73 83 0.7911 700.0000
73 84 0.4682 700.0000
73 85 0.7761 700.0000
73 86 0.7032 700.0000
74 76 0.7036 700.0000
74 81 0.6289 700.0000
74 82 0.6013 700.0000
74 83 0.6042 700.0000
74 84 0.6566 700.0000
75 77 0.5795 700.0000
75 81 0.6774 700.0000
75 82 0.4312 700.0000
75 83 0.6560 700.0000
75 84 0.6410 700.0000
76 78 0.7391 700.0000
76 79 0.6670 700.0000
76 80 0.7038 700.0000
76 81 0.5694 700.0000
76 82 0.6486 700.0000
77 79 0.7187 700.0000
77 80 0.5788 700.0000
77 81 0.6717 700.0000
77 82 0.5493 700.0000
78 80 0.5653 700.0000
78 81 0.8874 700.0000
78 82 0.8971 700.0000
79 81 0.8453 700.0000
80 82 0.7031 700.0000
81 83 0.6752 700.0000
82 84 0.6590 700.0000
82 85 0.8745 700.0000
83 85 0.5460 700.0000
84 86 0.6596 700.0000
85 87 0.7912 700.0000
138 140 0.6807 700.0000
138 174 0.7621 700.0000
138 175 0.5628 700.0000
138 176 0.4209 700.0000
138 177 0.6374 700.0000
138 178 0.6314 700.0000
138 179 0.8913 700.0000
138 180 0.8580 700.0000
138 181 0.5874 700.0000
139 141 0.6663 700.0000
139 165 0.8796 700.0000
139 173 0.6826 700.0000
139 174 0.5757 700.0000
139 175 0.5028 700.0000
139 176 0.6592 700.0000
139 181 0.7727 700.0000
140 142 0.5822 700.0000
140 165 0.8568 700.0000
140 173 0.5399 700.0000
140 174 0.4175 700.0000
140 175 0.7000 700.0000
140 176 0.8530 700.0000
140 181 0.6703 700.0000
140 184 0.8604 700.0000
141 143 0.8187 700.0000
141 144 0.8998 700.0000
141 165 0.8671 700.0000
141 172 0.7218 700.0000
141 173 0.4679 700.0000
141 174 0.7074 700.0000
142 144 0.5554 700.0000
142 146 0.8937 700.0000
142 147 0.7071 700.0000
142 152 0.6581 700.0000
142 171 0.6602 700.0000
142 172 0.6042 700.0000
142 173 0.6092 700.0000
142 174 0.6649 700.0000
142 184 0.8869 700.0000
142 188 0.8266 700.0000
143 145 0.4903 700.0000
143 146 0.4564 700.0000
143 147 0.5521 700.0000
143 152 0.8726 700.0000
143 188 0.8883 700.0000
144 146 0.6750 700.0000
144 147 0.6071 700.0000
144 148 0.7694 700.0000
144 149 0.9000 700.0000
144 152 0.6021 700.0000
144 169 0.6583 700.0000
144 170 0.7649 700.0000
144 171 0.7834 700.0000
144 172 0.6208 700.0000
145 147 0.7155 700.0000
146 148 0.8168 700.0000
146 151 0.8877 700.0000
146 188 0.8323 700.0000
146 192 0.5878 700.0000
146 195 0.8463 700.0000
147 151 0.5355 700.0000
147 152 0.5937 700.0000
147 187 0.8825 700.0000
147 188 0.5643 700.0000
147 189 0.8765 700.0000
147 191 0.7392 700.0000
147 192 0.6994 700.0000
148 150 0.4372 700.0000
148 151 0.3860 700.0000
148 152 0.4971 700.0000
148 153 0.8099 700.0000
148 169 0.7609 700.0000
148 170 0.8901 700.0000
148 191 0.8852 700.0000
149 151 0.7790 700.0000
149 152 0.5290 700.0000
149 153 0.6600 700.0000
149 167 0.8628 700.0000
149 168 0.8679 700.0000
149 169 0.4892 700.0000
149 170 0.5285 700.0000
149 171 0.7236 700.0000
150 152 0.6642 700.0000
150 153 0.6255 700.0000
150 154 0.8994 700.0000
150 169 0.8818 700.0000
151 153 0.7043 700.0000
151 154 0.7610 700.0000
151 155 0.8482 700.0000
151 187 0.7147 700.0000
151 188 0.6871 700.0000
151 191 0.5693 700.0000
152 155 0.7408 700.0000
152 169 0.6671 700.0000
152 170 0.5583 700.0000
152 171 0.4381 700.0000
152 172 0.7623 700.0000
152 188 0.8630 700.0000
153 155 0.5234 700.0000
153 156 0.5457 700.0000
153 157 0.7287 700.0000
153 164 0.8694 700.0000
153 170 0.8014 700.0000
153 171 0.6297 700.0000
154 156 0.6527 700.0000
154 157 0.4495 700.0000
154 158 0.5727 700.0000
154 159 0.8571 700.0000
154 187 0.6770 700.0000
155 157 0.6427 700.0000
155 158 0.5599 700.0000
155 159 0.5713 700.0000
155 160 0.8437 700.0000
155 162 0.7078 700.0000
155 164 0.8292 700.0000
155 171 0.7165 700.0000
155 174 0.7797 700.0000
155 184 0.5718 700.0000
155 187 0.7150 700.0000
155 188 0.8233 700.0000
156 158 0.6673 700.0000
156 159 0.5908 700.0000
156 160 0.5658 700.0000
156 161 0.8275 700.0000
156 162 0.6741 700.0000
156 164 0.7197 700.0000
156 171 0.8663 700.0000
157 159 0.6416 700.0000
157 160 0.6319 700.0000
158 160 0.7043 700.0000
158 162 0.8808 700.0000
158 180 0.7589 700.0000
158 183 0.6167 700.0000
158 184 0.6788 700.0000
158 187 0.7099 700.0000
159 161 0.5553 700.0000
159 162 0.5166 700.0000
159 180 0.5058 700.0000
159 181 0.8498 700.0000
159 183 0.6413 700.0000
159 184 0.6873 700.0000
160 162 0.6022 700.0000
160 180 0.8481 700.0000
161 163 0.7020 700.0000
161 175 0.8667 700.0000
161 176 0.7669 700.0000
161 177 0.7653 700.0000
161 180 0.6873 700.0000
162 164 0.6380 700.0000
162 174 0.6183 700.0000
162 175 0.5981 700.0000
162 176 0.6354 700.0000
162 177 0.8103 700.0000
162 180 0.6560 700.0000
162 181 0.8364 700.0000
162 184 0.8681 700.0000
163 165 0.8264 700.0000
163 174 0.7848 700.0000
163 175 0.4347 700.0000
163 176 0.6334 700.0000
164 166 0.5154 700.0000
164 170 0.8479 700.0000
164 171 0.5975 700.0000
164 173 0.8374 700.0000
164 174 0.7102 700.0000
164 175 0.8440 700.0000
165 167 0.7889 700.0000
165 170 0.8939 700.0000
165 171 0.7211 700.0000
165 172 0.6150 700.0000
165 173 0.4013 700.0000
165 174 0.6548 700.0000
165 175 0.7649 700.0000
166 168 0.8712 700.0000
166 169 0.8883 700.0000
166 170 0.4883 700.0000
166 171 0.5345 700.0000
166 172 0.6937 700.0000
166 173 0.8700 700.0000
167 169 0.5971 700.0000
167 170 0.3739 700.0000
167 171 0.6578 700.0000
167 172 0.5272 700.0000
168 170 0.6521 700.0000
169 171 0.7615 700.0000
169 172 0.7487 700.0000
170 172 0.5578 700.0000
171 173 0.7183 700.0000
171 174 0.7321 700.0000
172 174 0.8583 700.0000
173 175 0.7906 700.0000
174 176 0.7032 700.0000
174 181 0.6726 700.0000
174 184 0.7587 700.0000
175 177 0.7596 700.0000
175 180 0.8943 700.0000
175 181 0.7970 700.0000
176 178 0.7778 700.0000
176 179 0.8159 700.0000
176 180 0.6332 700.0000
176 181 0.6329 700.0000
177 179 0.5237 700.0000
177 180 0.5170 700.0000
177 181 0.7147 700.0000
178 180 0.7220 700.0000
178 181 0.5517 700.0000
178 182 0.5461 700.0000
178 183 0.8912 700.0000
179 181 0.6916 700.0000
179 182 0.5907 700.0000
179 183 0.6417 700.0000
180 182 0.7191 700.0000
180 183 0.4700 700.0000
180 184 0.6589 700.0000
181 183 0.7272 700.0000
181 184 0.5069 700.0000
181 185 0.7184 700.0000
182 184 0.7273 700.0000
182 185 0.6455 700.0000
182 186 0.6624 700.0000
183 186 0.7183 700.0000
184 186 0.7202 700.0000
184 187 0.5993 700.0000
184 188 0.6011 700.0000
184 189 0.8962 700.0000
185 187 0.8011 700.0000
185 188 0.5928 700.0000
185 189 0.5546 700.0000
185 190 0.8785 700.0000
186 188 0.7443 700.0000
186 189 0.6040 700.0000
186 190 0.5531 700.0000
187 189 0.6667 700.0000
187 190 0.5635 700.0000
187 191 0.5412 700.0000
188 190 0.6880 700.0000
188 191 0.5829 700.0000
188 192 0.7417 700.0000
189 191 0.6672 700.0000
189 192 0.5905 700.0000
189 193 0.6020 700.0000
189 194 0.8871 700.0000
190 192 0.8473 700.0000
190 193 0.6597 700.0000
190 194 0.6669 700.0000
191 193 0.7142 700.0000
191 194 0.4911 700.0000
191 195 0.6775 700.0000
192 194 0.7642 700.0000
192 195 0.5460 700.0000
192 196 0.5231 700.0000
193 195 0.6199 700.0000
193 196 0.5359 700.0000
193 197 0.6932 700.0000
194 196 0.7981 700.0000
194 197 0.6296 700.0000
194 198 0.6193 700.0000
195 197 0.6657 700.0000
195 198 0.5264 700.0000
195 199 0.5899 700.0000
195 200 0.8540 700.0000
196 198 0.7940 700.0000
196 199 0.6144 700.0000
196 200 0.6206 700.0000
197 199 0.7814 700.0000
197 200 0.5884 700.0000
197 201 0.5496 700.0000
198 200 0.7895 700.0000
198 201 0.7462 700.0000
199 201 0.8496 700.0000
233 235 0.6631 700.0000
233 278 0.5828 700.0000
233 279 0.7260 700.0000
233 280 0.6946 700.0000
233 287 0.8491 700.0000
234 236 0.8343 700.0000
234 277 0.8986 700.0000
234 278 0.6936 700.0000
234 279 0.5508 700.0000
234 280 0.8095 700.0000
234 287 0.6095 700.0000
234 288 0.7087 700.0000
234 291 0.5683 700.0000
235 237 0.6616 700.0000
235 276 0.6752 700.0000
235 277 0.7771 700.0000
235 278 0.6741 700.0000
235 279 0.8372 700.0000
235 291 0.8143 700.0000
236 238 0.5878 700.0000
236 275 0.8111 700.0000
236 276 0.6971 700.0000
236 277 0.5131 700.0000
236 278 0.8487 700.0000
236 279 0.7504 700.0000
236 291 0.5862 700.0000
236 294 0.6532 700.0000
236 295 0.6991 700.0000
236 298 0.8033 700.0000
237 239 0.7295 700.0000
237 270 0.6816 700.0000
237 271 0.8049 700.0000
237 274 0.5333 700.0000
237 275 0.5855 700.0000
237 276 0.5311 700.0000
237 277 0.7260 700.0000
238 240 0.6964 700.0000
238 241 0.8242 700.0000
238 242 0.7519 700.0000
238 243 0.6305 700.0000
238 274 0.5427 700.0000
238 275 0.4480 700.0000
238 276 0.7058 700.0000
238 277 0.6963 700.0000
238 298 0.7198 700.0000
239 241 0.5362 700.0000
239 242 0.4952 700.0000
239 243 0.7168 700.0000
239 244 0.8785 700.0000
239 273 0.6750 700.0000
239 274 0.5029 700.0000
239 275 0.6342 700.0000
239 298 0.8468 700.0000
239 302 0.8970 700.0000
240 242 0.7408 700.0000
240 243 0.5874 700.0000
240 244 0.5113 700.0000
240 269 0.7453 700.0000
240 271 0.8772 700.0000
240 272 0.8640 700.0000
240 273 0.5231 700.0000
240 274 0.6303 700.0000
240 275 0.5848 700.0000
241 243 0.7095 700.0000
241 244 0.5031 700.0000
241 245 0.7986 700.0000
241 273 0.6866 700.0000
241 274 0.8652 700.0000
242 244 0.8019 700.0000
242 245 0.7054 700.0000
242 246 0.8991 700.0000
242 298 0.7500 700.0000
242 302 0.5343 700.0000
243 245 0.8607 700.0000
243 246 0.5872 700.0000
243 247 0.5663 700.0000
243 267 0.7936 700.0000
243 275 0.6159 700.0000
243 277 0.8138 700.0000
243 298 0.7342 700.0000
244 246 0.8515 700.0000
244 247 0.6433 700.0000
244 248 0.8030 700.0000
245 247 0.8526 700.0000
245 248 0.5942 700.0000
245 249 0.5248 700.0000
245 250 0.7998 700.0000
245 301 0.7018 700.0000
245 302 0.6908 700.0000
246 248 0.8733 700.0000
246 249 0.6227 700.0000
246 250 0.4492 700.0000
246 251 0.7330 700.0000
246 253 0.6995 700.0000
246 254 0.7789 700.0000
246 294 0.7523 700.0000
246 297 0.7497 700.0000
246 298 0.5341 700.0000
246 301 0.6020 700.0000
246 302 0.7446 700.0000
247 249 0.7851 700.0000
247 250 0.6794 700.0000
247 251 0.5368 700.0000
247 252 0.8561 700.0000
247 254 0.7628 700.0000
248 250 0.7868 700.0000
248 251 0.7698 700.0000
249 251 0.6726 700.0000
249 301 0.7014 700.0000
250 252 0.6543 700.0000
250 253 0.5230 700.0000
250 254 0.8120 700.0000
250 297 0.7860 700.0000
250 301 0.7007 700.0000
251 253 0.6857 700.0000
251 254 0.7501 700.0000
251 255 0.7974 700.0000
252 254 0.7007 700.0000
252 255 0.5638 700.0000
252 256 0.6672 700.0000
253 255 0.7218 700.0000
253 256 0.5014 700.0000
253 257 0.6071 700.0000
253 293 0.8178 700.0000
253 294 0.7747 700.0000
253 297 0.6246 700.0000
254 256 0.6055 700.0000
254 257 0.5592 700.0000
254 258 0.5862 700.0000
254 265 0.6249 700.0000
254 294 0.7124 700.0000
255 257 0.6761 700.0000
255 258 0.4994 700.0000
255 259 0.6147 700.0000
255 265 0.8310 700.0000
256 258 0.6185 700.0000
256 259 0.5491 700.0000
256 260 0.6467 700.0000
256 261 0.8105 700.0000
257 259 0.7188 700.0000
257 260 0.6036 700.0000
257 261 0.5567 700.0000
257 262 0.8242 700.0000
257 263 0.6844 700.0000
257 265 0.7849 700.0000
257 289 0.8406 700.0000
257 290 0.5768 700.0000
257 293 0.6330 700.0000
257 294 0.7179 700.0000
258 261 0.7807 700.0000
258 262 0.6408 700.0000
258 263 0.4619 700.0000
258 264 0.5383 700.0000
258 265 0.5494 700.0000
258 279 0.8780 700.0000
258 290 0.8673 700.0000
259 261 0.8422 700.0000
259 262 0.7447 700.0000
259 263 0.8168 700.0000
260 262 0.8610 700.0000
260 289 0.8342 700.0000
260 290 0.8123 700.0000
260 293 0.8224 700.0000
261 263 0.6151 700.0000
261 285 0.8112 700.0000
261 286 0.5231 700.0000
261 287 0.7860 700.0000
261 289 0.5451 700.0000
261 290 0.5042 700.0000
261 293 0.7694 700.0000
262 264 0.6685 700.0000
262 280 0.8055 700.0000
262 281 0.6337 700.0000
262 282 0.7223 700.0000
262 283 0.7694 700.0000
262 286 0.6010 700.0000
262 287 0.8085 700.0000
262 290 0.8534 700.0000
263 265 0.6355 700.0000
263 279 0.6778 700.0000
263 280 0.5797 700.0000
263 281 0.5924 700.0000
263 282 0.8422 700.0000
263 286 0.7136 700.0000
263 287 0.6698 700.0000
263 290 0.6922 700.0000
264 266 0.7147 700.0000
264 278 0.8815 700.0000
264 279 0.7405 700.0000
264 280 0.4621 700.0000
264 281 0.7260 700.0000
265 267 0.6397 700.0000
265 277 0.6075 700.0000
265 278 0.6686 700.0000
265 279 0.5184 700.0000
265 280 0.6874 700.0000
265 290 0.8859 700.0000
265 294 0.8536 700.0000
266 268 0.5609 700.0000
266 276 0.7757 700.0000
266 277 0.7245 700.0000
266 278 0.4921 700.0000
266 279 0.8110 700.0000
266 280 0.7484 700.0000
267 269 0.8048 700.0000
267 275 0.6768 700.0000
267 276 0.6536 700.0000
267 277 0.5677 700.0000
267 278 0.7345 700.0000
268 270 0.6699 700.0000
268 275 0.7092 700.0000
268 276 0.5158 700.0000
268 277 0.7530 700.0000
268 278 0.6804 700.0000
269 271 0.5936 700.0000
269 272 0.7189 700.0000
269 273 0.8119 700.0000
269 274 0.7386 700.0000
269 275 0.5838 700.0000
269 276 0.7777 700.0000
270 272 0.6779 700.0000
270 273 0.8873 700.0000
270 274 0.5605 700.0000
270 275 0.6126 700.0000
270 276 0.5774 700.0000
271 273 0.6133 700.0000
271 274 0.4497 700.0000
271 275 0.7181 700.0000
271 276 0.8598 700.0000
272 274 0.6144 700.0000
273 275 0.8208 700.0000
274 276 0.7592 700.0000
275 277 0.6097 700.0000
276 278 0.5446 700.0000
276 279 0.8906 700.0000
277 279 0.5832 700.0000
277 291 0.8572 700.0000
277 294 0.7442 700.0000
278 280 0.6766 700.0000
279 281 0.8140 700.0000
279 287 0.5705 700.0000
279 288 0.8684 700.0000
279 290 0.6523 700.0000
279 291 0.6009 700.0000
279 294 0.8029 700.0000
280 282 0.7897 700.0000
280 287 0.6750 700.0000
281 283 0.6691 700.0000
281 284 0.6465 700.0000
281 285 0.7922 700.0000
281 286 0.6688 700.0000
281 287 0.5341 700.0000
282 284 0.7259 700.0000
282 285 0.8884 700.0000
282 286 0.7520 700.0000
282 287 0.8505 700.0000
283 285 0.6467 700.0000
283 286 0.5286 700.0000
283 287 0.8840 700.0000
284 286 0.5951 700.0000
284 287 0.5459 700.0000
284 288 0.6690 700.0000
285 287 0.5407 700.0000
285 288 0.5487 700.0000
285 289 0.6095 700.0000
285 290 0.8154 700.0000
286 288 0.7673 700.0000
286 289 0.6016 700.0000
286 290 0.7078 700.0000
287 289 0.6245 700.0000
287 290 0.5723 700.0000
287 291 0.6794 700.0000
288 290 0.6567 700.0000
288 291 0.5474 700.0000
288 292 0.6119 700.0000
289 291 0.7181 700.0000
289 292 0.4920 700.0000
289 293 0.6016 700.0000
290 292 0.6164 700.0000
290 293 0.5005 700.0000
290 294 0.6847 700.0000
290 295 0.8343 700.0000
291 293 0.8139 700.0000
291 294 0.7233 700.0000
291 295 0.6971 700.0000
292 294 0.8517 700.0000
292 295 0.6437 700.0000
292 296 0.7135 700.0000
293 295 0.5634 700.0000
293 296 0.5419 700.0000
293 297 0.5901 700.0000
294 296 0.6892 700.0000
294 297 0.6635 700.0000
294 298 0.5665 700.0000
295 297 0.6445 700.0000
295 298 0.5622 700.0000
295 299 0.5808 700.0000
295 300 0.8914 700.0000
296 298 0.7182 700.0000
296 299 0.5433 700.0000
296 300 0.6042 700.0000
296 301 0.8424 700.0000
297 299 0.7800 700.0000
297 300 0.5333 700.0000
297 301 0.6111 700.0000
298 300 0.8190 700.0000
298 301 0.6283 700.0000
298 302 0.5085 700.0000
299 301 0.7463 700.0000
299 302 0.5979 700.0000
300 302 0.7547 700.0000
305 307 0.7957 700.0000
305 344 0.6060 700.0000
305 345 0.4359 700.0000
305 346 0.6215 700.0000
305 347 0.8744 700.0000
306 308 0.6491 700.0000
306 343 0.8987 700.0000
306 344 0.7472 700.0000
306 345 0.5390 700.0000
306 346 0.6464 700.0000
306 347 0.5220 700.0000
306 350 0.7051 700.0000
307 309 0.6465 700.0000
307 342 0.6279 700.0000
307 343 0.6475 700.0000
307 344 0.5471 700.0000
307 345 0.7511 700.0000
307 350 0.8939 700.0000
308 310 0.7324 700.0000
308 342 0.7516 700.0000
308 343 0.5288 700.0000
308 344 0.8064 700.0000
308 345 0.8077 700.0000
308 347 0.7602 700.0000
308 350 0.5533 700.0000
308 351 0.8334 700.0000
308 354 0.6870 700.0000
309 311 0.6897 700.0000
309 340 0.5811 700.0000
309 341 0.6504 700.0000
309 342 0.5207 700.0000
309 343 0.6183 700.0000
309 354 0.8855 700.0000
310 312 0.6037 700.0000
310 339 0.7565 700.0000
310 340 0.5956 700.0000
310 341 0.4501 700.0000
310 342 0.7092 700.0000
310 343 0.6803 700.0000
310 354 0.6495 700.0000
310 357 0.7229 700.0000
311 313 0.7188 700.0000
311 338 0.8328 700.0000
311 339 0.5697 700.0000
311 340 0.5130 700.0000
311 341 0.6428 700.0000
312 314 0.6612 700.0000
312 315 0.7412 700.0000
312 317 0.6703 700.0000
312 318 0.5754 700.0000
312 321 0.8242 700.0000
312 338 0.7909 700.0000
312 339 0.4614 700.0000
312 340 0.7200 700.0000
312 341 0.6421 700.0000
312 357 0.7806 700.0000
312 361 0.6692 700.0000
313 315 0.6747 700.0000
313 317 0.6651 700.0000
313 318 0.8063 700.0000
313 338 0.8220 700.0000
313 339 0.6264 700.0000
313 361 0.8291 700.0000
314 316 0.4957 700.0000
314 317 0.4238 700.0000
314 318 0.6408 700.0000
314 319 0.8623 700.0000
314 338 0.8278 700.0000
314 339 0.6930 700.0000
315 317 0.6403 700.0000
315 318 0.5255 700.0000
315 319 0.6112 700.0000
315 336 0.6795 700.0000
315 338 0.5568 700.0000
315 339 0.5248 700.0000
316 318 0.7089 700.0000
316 319 0.6670 700.0000
316 320 0.7781 700.0000
317 319 0.7737 700.0000
317 320 0.6154 700.0000
317 321 0.6680 700.0000
317 339 0.8581 700.0000
317 361 0.7422 700.0000
318 320 0.6529 700.0000
318 321 0.5640 700.0000
318 322 0.6282 700.0000
318 323 0.8447 700.0000
318 336 0.5947 700.0000
318 338 0.8028 700.0000
318 339 0.5637 700.0000
318 341 0.6324 700.0000
319 321 0.7876 700.0000
319 322 0.5116 700.0000
319 323 0.6268 700.0000
319 336 0.5374 700.0000
319 339 0.8137 700.0000
319 341 0.8647 700.0000
320 322 0.8096 700.0000
320 323 0.5762 700.0000
320 324 0.5808 700.0000
321 323 0.7640 700.0000
321 324 0.4949 700.0000
321 325 0.5786 700.0000
321 341 0.8462 700.0000
321 353 0.8678 700.0000
321 356 0.6706 700.0000
321 357 0.6103 700.0000
321 360 0.7781 700.0000
321 361 0.7686 700.0000
322 324 0.7888 700.0000
322 325 0.6343 700.0000
322 326 0.5530 700.0000
322 333 0.8891 700.0000
322 334 0.4749 700.0000
322 335 0.8092 700.0000
322 336 0.6473 700.0000
322 341 0.7143 700.0000
323 325 0.7549 700.0000
323 326 0.6443 700.0000
323 327 0.7656 700.0000
324 326 0.7769 700.0000
324 327 0.7163 700.0000
324 328 0.7443 700.0000
324 356 0.7502 700.0000
325 327 0.7705 700.0000
325 328 0.5715 700.0000
325 329 0.5071 700.0000
325 332 0.7042 700.0000
325 334 0.6902 700.0000
325 343 0.8985 700.0000
325 352 0.8608 700.0000
325 353 0.6133 700.0000
325 356 0.6569 700.0000
325 357 0.8098 700.0000
326 328 0.7688 700.0000
326 329 0.6541 700.0000
326 330 0.6632 700.0000
326 332 0.6294 700.0000
326 333 0.7740 700.0000
326 334 0.5709 700.0000
327 329 0.8180 700.0000
327 330 0.7603 700.0000
328 330 0.7710 700.0000
328 349 0.8968 700.0000
328 352 0.8313 700.0000
328 353 0.8141 700.0000
328 356 0.7460 700.0000
329 331 0.7648 700.0000
329 332 0.5298 700.0000
329 334 0.8904 700.0000
329 349 0.5472 700.0000
329 350 0.8442 700.0000
329 352 0.6727 700.0000
329 353 0.6274 700.0000
329 356 0.8368 700.0000
330 332 0.6556 700.0000
330 349 0.8576 700.0000
331 333 0.8925 700.0000
331 345 0.7790 700.0000
331 346 0.7256 700.0000
331 349 0.6759 700.0000
332 334 0.5509 700.0000
332 343 0.6196 700.0000
332 344 0.6129 700.0000
332 345 0.6042 700.0000
332 346 0.7481 700.0000
332 349 0.5766 700.0000
332 350 0.7018 700.0000
332 353 0.8031 700.0000
333 335 0.6081 700.0000
333 342 0.7316 700.0000
333 343 0.6850 700.0000
333 344 0.4496 700.0000
333 345 0.7383 700.0000
334 336 0.7879 700.0000
334 341 0.6390 700.0000
334 342 0.6077 700.0000
334 343 0.5751 700.0000
334 344 0.7374 700.0000
335 337 0.7379 700.0000
335 340 0.8623 700.0000
335 341 0.7352 700.0000
335 342 0.4635 700.0000
335 343 0.7828 700.0000
335 344 0.7927 700.0000
336 338 0.5746 700.0000
336 339 0.5607 700.0000
336 340 0.6941 700.0000
336 341 0.6043 700.0000
336 342 0.7857 700.0000
337 339 0.6813 700.0000
337 340 0.5781 700.0000
337 341 0.8524 700.0000
337 342 0.8266 700.0000
338 340 0.5677 700.0000
338 341 0.8335 700.0000
339 341 0.5831 700.0000
340 342 0.6168 700.0000
341 343 0.5974 700.0000
341 357 0.8613 700.0000
342 344 0.6797 700.0000
343 345 0.6926 700.0000
343 349 0.8789 700.0000
343 350 0.5450 700.0000
343 353 0.7581 700.0000
343 354 0.7481 700.0000
344 346 0.7873 700.0000
344 350 0.7854 700.0000
345 347 0.6927 700.0000
345 348 0.8381 700.0000
345 349 0.6177 700.0000
345 350 0.5822 700.0000
346 348 0.5073 700.0000
346 349 0.4311 700.0000
346 350 0.5957 700.0000
346 351 0.8205 700.0000
347 349 0.7097 700.0000
347 350 0.5122 700.0000
347 351 0.5631 700.0000
347 352 0.8962 700.0000
348 350 0.6695 700.0000
348 351 0.5700 700.0000
348 352 0.7166 700.0000
349 351 0.6475 700.0000
349 352 0.6024 700.0000
349 353 0.7030 700.0000
350 352 0.6212 700.0000
350 353 0.5799 700.0000
350 354 0.5789 700.0000
351 353 0.5611 700.0000
351 354 0.5226 700.0000
351 355 0.6477 700.0000
352 354 0.6271 700.0000
352 355 0.4913 700.0000
352 356 0.6616 700.0000
352 357 0.8325 700.0000
353 355 0.6093 700.0000
353 356 0.5370 700.0000
353 357 0.5708 700.0000
353 358 0.8233 700.0000
354 356 0.8492 700.0000
354 357 0.5790 700.0000
354 358 0.6970 700.0000
355 357 0.7155 700.0000
355 358 0.5607 700.0000
355 359 0.5435 700.0000
356 358 0.6964 700.0000
356 359 0.5569 700.0000
356 360 0.7000 700.0000
356 361 0.8988 700.0000
357 359 0.6792 700.0000
357 360 0.6052 700.0000
357 361 0.5496 700.0000
358 360 0.5738 700.0000
358 361 0.6115 700.0000
358 362 0.7067 700.0000
359 361 0.8092 700.0000
359 362 0.8169 700.0000
360 362 0.5877 700.0000
378 380 0.6379 700.0000
378 416 0.7869 700.0000
378 417 0.6382 700.0000
378 418 0.4258 700.0000
378 419 0.7478 700.0000
378 420 0.7455 700.0000
378 434 0.5748 700.0000
378 437 0.6708 700.0000
378 438 0.7650 700.0000
379 381 0.8647 700.0000
379 412 0.8231 700.0000
379 415 0.5009 700.0000
379 416 0.6540 700.0000
379 417 0.5316 700.0000
379 418 0.7496 700.0000
380 382 0.6149 700.0000
380 383 0.8330 700.0000
380 384 0.7291 700.0000
380 385 0.6617 700.0000
380 415 0.5787 700.0000
380 416 0.4389 700.0000
380 417 0.6659 700.0000
380 418 0.7214 700.0000
380 441 0.7416 700.0000
381 383 0.4675 700.0000
381 384 0.5416 700.0000
381 385 0.7812 700.0000
381 386 0.8443 700.0000
381 413 0.8922 700.0000
381 414 0.6335 700.0000
381 415 0.6159 700.0000
381 416 0.6683 700.0000
382 384 0.7098 700.0000
382 385 0.5962 700.0000
382 386 0.5517 700.0000
382 387 0.8958 700.0000
382 411 0.6224 700.0000
382 413 0.6876 700.0000
382 414 0.6238 700.0000
382 415 0.6469 700.0000
382 416 0.4926 700.0000
382 417 0.8960 700.0000
383 385 0.7102 700.0000
383 386 0.4923 700.0000
383 387 0.6030 700.0000
383 388 0.8692 700.0000
383 414 0.8082 700.0000
383 416 0.8552 700.0000
384 386 0.7739 700.0000
384 387 0.5431 700.0000
384 388 0.6039 700.0000
384 441 0.6758 700.0000
384 444 0.8720 700.0000
384 445 0.6672 700.0000
385 387 0.7429 700.0000
385 388 0.5852 700.0000
385 389 0.4732 700.0000
385 390 0.8554 700.0000
385 392 0.6058 700.0000
385 393 0.7938 700.0000
385 409 0.8050 700.0000
385 411 0.8641 700.0000
385 416 0.5720 700.0000
385 418 0.8365 700.0000
385 441 0.7790 700.0000
386 388 0.7644 700.0000
386 389 0.5489 700.0000
386 411 0.8622 700.0000
386 416 0.8524 700.0000
387 389 0.7443 700.0000
387 390 0.8745 700.0000
387 445 0.8594 700.0000
388 390 0.6435 700.0000
388 391 0.5683 700.0000
388 392 0.5448 700.0000
388 440 0.8755 700.0000
388 441 0.6463 700.0000
388 444 0.5683 700.0000
388 445 0.6635 700.0000
388 447 0.8323 700.0000
389 391 0.8129 700.0000
389 392 0.6268 700.0000
389 393 0.5768 700.0000
390 392 0.6325 700.0000
390 393 0.5792 700.0000
390 394 0.6836 700.0000
391 393 0.7675 700.0000
391 394 0.6175 700.0000
391 395 0.7088 700.0000
391 440 0.7860 700.0000
391 443 0.8663 700.0000
391 444 0.6198 700.0000
391 447 0.7683 700.0000
392 394 0.7258 700.0000
392 395 0.6060 700.0000
392 396 0.6190 700.0000
392 437 0.6412 700.0000
392 440 0.6728 700.0000
392 441 0.6681 700.0000
392 444 0.7821 700.0000
393 395 0.7607 700.0000
393 396 0.5325 700.0000
393 397 0.7179 700.0000
393 409 0.8659 700.0000
394 396 0.7300 700.0000
394 397 0.6244 700.0000
394 398 0.6379 700.0000
395 397 0.6541 700.0000
395 398 0.4791 700.0000
395 399 0.5886 700.0000
395 436 0.7159 700.0000
395 437 0.7232 700.0000
395 440 0.6262 700.0000
396 398 0.7108 700.0000
396 399 0.5173 700.0000
396 400 0.5762 700.0000
396 405 0.8624 700.0000
396 407 0.6425 700.0000
396 409 0.8859 700.0000
396 418 0.8464 700.0000
396 420 0.7716 700.0000
396 433 0.8629 700.0000
396 437 0.6849 700.0000
397 399 0.6007 700.0000
397 400 0.4746 700.0000
397 401 0.5477 700.0000
397 405 0.8987 700.0000
397 407 0.8553 700.0000
398 400 0.7689 700.0000
398 401 0.5893 700.0000
398 402 0.6674 700.0000
399 401 0.7037 700.0000
399 402 0.5868 700.0000
399 403 0.5275 700.0000
399 405 0.6469 700.0000
399 407 0.8698 700.0000
399 420 0.7530 700.0000
399 433 0.5457 700.0000
399 436 0.6259 700.0000
399 437 0.7668 700.0000
400 403 0.8034 700.0000
400 404 0.7100 700.0000
400 405 0.4410 700.0000
400 406 0.5700 700.0000
400 407 0.5760 700.0000
400 420 0.7817 700.0000
400 423 0.8057 700.0000
400 433 0.8971 700.0000
401 403 0.8462 700.0000
401 404 0.7605 700.0000
401 405 0.8201 700.0000
402 429 0.8688 700.0000
402 432 0.8551 700.0000
402 433 0.8339 700.0000
402 436 0.8062 700.0000
403 405 0.6472 700.0000
403 429 0.4794 700.0000
403 430 0.7369 700.0000
403 431 0.8509 700.0000
403 432 0.5752 700.0000
403 433 0.5410 700.0000
403 436 0.7646 700.0000
404 406 0.7394 700.0000
404 422 0.6290 700.0000
404 423 0.4207 700.0000
404 424 0.6474 700.0000
404 427 0.7593 700.0000
404 429 0.7420 700.0000
405 407 0.6530 700.0000
405 420 0.6018 700.0000
405 421 0.6819 700.0000
405 422 0.5588 700.0000
405 423 0.5454 700.0000
405 428 0.8831 700.0000
405 429 0.7336 700.0000
405 430 0.7118 700.0000
405 433 0.7327 700.0000
406 408 0.6753 700.0000
406 419 0.7918 700.0000
406 420 0.6971 700.0000
406 421 0.5097 700.0000
406 422 0.6464 700.0000
406 423 0.5213 700.0000
407 409 0.6542 700.0000
407 418 0.7525 700.0000
407 419 0.6146 700.0000
407 420 0.5666 700.0000
407 421 0.7183 700.0000
408 410 0.7133 700.0000
408 417 0.8707 700.0000
408 418 0.7542 700.0000
408 419 0.4548 700.0000
408 420 0.7515 700.0000
408 421 0.6683 700.0000
409 411 0.7800 700.0000
409 416 0.6846 700.0000
409 417 0.6355 700.0000
409 418 0.5593 700.0000
409 419 0.7280 700.0000
410 412 0.5959 700.0000
410 413 0.8943 700.0000
410 415 0.8720 700.0000
410 416 0.5536 700.0000
410 417 0.3954 700.0000
410 418 0.6695 700.0000
410 419 0.7893 700.0000
411 413 0.5162 700.0000
411 414 0.8582 700.0000
411 415 0.7613 700.0000
411 416 0.5389 700.0000
411 417 0.7151 700.0000
412 414 0.8922 700.0000
412 415 0.5946 700.0000
412 416 0.7255 700.0000
412 417 0.5861 700.0000
413 415 0.5670 700.0000
413 416 0.7604 700.0000
414 416 0.8818 700.0000
415 417 0.6340 700.0000
416 418 0.6351 700.0000
417 419 0.7171 700.0000
418 420 0.6008 700.0000
418 434 0.7231 700.0000
418 437 0.6850 700.0000
419 421 0.5639 700.0000
419 434 0.7579 700.0000
420 422 0.8534 700.0000
420 430 0.5954 700.0000
420 431 0.8568 700.0000
420 433 0.5544 700.0000
420 434 0.4635 700.0000
420 437 0.7746 700.0000
421 423 0.7530 700.0000
421 428 0.8919 700.0000
421 430 0.7843 700.0000
422 424 0.5409 700.0000
422 425 0.7274 700.0000
422 427 0.6787 700.0000
422 428 0.5418 700.0000
422 429 0.7146 700.0000
422 430 0.6705 700.0000
423 425 0.8882 700.0000
423 427 0.8913 700.0000
424 426 0.5031 700.0000
424 427 0.4199 700.0000
424 428 0.7263 700.0000
424 429 0.8459 700.0000
425 427 0.8862 700.0000
426 428 0.8531 700.0000
427 429 0.5726 700.0000
428 430 0.4766 700.0000
428 431 0.6904 700.0000
428 432 0.8314 700.0000
429 431 0.6403 700.0000
429 432 0.5098 700.0000
429 433 0.6916 700.0000
430 432 0.6174 700.0000
430 433 0.5235 700.0000
430 434 0.5319 700.0000
430 435 0.8764 700.0000
431 433 0.5708 700.0000
431 434 0.5509 700.0000
431 435 0.6584 700.0000
432 434 0.7992 700.0000
432 435 0.6122 700.0000
432 436 0.7377 700.0000
433 435 0.5108 700.0000
433 436 0.5004 700.0000
433 437 0.6729 700.0000
433 438 0.8231 700.0000
434 436 0.7828 700.0000
434 437 0.6767 700.0000
434 438 0.7565 700.0000
435 437 0.6684 700.0000
435 438 0.4736 700.0000
435 439 0.5457 700.0000
435 440 0.8402 700.0000
436 438 0.5991 700.0000
436 439 0.4960 700.0000
436 440 0.6115 700.0000
437 439 0.7171 700.0000
437 440 0.5515 700.0000
437 441 0.5940 700.0000
437 442 0.8729 700.0000
438 440 0.6183 700.0000
438 441 0.6236 700.0000
438 442 0.5738 700.0000
439 441 0.7962 700.0000
439 442 0.5370 700.0000
439 443 0.7342 700.0000
440 442 0.5956 700.0000
440 443 0.5428 700.0000
440 444 0.5930 700.0000
440 445 0.7954 700.0000
441 443 0.8258 700.0000
441 444 0.6009 700.0000
441 445 0.5685 700.0000
442 444 0.7139 700.0000
442 445 0.6249 700.0000
442 446 0.6983 700.0000
443 445 0.6608 700.0000
443 446 0.5444 700.0000
443 447 0.5701 700.0000
444 446 0.5353 700.0000
444 447 0.4201 700.0000
445 447 0.5968 700.0000
449 451 0.6634 700.0000
449 492 0.8684 700.0000
449 493 0.7235 700.0000
449 494 0.5202 700.0000
449 495 0.6758 700.0000
449 496 0.5449 700.0000
449 499 0.6426 700.0000
450 452 0.6365 700.0000
450 484 0.8909 700.0000
450 491 0.5515 700.0000
450 492 0.6906 700.0000
450 493 0.5938 700.0000
450 494 0.8460 700.0000
451 453 0.5951 700.0000
451 490 0.8344 700.0000
451 491 0.7079 700.0000
451 492 0.5140 700.0000
451 493 0.7840 700.0000
451 494 0.8386 700.0000
451 499 0.6057 700.0000
451 500 0.8517 700.0000
451 503 0.6363 700.0000
452 454 0.6379 700.0000
452 489 0.6418 700.0000
452 490 0.6841 700.0000
452 491 0.5425 700.0000
452 492 0.6842 700.0000
453 455 0.6538 700.0000
453 457 0.8026 700.0000
453 458 0.8315 700.0000
453 489 0.6360 700.0000
453 490 0.4693 700.0000
453 491 0.6778 700.0000
453 492 0.6627 700.0000
453 503 0.6734 700.0000
453 506 0.7732 700.0000
453 507 0.8143 700.0000
454 456 0.5593 700.0000
454 457 0.5982 700.0000
454 458 0.8064 700.0000
454 488 0.6827 700.0000
454 489 0.6006 700.0000
454 490 0.8105 700.0000
455 457 0.6120 700.0000
455 458 0.5363 700.0000
455 459 0.7012 700.0000
455 462 0.4635 700.0000
455 465 0.7753 700.0000
455 466 0.8973 700.0000
455 485 0.8320 700.0000
455 486 0.8375 700.0000
455 487 0.8663 700.0000
455 488 0.6291 700.0000
455 489 0.5566 700.0000
455 490 0.6649 700.0000
456 458 0.7757 700.0000
456 459 0.7296 700.0000
456 462 0.7524 700.0000
456 488 0.6331 700.0000
456 489 0.8988 700.0000
457 459 0.6029 700.0000
457 461 0.8996 700.0000
457 462 0.8768 700.0000
457 507 0.8091 700.0000
458 460 0.8377 700.0000
458 461 0.5172 700.0000
458 462 0.6623 700.0000
458 465 0.8016 700.0000
458 506 0.7520 700.0000
458 507 0.6670 700.0000
459 461 0.5527 700.0000
459 462 0.5733 700.0000
459 463 0.8433 700.0000
460 462 0.8518 700.0000
460 463 0.7396 700.0000
461 463 0.7828 700.0000
461 464 0.6398 700.0000
461 465 0.7136 700.0000
461 506 0.8424 700.0000
461 507 0.8657 700.0000
462 465 0.6764 700.0000
462 466 0.6493 700.0000
462 487 0.8037 700.0000
462 488 0.8094 700.0000
462 489 0.8843 700.0000
463 465 0.7689 700.0000
463 466 0.6649 700.0000
463 467 0.7418 700.0000
464 466 0.7674 700.0000
464 467 0.4462 700.0000
464 469 0.7823 700.0000
464 470 0.6327 700.0000
465 467 0.6480 700.0000
465 470 0.5062 700.0000
465 471 0.8416 700.0000
465 485 0.7129 700.0000
465 490 0.7511 700.0000
465 506 0.7270 700.0000
466 468 0.8439 700.0000
466 470 0.8160 700.0000
466 485 0.6203 700.0000
466 487 0.8670 700.0000
467 469 0.5938 700.0000
467 470 0.6423 700.0000
467 471 0.8139 700.0000
468 470 0.7232 700.0000
468 471 0.5758 700.0000
468 472 0.6145 700.0000
469 471 0.7047 700.0000
469 472 0.6141 700.0000
469 473 0.5992 700.0000
470 472 0.7146 700.0000
470 473 0.6025 700.0000
470 474 0.5789 700.0000
470 475 0.8540 700.0000
470 483 0.7924 700.0000
470 505 0.7306 700.0000
470 506 0.7801 700.0000
471 473 0.5980 700.0000
471 474 0.5686 700.0000
471 475 0.4858 700.0000
471 476 0.8513 700.0000
471 483 0.6764 700.0000
472 474 0.7851 700.0000
472 475 0.5156 700.0000
472 476 0.6396 700.0000
473 475 0.7792 700.0000
473 476 0.5437 700.0000
473 477 0.5299 700.0000
473 478 0.8632 700.0000
473 505 0.7970 700.0000
474 476 0.8014 700.0000
474 477 0.6636 700.0000
474 478 0.4501 700.0000
474 479 0.7530 700.0000
474 481 0.6439 700.0000
474 482 0.8824 700.0000
474 483 0.6000 700.0000
474 492 0.8941 700.0000
474 502 0.6707 700.0000
474 505 0.6364 700.0000
474 506 0.8004 700.0000
475 478 0.8483 700.0000
475 479 0.7294 700.0000
475 481 0.8416 700.0000
475 482 0.8364 700.0000
475 483 0.6880 700.0000
476 478 0.8235 700.0000
476 479 0.7586 700.0000
477 479 0.8807 700.0000
477 505 0.6145 700.0000
478 480 0.6825 700.0000
478 481 0.5508 700.0000
478 498 0.7214 700.0000
478 499 0.8766 700.0000
478 501 0.6735 700.0000
478 502 0.5371 700.0000
478 505 0.6778 700.0000
479 481 0.5718 700.0000
479 498 0.7977 700.0000
480 494 0.7750 700.0000
480 495 0.7303 700.0000
480 498 0.5262 700.0000
481 483 0.7049 700.0000
481 492 0.6548 700.0000
481 493 0.5801 700.0000
481 494 0.6131 700.0000
481 495 0.8157 700.0000
481 498 0.6513 700.0000
481 499 0.6691 700.0000
481 502 0.6946 700.0000
482 484 0.6190 700.0000
482 491 0.7341 700.0000
482 492 0.6877 700.0000
482 493 0.4869 700.0000
482 494 0.8174 700.0000
483 485 0.6136 700.0000
483 490 0.6399 700.0000
483 491 0.6955 700.0000
483 492 0.6721 700.0000
483 493 0.8184 700.0000
484 486 0.5802 700.0000
484 489 0.7363 700.0000
484 490 0.6019 700.0000
484 491 0.4338 700.0000
484 492 0.7221 700.0000
484 493 0.8253 700.0000
485 487 0.8117 700.0000
485 489 0.6248 700.0000
485 490 0.5358 700.0000
485 491 0.7272 700.0000
486 488 0.6842 700.0000
486 489 0.4125 700.0000
486 490 0.7097 700.0000
486 491 0.7199 700.0000
487 489 0.7342 700.0000
489 491 0.6267 700.0000
490 492 0.5552 700.0000
490 503 0.8906 700.0000
490 506 0.7308 700.0000
491 493 0.6489 700.0000
492 494 0.7083 700.0000
492 499 0.5777 700.0000
492 502 0.7008 700.0000
492 503 0.7328 700.0000
492 506 0.8955 700.0000
493 495 0.8110 700.0000
493 499 0.6878 700.0000
494 496 0.5872 700.0000
494 497 0.8614 700.0000
494 498 0.6471 700.0000
494 499 0.5017 700.0000
495 497 0.6004 700.0000
495 498 0.4872 700.0000
495 499 0.6511 700.0000
496 498 0.6218 700.0000
496 499 0.5321 700.0000
496 500 0.6872 700.0000
497 499 0.6972 700.0000
497 500 0.6233 700.0000
497 501 0.6526 700.0000
498 500 0.6981 700.0000
498 501 0.5810 700.0000
498 502 0.7729 700.0000
499 501 0.7137 700.0000
499 502 0.5633 700.0000
499 503 0.6309 700.0000
500 502 0.5188 700.0000
500 503 0.5112 700.0000
500 504 0.6020 700.0000
501 503 0.8301 700.0000
501 504 0.6341 700.0000
501 505 0.8655 700.0000
502 504 0.6193 700.0000
502 505 0.5807 700.0000
502 506 0.6019 700.0000
502 507 0.8233 700.0000
503 505 0.8880 700.0000
503 506 0.6213 700.0000
503 507 0.5714 700.0000
504 506 0.7320 700.0000
504 507 0.6152 700.0000
505 507 0.7809 700.0000
556 558 0.6359 700.0000
557 559 0.6899 700.0000
558 560 0.7995 700.0000
558 567 0.5575 700.0000
558 568 0.5450 700.0000
558 569 0.8230 700.0000
558 571 0.8262 700.0000
559 561 0.6828 700.0000
559 566 0.8601 700.0000
559 567 0.5656 700.0000
559 568 0.4420 700.0000
559 569 0.8782 700.0000
559 571 0.7919 700.0000
559 580 0.6567 700.0000
559 581 0.8827 700.0000
559 582 0.8818 700.0000
560 562 0.6429 700.0000
560 564 0.7661 700.0000
560 565 0.6742 700.0000
560 566 0.6549 700.0000
560 567 0.5884 700.0000
560 568 0.6377 700.0000
560 580 0.8528 700.0000
560 581 0.8873 700.0000
561 563 0.4804 700.0000
561 564 0.4281 700.0000
561 565 0.6551 700.0000
561 566 0.5969 700.0000
561 567 0.6891 700.0000
561 568 0.5683 700.0000
561 569 0.7803 700.0000
561 580 0.8028 700.0000
561 581 0.5389 700.0000
561 582 0.5061 700.0000
561 585 0.6637 700.0000
561 586 0.8697 700.0000
562 564 0.6537 700.0000
562 565 0.6549 700.0000
562 566 0.8881 700.0000
562 581 0.6380 700.0000
562 582 0.8628 700.0000
562 585 0.8658 700.0000
562 597 0.6805 700.0000
562 598 0.6791 700.0000
563 565 0.7397 700.0000
563 566 0.8617 700.0000
563 581 0.6678 700.0000
563 582 0.7038 700.0000
563 584 0.8943 700.0000
563 585 0.4998 700.0000
563 586 0.7181 700.0000
563 589 0.7855 700.0000
563 597 0.7087 700.0000
564 566 0.4129 700.0000
564 567 0.7510 700.0000
564 568 0.8290 700.0000
564 569 0.8521 700.0000
564 581 0.8897 700.0000
564 582 0.6523 700.0000
564 585 0.6266 700.0000
565 567 0.8802 700.0000
566 568 0.7499 700.0000
566 569 0.8089 700.0000
566 582 0.8108 700.0000
567 569 0.6282 700.0000
567 582 0.7872 700.0000
568 570 0.7244 700.0000
568 571 0.5583 700.0000
568 580 0.6826 700.0000
568 581 0.7246 700.0000
568 582 0.5037 700.0000
568 583 0.8676 700.0000
569 571 0.7119 700.0000
569 582 0.4310 700.0000
569 583 0.6710 700.0000
569 584 0.7204 700.0000
569 585 0.8123 700.0000
570 572 0.7859 700.0000
570 582 0.6196 700.0000
570 583 0.5551 700.0000
570 584 0.7045 700.0000
571 573 0.5961 700.0000
571 580 0.5449 700.0000
571 581 0.7506 700.0000
571 582 0.7205 700.0000
571 583 0.7978 700.0000
572 574 0.5952 700.0000
572 575 0.8712 700.0000
572 580 0.7639 700.0000
572 581 0.6009 700.0000
572 582 0.7111 700.0000
572 583 0.4930 700.0000
572 584 0.8127 700.0000
572 585 0.8791 700.0000
572 586 0.5835 700.0000
572 587 0.6993 700.0000
573 575 0.6149 700.0000
573 577 0.7856 700.0000
573 578 0.5658 700.0000
573 579 0.7278 700.0000
573 580 0.5466 700.0000
573 581 0.7077 700.0000
574 576 0.6773 700.0000
574 577 0.5012 700.0000
574 578 0.5797 700.0000
574 579 0.5595 700.0000
574 580 0.7403 700.0000
574 581 0.6698 700.0000
574 586 0.7676 700.0000
574 590 0.8747 700.0000
574 596 0.6828 700.0000
574 601 0.8331 700.0000
574 603 0.6030 700.0000
575 577 0.6111 700.0000
575 578 0.5556 700.0000
575 579 0.8673 700.0000
575 603 0.6162 700.0000
576 578 0.7436 700.0000
576 601 0.6193 700.0000
576 602 0.7099 700.0000
576 603 0.4909 700.0000
577 579 0.4019 700.0000
577 580 0.8813 700.0000
577 596 0.6403 700.0000
577 598 0.7796 700.0000
577 599 0.6126 700.0000
577 601 0.6152 700.0000
577 603 0.7264 700.0000
578 580 0.7398 700.0000
579 581 0.6498 700.0000
579 596 0.6136 700.0000
579 597 0.7866 700.0000
579 598 0.5582 700.0000
579 599 0.6532 700.0000
579 601 0.8516 700.0000
580 582 0.8449 700.0000
581 583 0.7118 700.0000
581 584 0.8887 700.0000
581 585 0.6822 700.0000
581 586 0.5238 700.0000
581 596 0.7827 700.0000
581 597 0.7364 700.0000
581 598 0.8077 700.0000
582 584 0.5198 700.0000
582 585 0.4507 700.0000
582 586 0.6656 700.0000
582 587 0.8627 700.0000
583 585 0.5387 700.0000
583 586 0.5363 700.0000
583 587 0.5119 700.0000
583 588 0.8948 700.0000
584 586 0.6359 700.0000
584 587 0.5420 700.0000
584 588 0.6778 700.0000
585 587 0.6558 700.0000
585 588 0.6135 700.0000
585 589 0.7034 700.0000
586 588 0.7305 700.0000
586 589 0.5238 700.0000
586 590 0.5388 700.0000
586 591 0.8607 700.0000
586 596 0.8234 700.0000
586 597 0.7709 700.0000
587 589 0.6397 700.0000
587 590 0.6097 700.0000
587 591 0.6925 700.0000
588 590 0.8336 700.0000
588 591 0.5931 700.0000
588 592 0.5831 700.0000
589 591 0.5082 700.0000
589 592 0.5203 700.0000
589 593 0.6575 700.0000
589 594 0.7550 700.0000
589 595 0.7356 700.0000
589 596 0.8922 700.0000
589 597 0.7471 700.0000
590 592 0.7837 700.0000
590 593 0.6659 700.0000
590 594 0.4568 700.0000
590 595 0.5792 700.0000
590 596 0.7693 700.0000
590 597 0.8202 700.0000
590 602 0.8896 700.0000
590 603 0.7030 700.0000
590 604 0.8911 700.0000
591 593 0.7597 700.0000
591 594 0.7383 700.0000
593 595 0.4485 700.0000
593 596 0.8877 700.0000
593 597 0.8418 700.0000
593 600 0.8276 700.0000
593 602 0.8905 700.0000
593 606 0.8055 700.0000
594 596 0.8372 700.0000
594 601 0.8391 700.0000
594 602 0.5855 700.0000
594 603 0.6530 700.0000
594 604 0.5526 700.0000
594 605 0.8313 700.0000
594 606 0.6289 700.0000
595 597 0.5893 700.0000
595 598 0.8765 700.0000
595 599 0.7502 700.0000
595 600 0.5530 700.0000
595 601 0.5873 700.0000
595 602 0.5759 700.0000
595 603 0.6783 700.0000
595 604 0.8354 700.0000
596 598 0.4650 700.0000
596 599 0.4237 700.0000
596 600 0.5863 700.0000
596 601 0.4951 700.0000
596 602 0.7774 700.0000
596 603 0.6902 700.0000
597 599 0.6427 700.0000
597 600 0.6664 700.0000
597 601 0.8283 700.0000
598 600 0.7146 700.0000
598 601 0.8218 700.0000
599 601 0.4527 700.0000
599 602 0.8671 700.0000
600 602 0.7904 700.0000
601 603 0.5467 700.0000
601 604 0.8849 700.0000
602 604 0.4693 700.0000
602 605 0.8260 700.0000
604 606 0.6740 700.0000
604 607 0.8431 700.0000
605 607 0.5779 700.0000
608 610 0.6054 700.0000
608 611 0.8769 700.0000
608 647 0.6823 700.0000
608 680 0.8799 700.0000
608 683 0.6822 700.0000
608 684 0.4071 700.0000
608 685 0.5396 700.0000
608 688 0.7989 700.0000
608 704 0.8381 700.0000
609 611 0.6648 700.0000
609 645 0.7862 700.0000
609 647 0.5177 700.0000
609 648 0.5256 700.0000
609 649 0.8812 700.0000
609 684 0.6138 700.0000
609 685 0.7872 700.0000
609 687 0.8526 700.0000
609 688 0.5023 700.0000
609 689 0.5904 700.0000
609 704 0.8153 700.0000
610 612 0.7702 700.0000
610 613 0.7321 700.0000
610 639 0.7258 700.0000
610 680 0.8233 700.0000
610 681 0.6002 700.0000
610 682 0.8794 700.0000
610 683 0.8884 700.0000
610 684 0.3632 700.0000
610 685 0.6606 700.0000
610 686 0.6338 700.0000
610 687 0.5235 700.0000
610 688 0.6668 700.0000
610 689 0.8606 700.0000
610 701 0.8782 700.0000
610 704 0.8531 700.0000
611 613 0.6515 700.0000
611 639 0.5567 700.0000
611 640 0.6913 700.0000
611 641 0.7876 700.0000
611 642 0.8235 700.0000
611 648 0.8636 700.0000
611 655 0.7069 700.0000
611 658 0.8786 700.0000
611 681 0.8715 700.0000
611 684 0.6686 700.0000
611 687 0.6435 700.0000
611 688 0.7097 700.0000
611 689 0.7264 700.0000
611 701 0.6893 700.0000
612 614 0.8470 700.0000
612 639 0.7093 700.0000
612 640 0.4411 700.0000
612 641 0.7340 700.0000
612 642 0.8422 700.0000
613 615 0.7978 700.0000
613 637 0.8534 700.0000
613 638 0.5753 700.0000
613 639 0.4930 700.0000
613 640 0.5466 700.0000
613 681 0.7003 700.0000
614 616 0.6106 700.0000
614 636 0.6982 700.0000
614 637 0.6418 700.0000
614 638 0.3952 700.0000
614 639 0.5893 700.0000
614 640 0.7905 700.0000
614 681 0.7232 700.0000
615 617 0.7449 700.0000
615 635 0.6567 700.0000
615 636 0.6576 700.0000
615 637 0.5136 700.0000
615 638 0.8076 700.0000
615 674 0.8287 700.0000
615 677 0.7481 700.0000
615 678 0.4598 700.0000
615 680 0.8894 700.0000
615 681 0.5163 700.0000
615 682 0.8310 700.0000
615 686 0.8686 700.0000
616 618 0.7010 700.0000
616 634 0.7838 700.0000
616 635 0.6119 700.0000
616 636 0.4367 700.0000
616 637 0.6829 700.0000
616 638 0.7797 700.0000
616 678 0.7869 700.0000
617 619 0.6851 700.0000
617 633 0.6690 700.0000
617 634 0.6544 700.0000
617 635 0.6479 700.0000
617 636 0.8036 700.0000
617 674 0.7066 700.0000
617 678 0.7630 700.0000
618 620 0.6807 700.0000
618 632 0.7819 700.0000
618 633 0.6300 700.0000
618 634 0.4079 700.0000
618 635 0.7040 700.0000
618 636 0.7750 700.0000
619 621 0.7554 700.0000
619 622 0.8444 700.0000
619 631 0.6969 700.0000
619 632 0.5789 700.0000
619 633 0.5634 700.0000
619 634 0.6347 700.0000
619 666 0.6699 700.0000
620 622 0.4348 700.0000
620 623 0.7713 700.0000
620 631 0.5514 700.0000
620 632 0.3952 700.0000
620 633 0.6917 700.0000
620 634 0.6979 700.0000
620 666 0.7731 700.0000
620 712 0.8418 700.0000
621 631 0.7581 700.0000
621 632 0.8783 700.0000
622 624 0.7598 700.0000
622 631 0.6266 700.0000
622 632 0.5578 700.0000
622 712 0.7349 700.0000
623 625 0.6332 700.0000
623 626 0.7962 700.0000
623 627 0.7662 700.0000
623 628 0.5541 700.0000
623 629 0.7502 700.0000
623 630 0.7405 700.0000
623 631 0.5524 700.0000
623 632 0.6308 700.0000
623 665 0.8710 700.0000
623 712 0.7716 700.0000
623 713 0.8715 700.0000
624 626 0.6170 700.0000
624 627 0.5309 700.0000
624 628 0.6665 700.0000
624 630 0.8031 700.0000
624 631 0.6459 700.0000
624 632 0.5963 700.0000
624 663 0.8057 700.0000
624 664 0.7960 700.0000
624 665 0.6203 700.0000
624 712 0.6234 700.0000
624 713 0.6989 700.0000
624 720 0.8680 700.0000
624 721 0.5182 700.0000
624 722 0.8010 700.0000
625 627 0.6059 700.0000
625 628 0.6127 700.0000
625 712 0.8422 700.0000
625 713 0.6417 700.0000
625 714 0.8476 700.0000
625 715 0.8473 700.0000
625 720 0.7958 700.0000
625 721 0.5217 700.0000
625 722 0.4884 700.0000
625 723 0.8672 700.0000
626 628 0.4671 700.0000
626 629 0.8201 700.0000
626 630 0.8221 700.0000
626 665 0.8624 700.0000
626 721 0.7493 700.0000
626 722 0.6702 700.0000
626 723 0.8759 700.0000
626 724 0.7433 700.0000
627 629 0.7566 700.0000
627 630 0.6105 700.0000
627 631 0.7840 700.0000
627 664 0.8677 700.0000
627 665 0.5340 700.0000
627 667 0.6942 700.0000
627 669 0.8844 700.0000
627 721 0.6982 700.0000
627 722 0.8416 700.0000
627 723 0.8863 700.0000
627 724 0.7896 700.0000
627 727 0.8565 700.0000
628 630 0.6780 700.0000
628 631 0.8582 700.0000
629 631 0.7184 700.0000
629 667 0.8903 700.0000
630 632 0.8414 700.0000
630 665 0.6640 700.0000
630 666 0.5735 700.0000
630 667 0.5515 700.0000
631 633 0.6689 700.0000
631 664 0.8307 700.0000
631 665 0.5894 700.0000
631 666 0.4172 700.0000
631 667 0.7322 700.0000
632 634 0.6144 700.0000
632 663 0.6844 700.0000
632 664 0.6546 700.0000
632 665 0.6135 700.0000
632 666 0.6111 700.0000
632 712 0.6542 700.0000
633 635 0.6373 700.0000
633 662 0.7392 700.0000
633 663 0.6955 700.0000
633 664 0.4168 700.0000
633 665 0.5731 700.0000
633 666 0.5648 700.0000
633 667 0.8516 700.0000
633 670 0.6971 700.0000
633 671 0.7608 700.0000
633 674 0.7106 700.0000
634 636 0.6545 700.0000
634 661 0.6803 700.0000
634 662 0.5551 700.0000
634 663 0.5474 700.0000
634 664 0.7339 700.0000
634 712 0.8007 700.0000
635 637 0.5538 700.0000
635 661 0.5899 700.0000
635 662 0.3826 700.0000
635 663 0.6536 700.0000
635 664 0.7117 700.0000
635 674 0.7497 700.0000
635 677 0.8284 700.0000
635 678 0.8610 700.0000
635 708 0.7958 700.0000
636 638 0.6286 700.0000
636 659 0.6823 700.0000
636 660 0.8518 700.0000
636 661 0.5474 700.0000
636 662 0.6737 700.0000
637 639 0.6770 700.0000
637 658 0.8404 700.0000
637 659 0.7765 700.0000
637 660 0.6846 700.0000
637 661 0.6807 700.0000
637 662 0.6914 700.0000
637 677 0.8550 700.0000
637 678 0.8906 700.0000
637 681 0.7181 700.0000
637 686 0.7081 700.0000
637 687 0.6943 700.0000
637 703 0.8414 700.0000
637 708 0.7770 700.0000
638 640 0.6952 700.0000
638 657 0.8505 700.0000
638 658 0.6599 700.0000
638 659 0.5419 700.0000
638 660 0.8665 700.0000
639 641 0.7630 700.0000
639 657 0.6590 700.0000
639 658 0.4891 700.0000
639 659 0.7515 700.0000
639 660 0.8474 700.0000
639 681 0.8614 700.0000
639 687 0.6475 700.0000
639 701 0.7061 700.0000
640 642 0.7395 700.0000
640 655 0.8312 700.0000
640 657 0.7218 700.0000
640 658 0.8422 700.0000
641 643 0.7634 700.0000
641 654 0.7802 700.0000
641 655 0.4988 700.0000
641 656 0.5798 700.0000
641 657 0.5273 700.0000
641 658 0.8269 700.0000
641 701 0.8730 700.0000
642 644 0.6942 700.0000
642 652 0.8295 700.0000
642 653 0.8891 700.0000
642 654 0.5222 700.0000
642 655 0.3261 700.0000
642 656 0.6584 700.0000
642 657 0.7907 700.0000
643 645 0.6679 700.0000
643 648 0.8519 700.0000
643 651 0.8165 700.0000
643 652 0.5046 700.0000
643 653 0.7403 700.0000
643 654 0.5373 700.0000
643 655 0.5804 700.0000
644 646 0.8219 700.0000
644 647 0.8727 700.0000
644 648 0.4478 700.0000
644 649 0.6182 700.0000
644 650 0.5128 700.0000
644 651 0.4842 700.0000
644 652 0.4857 700.0000
644 653 0.5045 700.0000
644 654 0.8038 700.0000
644 655 0.5880 700.0000
644 689 0.6374 700.0000
644 690 0.8398 700.0000
644 699 0.6648 700.0000
645 647 0.4985 700.0000
645 648 0.4071 700.0000
645 649 0.8138 700.0000
645 650 0.8653 700.0000
645 651 0.5919 700.0000
645 652 0.7235 700.0000
645 689 0.8742 700.0000
646 648 0.6796 700.0000
646 649 0.8546 700.0000
646 651 0.5631 700.0000
646 652 0.8902 700.0000
647 649 0.8671 700.0000
647 684 0.8855 700.0000
648 650 0.6914 700.0000
648 651 0.6486 700.0000
648 652 0.8690 700.0000
648 655 0.8238 700.0000
648 688 0.7632 700.0000
648 689 0.5230 700.0000
648 690 0.8209 700.0000
649 651 0.6153 700.0000
649 653 0.8175 700.0000
649 689 0.6536 700.0000
649 690 0.6634 700.0000
649 699 0.7549 700.0000
650 652 0.6785 700.0000
650 653 0.4740 700.0000
650 689 0.8168 700.0000
650 690 0.7827 700.0000
650 698 0.7998 700.0000
650 699 0.5863 700.0000
651 653 0.6100 700.0000
652 654 0.6788 700.0000
652 655 0.8820 700.0000
653 655 0.8066 700.0000
653 698 0.8311 700.0000
653 699 0.5281 700.0000
654 656 0.7978 700.0000
655 657 0.6764 700.0000
655 689 0.6555 700.0000
655 690 0.8843 700.0000
655 699 0.7309 700.0000
655 700 0.6870 700.0000
655 701 0.6371 700.0000
656 658 0.6736 700.0000
656 699 0.8126 700.0000
656 700 0.6051 700.0000
656 701 0.6033 700.0000
657 659 0.7993 700.0000
657 700 0.8358 700.0000
657 701 0.6280 700.0000
658 660 0.5597 700.0000
658 687 0.7819 700.0000
658 700 0.8849 700.0000
658 701 0.5446 700.0000
658 702 0.8818 700.0000
659 661 0.6868 700.0000
660 662 0.8098 700.0000
660 687 0.8402 700.0000
660 701 0.8750 700.0000
660 703 0.6727 700.0000
660 708 0.8463 700.0000
660 710 0.6846 700.0000
661 663 0.5678 700.0000
661 708 0.8548 700.0000
661 710 0.5687 700.0000
661 711 0.8167 700.0000
662 664 0.6615 700.0000
662 708 0.6132 700.0000
662 709 0.6855 700.0000
662 710 0.5707 700.0000
662 711 0.7661 700.0000
662 712 0.8269 700.0000
663 665 0.8840 700.0000
663 708 0.8651 700.0000
663 709 0.6443 700.0000
663 710 0.5933 700.0000
663 711 0.5443 700.0000
663 712 0.4684 700.0000
663 713 0.8441 700.0000
663 720 0.8214 700.0000
663 721 0.7447 700.0000
664 666 0.7475 700.0000
664 667 0.7768 700.0000
664 669 0.8837 700.0000
664 670 0.5320 700.0000
664 671 0.8567 700.0000
664 673 0.6946 700.0000
664 674 0.7084 700.0000
664 708 0.8767 700.0000
664 709 0.7684 700.0000
664 721 0.7838 700.0000
664 726 0.7857 700.0000
664 727 0.7763 700.0000
665 667 0.4657 700.0000
665 669 0.7244 700.0000
665 670 0.5046 700.0000
665 671 0.7690 700.0000
665 673 0.8596 700.0000
665 721 0.7732 700.0000
665 727 0.7550 700.0000
666 670 0.6740 700.0000
666 671 0.5132 700.0000
667 669 0.5338 700.0000
667 670 0.4745 700.0000
667 671 0.5448 700.0000
667 727 0.8700 700.0000
668 670 0.7068 700.0000
668 671 0.5997 700.0000
668 672 0.6939 700.0000
669 671 0.8024 700.0000
669 672 0.6041 700.0000
669 673 0.6621 700.0000
669 727 0.5162 700.0000
669 731 0.7230 700.0000
670 672 0.6104 700.0000
670 673 0.4475 700.0000
670 674 0.5943 700.0000
670 675 0.8989 700.0000
670 727 0.6796 700.0000
671 673 0.8172 700.0000
671 674 0.6947 700.0000
671 675 0.8686 700.0000
672 674 0.7639 700.0000
672 675 0.6121 700.0000
672 676 0.5840 700.0000
672 727 0.8972 700.0000
672 731 0.6795 700.0000
673 675 0.7099 700.0000
673 676 0.5028 700.0000
673 677 0.5667 700.0000
673 726 0.8636 700.0000
673 727 0.6711 700.0000
673 730 0.6541 700.0000
673 731 0.6252 700.0000
673 734 0.7847 700.0000
674 676 0.6608 700.0000
674 677 0.5293 700.0000
674 678 0.5618 700.0000
675 677 0.7568 700.0000
675 678 0.6715 700.0000
675 679 0.6425 700.0000
676 678 0.7911 700.0000
676 679 0.5132 700.0000
676 680 0.7057 700.0000
676 730 0.8417 700.0000
676 731 0.7454 700.0000
676 734 0.5759 700.0000
677 679 0.7604 700.0000
677 680 0.5542 700.0000
677 681 0.7484 700.0000
677 686 0.6789 700.0000
677 706 0.7479 700.0000
677 708 0.7743 700.0000
677 730 0.8198 700.0000
677 734 0.7091 700.0000
678 680 0.7390 700.0000
678 681 0.6263 700.0000
678 682 0.6758 700.0000
679 682 0.6778 700.0000
679 683 0.6124 700.0000
679 734 0.8232 700.0000
680 682 0.5579 700.0000
680 683 0.4597 700.0000
680 684 0.7442 700.0000
680 685 0.4559 700.0000
680 686 0.5529 700.0000
680 706 0.8135 700.0000
680 734 0.7436 700.0000
680 737 0.7656 700.0000
681 683 0.7694 700.0000
681 684 0.6456 700.0000
681 685 0.7555 700.0000
681 686 0.5933 700.0000
681 687 0.7488 700.0000
682 684 0.6969 700.0000
682 685 0.8574 700.0000
683 685 0.5372 700.0000
683 737 0.8122 700.0000
684 686 0.8069 700.0000
684 687 0.8407 700.0000
684 688 0.8986 700.0000
685 687 0.7556 700.0000
685 688 0.8308 700.0000
685 704 0.5522 700.0000
685 705 0.8424 700.0000
685 706 0.7410 700.0000
685 734 0.8475 700.0000
685 737 0.5667 700.0000
686 688 0.8017 700.0000
686 702 0.8821 700.0000
686 703 0.6350 700.0000
686 704 0.5844 700.0000
686 705 0.8552 700.0000
686 706 0.5507 700.0000
686 708 0.7414 700.0000
687 689 0.8493 700.0000
687 701 0.6258 700.0000
687 702 0.5923 700.0000
687 703 0.5247 700.0000
687 704 0.6482 700.0000
687 706 0.8215 700.0000
687 708 0.8915 700.0000
688 690 0.6136 700.0000
688 700 0.7816 700.0000
688 701 0.6060 700.0000
688 702 0.4345 700.0000
688 703 0.8026 700.0000
688 704 0.5498 700.0000
688 705 0.8934 700.0000
689 698 0.8701 700.0000
689 699 0.6868 700.0000
689 700 0.5727 700.0000
689 701 0.5631 700.0000
689 702 0.5986 700.0000
690 692 0.6325 700.0000
690 697 0.7321 700.0000
690 698 0.5394 700.0000
690 699 0.5263 700.0000
690 700 0.4342 700.0000
690 701 0.6855 700.0000
690 702 0.5752 700.0000
691 693 0.5570 700.0000
691 694 0.8185 700.0000
691 695 0.7330 700.0000
691 696 0.5373 700.0000
691 697 0.5485 700.0000
691 698 0.5562 700.0000
691 699 0.8361 700.0000
691 700 0.7795 700.0000
691 702 0.8757 700.0000
692 694 0.4947 700.0000
692 695 0.4222 700.0000
692 696 0.5224 700.0000
692 697 0.5055 700.0000
692 698 0.6991 700.0000
692 700 0.6410 700.0000
692 701 0.8879 700.0000
692 702 0.6439 700.0000
693 695 0.8507 700.0000
693 696 0.7987 700.0000
694 696 0.6668 700.0000
694 697 0.8182 700.0000
695 697 0.4727 700.0000
695 698 0.8376 700.0000
695 700 0.7800 700.0000
696 698 0.6660 700.0000
697 699 0.6895 700.0000
697 700 0.6019 700.0000
698 700 0.5499 700.0000
699 701 0.8727 700.0000
700 702 0.5877 700.0000
701 703 0.7937 700.0000
702 704 0.6796 700.0000
702 705 0.8894 700.0000
703 705 0.7905 700.0000
703 706 0.6562 700.0000
703 707 0.6848 700.0000
703 708 0.5902 700.0000
704 706 0.5736 700.0000
704 707 0.8824 700.0000
704 737 0.7259 700.0000
705 707 0.6592 700.0000
705 733 0.6410 700.0000
705 736 0.8677 700.0000
705 737 0.7297 700.0000
706 708 0.5782 700.0000
706 730 0.6506 700.0000
706 733 0.5002 700.0000
706 734 0.6339 700.0000
706 737 0.7399 700.0000
707 709 0.7802 700.0000
707 719 0.7974 700.0000
707 726 0.7383 700.0000
707 729 0.7275 700.0000
707 730 0.6915 700.0000
707 733 0.5882 700.0000
708 710 0.6844 700.0000
708 719 0.8436 700.0000
708 726 0.7638 700.0000
708 730 0.7824 700.0000
709 711 0.5627 700.0000
709 715 0.7436 700.0000
709 716 0.7692 700.0000
709 718 0.8867 700.0000
709 719 0.5777 700.0000
709 720 0.4444 700.0000
709 721 0.5428 700.0000
709 723 0.7348 700.0000
709 726 0.5491 700.0000
710 712 0.8639 700.0000
710 718 0.7888 700.0000
710 719 0.5461 700.0000
710 720 0.7168 700.0000
711 713 0.5550 700.0000
711 714 0.6801 700.0000
711 715 0.6980 700.0000
711 718 0.6068 700.0000
711 719 0.6788 700.0000
711 720 0.4672 700.0000
711 721 0.6492 700.0000
712 720 0.8447 700.0000
712 721 0.7406 700.0000
713 715 0.7455 700.0000
713 718 0.8244 700.0000
713 720 0.6702 700.0000
713 721 0.6743 700.0000
713 722 0.7966 700.0000
714 716 0.5972 700.0000
714 717 0.6226 700.0000
714 718 0.4655 700.0000
714 719 0.8594 700.0000
714 720 0.4865 700.0000
714 721 0.7428 700.0000
714 722 0.6102 700.0000
715 717 0.5686 700.0000
715 718 0.5387 700.0000
715 719 0.7237 700.0000
715 720 0.3246 700.0000
715 721 0.6170 700.0000
715 722 0.5021 700.0000
715 723 0.6531 700.0000
716 718 0.6761 700.0000
716 719 0.6486 700.0000
716 720 0.5050 700.0000
716 721 0.8005 700.0000
716 722 0.6903 700.0000
716 723 0.5906 700.0000
717 719 0.7752 700.0000
717 720 0.8163 700.0000
718 720 0.6061 700.0000
720 722 0.5921 700.0000
720 723 0.6202 700.0000
720 726 0.7997 700.0000
721 723 0.5684 700.0000
721 724 0.8241 700.0000
721 726 0.7203 700.0000
722 724 0.6777 700.0000
723 725 0.4694 700.0000
723 726 0.5629 700.0000
723 727 0.7751 700.0000
723 729 0.7187 700.0000
724 726 0.7867 700.0000
724 727 0.7662 700.0000
724 728 0.8741 700.0000
724 729 0.8537 700.0000
725 727 0.6422 700.0000
725 728 0.5588 700.0000
725 729 0.4619 700.0000
725 730 0.8826 700.0000
726 728 0.8107 700.0000
726 729 0.5049 700.0000
726 730 0.5278 700.0000
726 731 0.8389 700.0000
726 733 0.8634 700.0000
727 729 0.6998 700.0000
727 730 0.5818 700.0000
727 731 0.5955 700.0000
728 730 0.7287 700.0000
728 731 0.5897 700.0000
728 732 0.5374 700.0000
729 731 0.8250 700.0000
729 732 0.6553 700.0000
729 733 0.6747 700.0000
730 732 0.6316 700.0000
730 733 0.4549 700.0000
730 734 0.5671 700.0000
731 733 0.7555 700.0000
731 734 0.6222 700.0000
731 735 0.7489 700.0000
732 734 0.7443 700.0000
732 735 0.6277 700.0000
732 736 0.7672 700.0000
733 735 0.8308 700.0000
733 736 0.6745 700.0000
733 737 0.7340 700.0000
734 736 0.6243 700.0000
734 737 0.5606 700.0000
735 737 0.7802 700.0000
