i j d[nm] fc
751 753 0.5828 700.0000
751 770 0.8217 700.0000
751 795 0.7200 700.0000
751 796 0.4265 700.0000
751 797 0.7803 700.0000
751 798 0.6912 700.0000
751 804 0.6018 700.0000
751 807 0.7947 700.0000
751 808 0.7795 700.0000
751 826 0.6690 700.0000
751 827 0.6726 700.0000
752 754 0.7457 700.0000
752 786 0.7090 700.0000
752 789 0.8228 700.0000
752 793 0.6707 700.0000
752 794 0.7530 700.0000
752 795 0.6509 700.0000
752 796 0.6677 700.0000
752 826 0.7122 700.0000
752 827 0.4238 700.0000
753 755 0.6686 700.0000
753 766 0.7626 700.0000
753 770 0.8560 700.0000
753 783 0.8969 700.0000
753 786 0.8701 700.0000
753 792 0.7121 700.0000
753 793 0.5847 700.0000
753 794 0.5015 700.0000
753 795 0.8710 700.0000
753 796 0.6666 700.0000
753 824 0.6460 700.0000
753 825 0.7233 700.0000
753 826 0.5879 700.0000
753 827 0.5829 700.0000
754 789 0.8321 700.0000
754 790 0.6478 700.0000
754 791 0.7304 700.0000
754 792 0.5229 700.0000
754 793 0.4991 700.0000
754 794 0.7633 700.0000
754 824 0.8709 700.0000
754 825 0.6231 700.0000
754 826 0.8156 700.0000
754 827 0.6174 700.0000
755 757 0.6061 700.0000
755 758 0.7030 700.0000
755 759 0.8946 700.0000
755 762 0.7089 700.0000
755 766 0.8227 700.0000
755 791 0.8443 700.0000
755 792 0.4631 700.0000
755 793 0.7095 700.0000
755 794 0.6541 700.0000
755 815 0.8283 700.0000
755 822 0.6755 700.0000
755 823 0.6420 700.0000
755 824 0.6186 700.0000
755 825 0.6596 700.0000
756 758 0.7924 700.0000
756 792 0.8336 700.0000
756 817 0.7970 700.0000
756 820 0.8960 700.0000
756 821 0.8953 700.0000
756 822 0.5787 700.0000
756 823 0.6451 700.0000
757 759 0.7395 700.0000
757 761 0.8771 700.0000
757 762 0.6606 700.0000
757 792 0.7881 700.0000
757 817 0.6417 700.0000
757 818 0.7959 700.0000
757 822 0.7127 700.0000
758 760 0.7247 700.0000
758 762 0.6182 700.0000
758 791 0.6966 700.0000
758 792 0.5637 700.0000
758 793 0.8645 700.0000
758 794 0.7993 700.0000
759 761 0.7102 700.0000
759 762 0.4671 700.0000
759 763 0.6646 700.0000
759 764 0.8365 700.0000
759 785 0.7444 700.0000
759 792 0.7676 700.0000
759 794 0.7568 700.0000
760 762 0.5895 700.0000
760 763 0.5502 700.0000
760 764 0.5757 700.0000
760 785 0.8456 700.0000
761 763 0.8847 700.0000
761 764 0.6472 700.0000
761 765 0.5945 700.0000
761 817 0.6896 700.0000
761 818 0.7171 700.0000
762 764 0.7177 700.0000
762 765 0.5268 700.0000
762 766 0.5677 700.0000
762 792 0.8267 700.0000
762 794 0.7052 700.0000
762 815 0.7664 700.0000
762 817 0.7165 700.0000
762 822 0.8835 700.0000
763 765 0.7987 700.0000
763 766 0.6576 700.0000
763 767 0.5540 700.0000
763 782 0.8660 700.0000
763 783 0.4842 700.0000
763 784 0.6447 700.0000
763 785 0.6834 700.0000
763 794 0.7197 700.0000
764 766 0.8603 700.0000
764 767 0.6834 700.0000
764 768 0.8524 700.0000
764 783 0.8801 700.0000
765 767 0.8033 700.0000
765 768 0.6326 700.0000
765 769 0.8072 700.0000
765 815 0.5876 700.0000
765 816 0.6972 700.0000
765 817 0.6624 700.0000
766 768 0.6593 700.0000
766 769 0.6135 700.0000
766 770 0.5565 700.0000
766 771 0.8945 700.0000
766 783 0.6289 700.0000
766 794 0.6694 700.0000
766 796 0.8101 700.0000
766 815 0.6687 700.0000
766 824 0.7562 700.0000
767 769 0.8914 700.0000
767 770 0.7111 700.0000
767 771 0.5563 700.0000
767 781 0.5612 700.0000
767 782 0.6102 700.0000
767 783 0.4508 700.0000
767 784 0.8522 700.0000
767 796 0.8358 700.0000
768 770 0.6965 700.0000
768 771 0.4908 700.0000
768 772 0.6218 700.0000
768 775 0.8470 700.0000
768 781 0.8310 700.0000
769 771 0.7944 700.0000
769 772 0.5722 700.0000
769 773 0.8647 700.0000
769 775 0.4676 700.0000
769 776 0.4655 700.0000
769 777 0.8016 700.0000
769 778 0.8215 700.0000
769 807 0.8763 700.0000
769 813 0.6550 700.0000
769 814 0.7448 700.0000
769 815 0.6464 700.0000
769 824 0.7739 700.0000
770 772 0.6907 700.0000
770 775 0.7728 700.0000
770 776 0.5313 700.0000
770 777 0.7502 700.0000
770 778 0.6554 700.0000
770 779 0.6765 700.0000
770 781 0.6358 700.0000
770 783 0.7982 700.0000
770 796 0.6523 700.0000
770 798 0.7205 700.0000
770 803 0.8717 700.0000
770 807 0.6914 700.0000
770 813 0.7640 700.0000
770 824 0.8384 700.0000
771 773 0.8123 700.0000
771 776 0.8752 700.0000
771 778 0.7327 700.0000
771 779 0.4840 700.0000
771 780 0.6181 700.0000
771 781 0.4679 700.0000
771 782 0.8173 700.0000
771 783 0.8978 700.0000
771 798 0.8712 700.0000
772 774 0.5705 700.0000
772 775 0.4363 700.0000
772 776 0.5236 700.0000
772 777 0.6292 700.0000
772 778 0.5725 700.0000
772 779 0.6329 700.0000
773 775 0.5784 700.0000
773 776 0.5747 700.0000
773 777 0.4435 700.0000
773 778 0.4471 700.0000
773 779 0.6363 700.0000
773 803 0.8493 700.0000
773 806 0.7289 700.0000
774 776 0.7908 700.0000
774 777 0.7770 700.0000
774 778 0.8771 700.0000
775 777 0.6242 700.0000
775 778 0.7495 700.0000
775 810 0.8277 700.0000
775 813 0.8113 700.0000
775 814 0.8647 700.0000
776 778 0.4808 700.0000
776 779 0.7523 700.0000
776 803 0.8084 700.0000
776 806 0.7193 700.0000
776 807 0.5518 700.0000
776 810 0.6359 700.0000
776 813 0.6402 700.0000
777 779 0.6587 700.0000
777 802 0.8115 700.0000
777 803 0.5744 700.0000
777 806 0.3961 700.0000
777 807 0.5458 700.0000
777 810 0.7093 700.0000
778 780 0.8403 700.0000
778 781 0.8009 700.0000
778 798 0.7070 700.0000
778 800 0.7955 700.0000
778 802 0.7323 700.0000
778 803 0.4407 700.0000
778 804 0.8648 700.0000
778 806 0.4902 700.0000
778 807 0.6413 700.0000
779 781 0.5080 700.0000
779 798 0.5794 700.0000
779 799 0.7265 700.0000
779 800 0.6783 700.0000
779 802 0.8584 700.0000
779 803 0.5758 700.0000
779 806 0.8034 700.0000
780 782 0.8063 700.0000
780 798 0.7436 700.0000
780 799 0.5279 700.0000
780 800 0.6804 700.0000
781 783 0.6421 700.0000
781 796 0.6326 700.0000
781 797 0.6740 700.0000
781 798 0.5145 700.0000
781 799 0.7014 700.0000
781 803 0.8943 700.0000
782 784 0.6609 700.0000
782 795 0.7558 700.0000
782 796 0.6024 700.0000
782 797 0.4509 700.0000
782 798 0.7167 700.0000
782 799 0.8295 700.0000
783 785 0.7194 700.0000
783 794 0.6556 700.0000
783 795 0.7200 700.0000
783 796 0.5573 700.0000
783 797 0.7166 700.0000
784 786 0.6351 700.0000
784 793 0.8375 700.0000
784 794 0.5843 700.0000
784 795 0.4869 700.0000
784 796 0.6827 700.0000
784 797 0.7315 700.0000
785 787 0.5289 700.0000
785 788 0.8624 700.0000
785 792 0.8009 700.0000
785 793 0.6857 700.0000
785 794 0.5404 700.0000
785 795 0.7727 700.0000
786 788 0.6009 700.0000
786 789 0.4954 700.0000
786 790 0.6865 700.0000
786 792 0.8197 700.0000
786 793 0.5049 700.0000
786 794 0.6637 700.0000
786 795 0.5798 700.0000
787 789 0.7987 700.0000
787 790 0.6833 700.0000
787 791 0.7311 700.0000
787 792 0.8258 700.0000
787 793 0.7445 700.0000
787 794 0.8744 700.0000
788 790 0.7663 700.0000
789 791 0.7974 700.0000
789 792 0.8746 700.0000
789 793 0.5905 700.0000
790 792 0.5361 700.0000
790 793 0.4474 700.0000
790 794 0.8480 700.0000
791 793 0.5912 700.0000
791 794 0.8881 700.0000
792 794 0.4977 700.0000
793 795 0.8901 700.0000
793 827 0.8291 700.0000
794 796 0.7694 700.0000
795 797 0.5068 700.0000
796 798 0.5475 700.0000
796 804 0.8022 700.0000
797 799 0.7533 700.0000
798 800 0.6753 700.0000
798 801 0.8981 700.0000
798 802 0.7966 700.0000
798 803 0.5368 700.0000
798 804 0.5405 700.0000
798 807 0.8146 700.0000
799 802 0.8909 700.0000
799 803 0.7957 700.0000
800 802 0.5179 700.0000
800 803 0.5460 700.0000
800 804 0.8729 700.0000
800 806 0.8545 700.0000
801 803 0.7722 700.0000
801 804 0.6368 700.0000
801 805 0.5686 700.0000
802 804 0.6535 700.0000
802 805 0.4605 700.0000
802 806 0.4868 700.0000
802 807 0.8547 700.0000
803 805 0.5883 700.0000
803 806 0.4128 700.0000
803 807 0.6114 700.0000
803 808 0.8391 700.0000
804 806 0.7881 700.0000
804 807 0.6002 700.0000
804 808 0.5641 700.0000
805 807 0.7322 700.0000
805 808 0.6199 700.0000
805 809 0.7183 700.0000
806 808 0.8313 700.0000
806 809 0.7394 700.0000
806 810 0.8382 700.0000
807 809 0.7213 700.0000
807 810 0.5744 700.0000
807 811 0.6473 700.0000
807 813 0.6597 700.0000
807 826 0.7883 700.0000
808 810 0.7650 700.0000
808 811 0.6320 700.0000
808 813 0.8816 700.0000
808 826 0.6787 700.0000
809 811 0.7577 700.0000
810 812 0.5523 700.0000
810 813 0.5319 700.0000
811 813 0.4739 700.0000
811 824 0.8053 700.0000
811 825 0.8692 700.0000
811 826 0.6353 700.0000
812 814 0.7579 700.0000
812 824 0.8438 700.0000
813 815 0.8353 700.0000
813 823 0.7916 700.0000
813 824 0.4679 700.0000
813 825 0.7798 700.0000
813 826 0.7042 700.0000
814 816 0.7045 700.0000
814 821 0.6302 700.0000
814 822 0.6020 700.0000
814 823 0.6065 700.0000
814 824 0.6577 700.0000
815 817 0.5799 700.0000
815 821 0.6779 700.0000
815 822 0.4320 700.0000
815 823 0.6584 700.0000
815 824 0.6436 700.0000
816 818 0.7399 700.0000
816 819 0.6653 700.0000
816 820 0.7050 700.0000
816 821 0.5706 700.0000
816 822 0.6509 700.0000
817 819 0.7190 700.0000
817 820 0.5766 700.0000
817 821 0.6704 700.0000
817 822 0.5500 700.0000
818 820 0.5619 700.0000
818 821 0.8856 700.0000
818 822 0.8974 700.0000
819 821 0.8445 700.0000
820 822 0.7037 700.0000
821 823 0.6754 700.0000
822 824 0.6586 700.0000
822 825 0.8755 700.0000
823 825 0.5471 700.0000
824 826 0.6587 700.0000
825 827 0.7918 700.0000
878 880 0.6810 700.0000
878 914 0.7628 700.0000
878 915 0.5632 700.0000
878 916 0.4213 700.0000
878 917 0.6376 700.0000
878 918 0.6311 700.0000
878 919 0.8914 700.0000
878 920 0.8591 700.0000
878 921 0.5893 700.0000
879 881 0.6660 700.0000
879 905 0.8802 700.0000
879 913 0.6825 700.0000
879 914 0.5758 700.0000
879 915 0.5029 700.0000
879 916 0.6591 700.0000
879 921 0.7724 700.0000
880 882 0.5820 700.0000
880 905 0.8565 700.0000
880 913 0.5398 700.0000
880 914 0.4171 700.0000
880 915 0.6995 700.0000
880 916 0.8529 700.0000
880 921 0.6690 700.0000
880 924 0.8599 700.0000
881 883 0.8180 700.0000
881 884 0.8987 700.0000
881 905 0.8666 700.0000
881 912 0.7180 700.0000
881 913 0.4675 700.0000
881 914 0.7072 700.0000
882 884 0.5547 700.0000
882 886 0.8922 700.0000
882 887 0.7061 700.0000
882 892 0.6589 700.0000
882 911 0.6581 700.0000
882 912 0.6012 700.0000
882 913 0.6094 700.0000
882 914 0.6646 700.0000
882 924 0.8850 700.0000
882 928 0.8230 700.0000
883 885 0.4904 700.0000
883 886 0.4553 700.0000
883 887 0.5520 700.0000
883 892 0.8722 700.0000
883 928 0.8863 700.0000
884 886 0.6736 700.0000
884 887 0.6055 700.0000
884 888 0.7701 700.0000
884 892 0.6012 700.0000
884 909 0.6495 700.0000
884 910 0.7591 700.0000
884 911 0.7807 700.0000
884 912 0.6177 700.0000
885 887 0.7149 700.0000
886 888 0.8168 700.0000
886 891 0.8879 700.0000
886 928 0.8308 700.0000
886 932 0.5785 700.0000
886 935 0.8374 700.0000
887 891 0.5358 700.0000
887 892 0.5904 700.0000
887 927 0.8808 700.0000
887 928 0.5617 700.0000
887 929 0.8712 700.0000
887 931 0.7347 700.0000
887 932 0.6910 700.0000
887 935 0.8942 700.0000
888 890 0.4381 700.0000
888 891 0.3849 700.0000
888 892 0.4960 700.0000
888 893 0.8099 700.0000
888 909 0.7523 700.0000
888 910 0.8861 700.0000
888 931 0.8763 700.0000
889 891 0.7775 700.0000
889 892 0.5292 700.0000
889 893 0.6586 700.0000
889 907 0.8609 700.0000
889 909 0.4889 700.0000
889 910 0.5274 700.0000
889 911 0.7243 700.0000
890 892 0.6647 700.0000
890 893 0.6252 700.0000
890 894 0.8987 700.0000
890 909 0.8783 700.0000
891 893 0.7045 700.0000
891 894 0.7613 700.0000
891 895 0.8481 700.0000
891 927 0.7121 700.0000
891 928 0.6848 700.0000
891 931 0.5614 700.0000
892 895 0.7397 700.0000
892 909 0.6608 700.0000
892 910 0.5551 700.0000
892 911 0.4386 700.0000
892 912 0.7635 700.0000
892 928 0.8568 700.0000
893 895 0.5229 700.0000
893 896 0.5459 700.0000
893 897 0.7284 700.0000
893 904 0.8679 700.0000
893 910 0.8002 700.0000
893 911 0.6306 700.0000
894 896 0.6529 700.0000
894 897 0.4492 700.0000
894 898 0.5719 700.0000
894 899 0.8567 700.0000
894 927 0.6742 700.0000
895 897 0.6432 700.0000
895 898 0.5597 700.0000
895 899 0.5711 700.0000
895 900 0.8445 700.0000
895 902 0.7072 700.0000
895 904 0.8267 700.0000
895 911 0.7143 700.0000
895 914 0.7805 700.0000
895 924 0.5715 700.0000
895 927 0.7124 700.0000
895 928 0.8195 700.0000
896 898 0.6671 700.0000
896 899 0.5904 700.0000
896 900 0.5666 700.0000
896 901 0.8274 700.0000
896 902 0.6741 700.0000
896 904 0.7183 700.0000
896 911 0.8666 700.0000
897 899 0.6416 700.0000
897 900 0.6324 700.0000
898 900 0.7043 700.0000
898 902 0.8799 700.0000
898 920 0.7604 700.0000
898 923 0.6167 700.0000
898 924 0.6783 700.0000
898 927 0.7076 700.0000
899 901 0.5549 700.0000
899 902 0.5154 700.0000
899 920 0.5066 700.0000
899 921 0.8502 700.0000
899 923 0.6412 700.0000
899 924 0.6862 700.0000
900 902 0.6029 700.0000
900 920 0.8477 700.0000
901 903 0.7038 700.0000
901 915 0.8674 700.0000
901 916 0.7683 700.0000
901 917 0.7671 700.0000
901 920 0.6858 700.0000
902 904 0.6380 700.0000
902 914 0.6176 700.0000
902 915 0.5994 700.0000
902 916 0.6376 700.0000
902 917 0.8124 700.0000
902 920 0.6541 700.0000
902 921 0.8351 700.0000
902 924 0.8656 700.0000
903 905 0.8235 700.0000
903 914 0.7811 700.0000
903 915 0.4315 700.0000
903 916 0.6318 700.0000
904 906 0.5168 700.0000
904 910 0.8479 700.0000
904 911 0.5968 700.0000
904 913 0.8374 700.0000
904 914 0.7101 700.0000
904 915 0.8455 700.0000
905 907 0.7882 700.0000
905 910 0.8940 700.0000
905 911 0.7207 700.0000
905 912 0.6154 700.0000
905 913 0.4012 700.0000
905 914 0.6547 700.0000
905 915 0.7651 700.0000
906 908 0.8367 700.0000
906 909 0.8860 700.0000
906 910 0.4843 700.0000
906 911 0.5303 700.0000
906 912 0.6933 700.0000
906 913 0.8699 700.0000
907 909 0.5979 700.0000
907 910 0.3734 700.0000
907 911 0.6559 700.0000
907 912 0.5237 700.0000
908 910 0.6720 700.0000
908 912 0.8886 700.0000
909 911 0.7604 700.0000
909 912 0.7494 700.0000
910 912 0.5586 700.0000
911 913 0.7181 700.0000
911 914 0.7317 700.0000
912 914 0.8573 700.0000
913 915 0.7904 700.0000
914 916 0.7035 700.0000
914 920 0.8999 700.0000
914 921 0.6708 700.0000
914 924 0.7574 700.0000
915 917 0.7593 700.0000
915 920 0.8933 700.0000
915 921 0.7965 700.0000
916 918 0.7771 700.0000
916 919 0.8150 700.0000
916 920 0.6336 700.0000
916 921 0.6337 700.0000
917 919 0.5240 700.0000
917 920 0.5198 700.0000
917 921 0.7167 700.0000
918 920 0.7221 700.0000
918 921 0.5516 700.0000
918 922 0.5473 700.0000
918 923 0.8929 700.0000
919 921 0.6918 700.0000
919 922 0.5917 700.0000
919 923 0.6433 700.0000
920 922 0.7189 700.0000
920 923 0.4715 700.0000
920 924 0.6586 700.0000
921 923 0.7285 700.0000
921 924 0.5072 700.0000
921 925 0.7184 700.0000
922 924 0.7270 700.0000
922 925 0.6452 700.0000
922 926 0.6642 700.0000
923 926 0.7188 700.0000
924 926 0.7204 700.0000
924 927 0.6002 700.0000
924 928 0.6000 700.0000
924 929 0.8949 700.0000
925 927 0.8021 700.0000
925 928 0.5934 700.0000
925 929 0.5543 700.0000
925 930 0.8785 700.0000
926 928 0.7446 700.0000
926 929 0.6044 700.0000
926 930 0.5540 700.0000
927 929 0.6664 700.0000
927 930 0.5622 700.0000
927 931 0.5409 700.0000
928 930 0.6871 700.0000
928 931 0.5827 700.0000
928 932 0.7401 700.0000
929 931 0.6676 700.0000
929 932 0.5903 700.0000
929 933 0.6018 700.0000
929 934 0.8866 700.0000
930 932 0.8474 700.0000
930 933 0.6610 700.0000
930 934 0.6673 700.0000
931 933 0.7125 700.0000
931 934 0.4878 700.0000
931 935 0.6759 700.0000
932 934 0.7633 700.0000
932 935 0.5471 700.0000
932 936 0.5221 700.0000
933 935 0.6207 700.0000
933 936 0.5362 700.0000
933 937 0.6968 700.0000
934 936 0.7978 700.0000
934 937 0.6311 700.0000
934 938 0.6235 700.0000
935 937 0.6650 700.0000
935 938 0.5286 700.0000
935 939 0.5910 700.0000
935 940 0.8571 700.0000
936 938 0.7979 700.0000
936 939 0.6196 700.0000
936 940 0.6316 700.0000
937 939 0.7830 700.0000
937 940 0.5876 700.0000
937 941 0.5618 700.0000
938 940 0.7867 700.0000
938 941 0.7447 700.0000
939 941 0.8488 700.0000
973 975 0.6694 700.0000
973 1018 0.5885 700.0000
973 1019 0.7202 700.0000
973 1020 0.6868 700.0000
973 1021 0.8938 700.0000
973 1027 0.8366 700.0000
974 976 0.8308 700.0000
974 1017 0.8948 700.0000
974 1018 0.6929 700.0000
974 1019 0.5448 700.0000
974 1020 0.8084 700.0000
974 1027 0.6088 700.0000
974 1028 0.7024 700.0000
974 1031 0.5583 700.0000
975 977 0.6715 700.0000
975 1016 0.6848 700.0000
975 1017 0.7819 700.0000
975 1018 0.6785 700.0000
975 1019 0.8361 700.0000
975 1031 0.8100 700.0000
976 978 0.5871 700.0000
976 1015 0.8099 700.0000
976 1016 0.6959 700.0000
976 1017 0.5124 700.0000
976 1018 0.8488 700.0000
976 1019 0.7509 700.0000
976 1031 0.5917 700.0000
976 1034 0.6542 700.0000
976 1035 0.6978 700.0000
976 1038 0.8005 700.0000
977 979 0.7289 700.0000
977 1010 0.6809 700.0000
977 1011 0.8034 700.0000
977 1014 0.5335 700.0000
977 1015 0.5859 700.0000
977 1016 0.5328 700.0000
977 1017 0.7275 700.0000
978 980 0.6968 700.0000
978 981 0.8247 700.0000
978 982 0.7517 700.0000
978 983 0.6308 700.0000
978 1014 0.5420 700.0000
978 1015 0.4469 700.0000
978 1016 0.7052 700.0000
978 1017 0.6959 700.0000
978 1038 0.7190 700.0000
979 981 0.5367 700.0000
979 982 0.4954 700.0000
979 983 0.7175 700.0000
979 984 0.8800 700.0000
979 1013 0.6732 700.0000
979 1014 0.5016 700.0000
979 1015 0.6338 700.0000
979 1038 0.8475 700.0000
979 1042 0.8963 700.0000
980 982 0.7411 700.0000
980 983 0.5873 700.0000
980 984 0.5124 700.0000
980 1009 0.7435 700.0000
980 1011 0.8769 700.0000
980 1012 0.8623 700.0000
980 1013 0.5208 700.0000
980 1014 0.6300 700.0000
980 1015 0.5852 700.0000
981 983 0.7098 700.0000
981 984 0.5039 700.0000
981 985 0.7986 700.0000
981 1013 0.6846 700.0000
981 1014 0.8648 700.0000
982 984 0.8027 700.0000
982 985 0.7048 700.0000
982 986 0.8979 700.0000
982 1038 0.7507 700.0000
982 1042 0.5343 700.0000
983 985 0.8604 700.0000
983 986 0.5873 700.0000
983 987 0.5664 700.0000
983 1007 0.7916 700.0000
983 1015 0.6152 700.0000
983 1017 0.8132 700.0000
983 1038 0.7341 700.0000
984 986 0.8518 700.0000
984 987 0.6432 700.0000
984 988 0.8029 700.0000
985 987 0.8518 700.0000
985 988 0.5935 700.0000
985 989 0.5233 700.0000
985 990 0.7981 700.0000
985 1041 0.7021 700.0000
985 1042 0.6920 700.0000
986 988 0.8735 700.0000
986 989 0.6231 700.0000
986 990 0.4500 700.0000
986 991 0.7338 700.0000
986 993 0.6996 700.0000
986 994 0.7783 700.0000
986 1034 0.7514 700.0000
986 1037 0.7489 700.0000
986 1038 0.5329 700.0000
986 1041 0.6010 700.0000
986 1042 0.7435 700.0000
987 989 0.7851 700.0000
987 990 0.6800 700.0000
987 991 0.5372 700.0000
987 992 0.8569 700.0000
987 994 0.7619 700.0000
988 990 0.7857 700.0000
988 991 0.7691 700.0000
989 991 0.6724 700.0000
989 1041 0.7012 700.0000
990 992 0.6539 700.0000
990 993 0.5229 700.0000
990 994 0.8116 700.0000
990 1037 0.7848 700.0000
990 1041 0.6987 700.0000
991 993 0.6856 700.0000
991 994 0.7490 700.0000
991 995 0.7961 700.0000
992 994 0.7004 700.0000
992 995 0.5635 700.0000
992 996 0.6657 700.0000
993 995 0.7217 700.0000
993 996 0.5010 700.0000
993 997 0.6057 700.0000
993 1033 0.8163 700.0000
993 1034 0.7738 700.0000
993 1037 0.6228 700.0000
994 996 0.6060 700.0000
994 997 0.5589 700.0000
994 998 0.5859 700.0000
994 1005 0.6239 700.0000
994 1034 0.7116 700.0000
995 997 0.6757 700.0000
995 998 0.4987 700.0000
995 999 0.6141 700.0000
995 1005 0.8315 700.0000
996 998 0.6185 700.0000
996 999 0.5493 700.0000
996 1000 0.6459 700.0000
996 1001 0.8093 700.0000
997 999 0.7194 700.0000
997 1000 0.6044 700.0000
997 1001 0.5568 700.0000
997 1002 0.8240 700.0000
997 1003 0.6830 700.0000
997 1005 0.7849 700.0000
997 1029 0.8384 700.0000
997 1030 0.5746 700.0000
997 1033 0.6314 700.0000
997 1034 0.7166 700.0000
998 1001 0.7804 700.0000
998 1002 0.6399 700.0000
998 1003 0.4609 700.0000
998 1004 0.5375 700.0000
998 1005 0.5512 700.0000
998 1019 0.8794 700.0000
998 1030 0.8656 700.0000
999 1001 0.8414 700.0000
999 1002 0.7435 700.0000
999 1003 0.8160 700.0000
1000 1002 0.8605 700.0000
1000 1026 0.8986 700.0000
1000 1029 0.8317 700.0000
1000 1030 0.8111 700.0000
1000 1033 0.8223 700.0000
1001 1003 0.6143 700.0000
1001 1025 0.8047 700.0000
1001 1026 0.5168 700.0000
1001 1027 0.7825 700.0000
1001 1029 0.5428 700.0000
1001 1030 0.5029 700.0000
1001 1033 0.7683 700.0000
1002 1004 0.6683 700.0000
1002 1020 0.8031 700.0000
1002 1021 0.6275 700.0000
1002 1022 0.7106 700.0000
1002 1023 0.7595 700.0000
1002 1026 0.5973 700.0000
1002 1027 0.8052 700.0000
1002 1030 0.8519 700.0000
1003 1005 0.6363 700.0000
1003 1019 0.6791 700.0000
1003 1020 0.5773 700.0000
1003 1021 0.5883 700.0000
1003 1022 0.8354 700.0000
1003 1026 0.7116 700.0000
1003 1027 0.6669 700.0000
1003 1030 0.6897 700.0000
1004 1006 0.7168 700.0000
1004 1018 0.8807 700.0000
1004 1019 0.7410 700.0000
1004 1020 0.4610 700.0000
1004 1021 0.7244 700.0000
1005 1007 0.6399 700.0000
1005 1017 0.6078 700.0000
1005 1018 0.6683 700.0000
1005 1019 0.5190 700.0000
1005 1020 0.6872 700.0000
1005 1030 0.8851 700.0000
1005 1034 0.8505 700.0000
1006 1008 0.5597 700.0000
1006 1016 0.7734 700.0000
1006 1017 0.7232 700.0000
1006 1018 0.4907 700.0000
1006 1019 0.8113 700.0000
1006 1020 0.7512 700.0000
1007 1009 0.8044 700.0000
1007 1015 0.6758 700.0000
1007 1016 0.6527 700.0000
1007 1017 0.5679 700.0000
1007 1018 0.7352 700.0000
1008 1010 0.6697 700.0000
1008 1015 0.7076 700.0000
1008 1016 0.5135 700.0000
1008 1017 0.7517 700.0000
1008 1018 0.6808 700.0000
1009 1011 0.5929 700.0000
1009 1012 0.7174 700.0000
1009 1013 0.8094 700.0000
1009 1014 0.7365 700.0000
1009 1015 0.5827 700.0000
1009 1016 0.7774 700.0000
1010 1012 0.6782 700.0000
1010 1013 0.8882 700.0000
1010 1014 0.5608 700.0000
1010 1015 0.6133 700.0000
1010 1016 0.5785 700.0000
1011 1013 0.6141 700.0000
1011 1014 0.4485 700.0000
1011 1015 0.7179 700.0000
1011 1016 0.8605 700.0000
1012 1014 0.6128 700.0000
1013 1015 0.8201 700.0000
1014 1016 0.7605 700.0000
1015 1017 0.6097 700.0000
1016 1018 0.5461 700.0000
1016 1019 0.8910 700.0000
1017 1019 0.5833 700.0000
1017 1031 0.8584 700.0000
1017 1034 0.7427 700.0000
1018 1020 0.6773 700.0000
1019 1021 0.8156 700.0000
1019 1027 0.5725 700.0000
1019 1028 0.8654 700.0000
1019 1030 0.6517 700.0000
1019 1031 0.5981 700.0000
1019 1034 0.7991 700.0000
1020 1022 0.7905 700.0000
1020 1027 0.6715 700.0000
1021 1023 0.6696 700.0000
1021 1024 0.6442 700.0000
1021 1025 0.7899 700.0000
1021 1026 0.6660 700.0000
1021 1027 0.5299 700.0000
1022 1024 0.7240 700.0000
1022 1025 0.8855 700.0000
1022 1026 0.7463 700.0000
1022 1027 0.8472 700.0000
1023 1025 0.6449 700.0000
1023 1026 0.5230 700.0000
1023 1027 0.8827 700.0000
1024 1026 0.5937 700.0000
1024 1027 0.5463 700.0000
1024 1028 0.6683 700.0000
1025 1027 0.5418 700.0000
1025 1028 0.5492 700.0000
1025 1029 0.6062 700.0000
1025 1030 0.8134 700.0000
1026 1028 0.7675 700.0000
1026 1029 0.5999 700.0000
1026 1030 0.7061 700.0000
1027 1029 0.6234 700.0000
1027 1030 0.5713 700.0000
1027 1031 0.6795 700.0000
1028 1030 0.6553 700.0000
1028 1031 0.5459 700.0000
1028 1032 0.6088 700.0000
1029 1031 0.7181 700.0000
1029 1032 0.4908 700.0000
1029 1033 0.5999 700.0000
1030 1032 0.6153 700.0000
1030 1033 0.4990 700.0000
1030 1034 0.6842 700.0000
1030 1035 0.8335 700.0000
1031 1033 0.8127 700.0000
1031 1034 0.7238 700.0000
1031 1035 0.6961 700.0000
1032 1034 0.8524 700.0000
1032 1035 0.6451 700.0000
1032 1036 0.7140 700.0000
1033 1035 0.5635 700.0000
1033 1036 0.5405 700.0000
1033 1037 0.5892 700.0000
1034 1036 0.6886 700.0000
1034 1037 0.6624 700.0000
1034 1038 0.5661 700.0000
1035 1037 0.6440 700.0000
1035 1038 0.5623 700.0000
1035 1039 0.5796 700.0000
1035 1040 0.8903 700.0000
1036 1038 0.7191 700.0000
1036 1039 0.5431 700.0000
1036 1040 0.6033 700.0000
1036 1041 0.8423 700.0000
1037 1039 0.7791 700.0000
1037 1040 0.5326 700.0000
1037 1041 0.6096 700.0000
1038 1040 0.8195 700.0000
1038 1041 0.6282 700.0000
1038 1042 0.5083 700.0000
1039 1041 0.7466 700.0000
1039 1042 0.5981 700.0000
1040 1042 0.7551 700.0000
1045 1047 0.7953 700.0000
1045 1084 0.6059 700.0000
1045 1085 0.4356 700.0000
1045 1086 0.6208 700.0000
1045 1087 0.8732 700.0000
1046 1048 0.6494 700.0000
1046 1083 0.8993 700.0000
1046 1084 0.7478 700.0000
1046 1085 0.5396 700.0000
1046 1086 0.6464 700.0000
1046 1087 0.5200 700.0000
1046 1090 0.7047 700.0000
1047 1049 0.6466 700.0000
1047 1082 0.6288 700.0000
1047 1083 0.6481 700.0000
1047 1084 0.5466 700.0000
1047 1085 0.7507 700.0000
1047 1090 0.8936 700.0000
1048 1050 0.7325 700.0000
1048 1082 0.7516 700.0000
1048 1083 0.5284 700.0000
1048 1084 0.8058 700.0000
1048 1085 0.8077 700.0000
1048 1087 0.7614 700.0000
1048 1090 0.5526 700.0000
1048 1091 0.8331 700.0000
1048 1094 0.6877 700.0000
1049 1051 0.6903 700.0000
1049 1080 0.5804 700.0000
1049 1081 0.6518 700.0000
1049 1082 0.5215 700.0000
1049 1083 0.6186 700.0000
1049 1094 0.8871 700.0000
1050 1052 0.6047 700.0000
1050 1079 0.7556 700.0000
1050 1080 0.5943 700.0000
1050 1081 0.4506 700.0000
1050 1082 0.7090 700.0000
1050 1083 0.6803 700.0000
1050 1094 0.6518 700.0000
1050 1097 0.7249 700.0000
1051 1053 0.7197 700.0000
1051 1078 0.8302 700.0000
1051 1079 0.5674 700.0000
1051 1080 0.5117 700.0000
1051 1081 0.6428 700.0000
1052 1054 0.6615 700.0000
1052 1055 0.7408 700.0000
1052 1057 0.6701 700.0000
1052 1058 0.5749 700.0000
1052 1061 0.8248 700.0000
1052 1078 0.7899 700.0000
1052 1079 0.4605 700.0000
1052 1080 0.7204 700.0000
1052 1081 0.6430 700.0000
1052 1097 0.7828 700.0000
1052 1101 0.6831 700.0000
1053 1055 0.6755 700.0000
1053 1057 0.6661 700.0000
1053 1058 0.8066 700.0000
1053 1078 0.8214 700.0000
1053 1079 0.6272 700.0000
1053 1101 0.8393 700.0000
1054 1056 0.4956 700.0000
1054 1057 0.4265 700.0000
1054 1058 0.6404 700.0000
1054 1059 0.8621 700.0000
1054 1078 0.8258 700.0000
1054 1079 0.6923 700.0000
1055 1057 0.6422 700.0000
1055 1058 0.5246 700.0000
1055 1059 0.6105 700.0000
1055 1076 0.6767 700.0000
1055 1078 0.5556 700.0000
1055 1079 0.5243 700.0000
1056 1058 0.7080 700.0000
1056 1059 0.6655 700.0000
1056 1060 0.7771 700.0000
1057 1059 0.7748 700.0000
1057 1060 0.6153 700.0000
1057 1061 0.6711 700.0000
1057 1079 0.8583 700.0000
1057 1101 0.7583 700.0000
1058 1060 0.6531 700.0000
1058 1061 0.5661 700.0000
1058 1062 0.6283 700.0000
1058 1063 0.8450 700.0000
1058 1076 0.5938 700.0000
1058 1078 0.8022 700.0000
1058 1079 0.5626 700.0000
1058 1081 0.6318 700.0000
1059 1061 0.7904 700.0000
1059 1062 0.5118 700.0000
1059 1063 0.6266 700.0000
1059 1076 0.5357 700.0000
1059 1079 0.8136 700.0000
1059 1081 0.8640 700.0000
1060 1062 0.8094 700.0000
1060 1063 0.5757 700.0000
1060 1064 0.5813 700.0000
1061 1063 0.7648 700.0000
1061 1064 0.4939 700.0000
1061 1065 0.5746 700.0000
1061 1081 0.8434 700.0000
1061 1093 0.8658 700.0000
1061 1096 0.6712 700.0000
1061 1097 0.6111 700.0000
1061 1100 0.7883 700.0000
1061 1101 0.7874 700.0000
1062 1064 0.7883 700.0000
1062 1065 0.6335 700.0000
1062 1066 0.5526 700.0000
1062 1073 0.8884 700.0000
1062 1074 0.4744 700.0000
1062 1075 0.8098 700.0000
1062 1076 0.6466 700.0000
1062 1081 0.7119 700.0000
1063 1065 0.7553 700.0000
1063 1066 0.6441 700.0000
1063 1067 0.7670 700.0000
1064 1066 0.7771 700.0000
1064 1067 0.7175 700.0000
1064 1068 0.7454 700.0000
1064 1096 0.7539 700.0000
1065 1067 0.7710 700.0000
1065 1068 0.5720 700.0000
1065 1069 0.5077 700.0000
1065 1072 0.7042 700.0000
1065 1074 0.6906 700.0000
1065 1083 0.8977 700.0000
1065 1092 0.8626 700.0000
1065 1093 0.6146 700.0000
1065 1096 0.6594 700.0000
1065 1097 0.8128 700.0000
1066 1068 0.7692 700.0000
1066 1069 0.6545 700.0000
1066 1070 0.6626 700.0000
1066 1072 0.6295 700.0000
1066 1073 0.7741 700.0000
1066 1074 0.5716 700.0000
1067 1069 0.8178 700.0000
1067 1070 0.7594 700.0000
1068 1070 0.7714 700.0000
1068 1089 0.8980 700.0000
1068 1092 0.8322 700.0000
1068 1093 0.8145 700.0000
1068 1096 0.7467 700.0000
1069 1071 0.7647 700.0000
1069 1072 0.5301 700.0000
1069 1074 0.8912 700.0000
1069 1089 0.5477 700.0000
1069 1090 0.8439 700.0000
1069 1092 0.6730 700.0000
1069 1093 0.6275 700.0000
1069 1096 0.8379 700.0000
1070 1072 0.6558 700.0000
1070 1089 0.8568 700.0000
1071 1073 0.8922 700.0000
1071 1085 0.7772 700.0000
1071 1086 0.7235 700.0000
1071 1089 0.6736 700.0000
1072 1074 0.5508 700.0000
1072 1083 0.6178 700.0000
1072 1084 0.6127 700.0000
1072 1085 0.6040 700.0000
1072 1086 0.7486 700.0000
1072 1089 0.5768 700.0000
1072 1090 0.7010 700.0000
1072 1093 0.8033 700.0000
1073 1075 0.6082 700.0000
1073 1082 0.7299 700.0000
1073 1083 0.6841 700.0000
1073 1084 0.4491 700.0000
1073 1085 0.7377 700.0000
1074 1076 0.7872 700.0000
1074 1081 0.6367 700.0000
1074 1082 0.6055 700.0000
1074 1083 0.5740 700.0000
1074 1084 0.7370 700.0000
1075 1077 0.7362 700.0000
1075 1080 0.8601 700.0000
1075 1081 0.7347 700.0000
1075 1082 0.4622 700.0000
1075 1083 0.7827 700.0000
1075 1084 0.7923 700.0000
1076 1078 0.5750 700.0000
1076 1079 0.5604 700.0000
1076 1080 0.6943 700.0000
1076 1081 0.6042 700.0000
1076 1082 0.7861 700.0000
1077 1079 0.6813 700.0000
1077 1080 0.5771 700.0000
1077 1081 0.8520 700.0000
1077 1082 0.8253 700.0000
1078 1080 0.5680 700.0000
1078 1081 0.8335 700.0000
1079 1081 0.5827 700.0000
1080 1082 0.6156 700.0000
1081 1083 0.5974 700.0000
1081 1097 0.8646 700.0000
1082 1084 0.6790 700.0000
1083 1085 0.6929 700.0000
1083 1089 0.8790 700.0000
1083 1090 0.5452 700.0000
1083 1093 0.7586 700.0000
1083 1094 0.7510 700.0000
1084 1086 0.7875 700.0000
1084 1090 0.7854 700.0000
1085 1087 0.6928 700.0000
1085 1088 0.8384 700.0000
1085 1089 0.6175 700.0000
1085 1090 0.5827 700.0000
1086 1088 0.5075 700.0000
1086 1089 0.4311 700.0000
1086 1090 0.5965 700.0000
1086 1091 0.8213 700.0000
1087 1089 0.7105 700.0000
1087 1090 0.5138 700.0000
1087 1091 0.5649 700.0000
1087 1092 0.8979 700.0000
1088 1090 0.6703 700.0000
1088 1091 0.5708 700.0000
1088 1092 0.7173 700.0000
1089 1091 0.6483 700.0000
1089 1092 0.6036 700.0000
1089 1093 0.7044 700.0000
1090 1092 0.6216 700.0000
1090 1093 0.5801 700.0000
1090 1094 0.5810 700.0000
1091 1093 0.5612 700.0000
1091 1094 0.5234 700.0000
1091 1095 0.6484 700.0000
1092 1094 0.6283 700.0000
1092 1095 0.4920 700.0000
1092 1096 0.6625 700.0000
1092 1097 0.8354 700.0000
1093 1095 0.6098 700.0000
1093 1096 0.5378 700.0000
1093 1097 0.5736 700.0000
1093 1098 0.8272 700.0000
1094 1096 0.8499 700.0000
1094 1097 0.5809 700.0000
1094 1098 0.6990 700.0000
1095 1097 0.7166 700.0000
1095 1098 0.5641 700.0000
1095 1099 0.5460 700.0000
1096 1098 0.6988 700.0000
1096 1099 0.5586 700.0000
1096 1100 0.7061 700.0000
1097 1099 0.6794 700.0000
1097 1100 0.6083 700.0000
1097 1101 0.5566 700.0000
1098 1100 0.5739 700.0000
1098 1101 0.6069 700.0000
1098 1102 0.7304 700.0000
1099 1101 0.8063 700.0000
1099 1102 0.8386 700.0000
1100 1102 0.6003 700.0000
1118 1120 0.6368 700.0000
1118 1156 0.7866 700.0000
1118 1157 0.6377 700.0000
1118 1158 0.4256 700.0000
1118 1159 0.7468 700.0000
1118 1160 0.7444 700.0000
1118 1174 0.5710 700.0000
1118 1177 0.6724 700.0000
1118 1178 0.7656 700.0000
1119 1121 0.8648 700.0000
1119 1152 0.8249 700.0000
1119 1155 0.5006 700.0000
1119 1156 0.6547 700.0000
1119 1157 0.5316 700.0000
1119 1158 0.7504 700.0000
1120 1122 0.6151 700.0000
1120 1123 0.8335 700.0000
1120 1124 0.7307 700.0000
1120 1125 0.6632 700.0000
1120 1155 0.5784 700.0000
1120 1156 0.4393 700.0000
1120 1157 0.6652 700.0000
1120 1158 0.7202 700.0000
1120 1181 0.7427 700.0000
1121 1123 0.4678 700.0000
1121 1124 0.5413 700.0000
1121 1125 0.7822 700.0000
1121 1126 0.8449 700.0000
1121 1153 0.8936 700.0000
1121 1154 0.6340 700.0000
1121 1155 0.6154 700.0000
1121 1156 0.6683 700.0000
1122 1124 0.7108 700.0000
1122 1125 0.5971 700.0000
1122 1126 0.5516 700.0000
1122 1127 0.8958 700.0000
1122 1151 0.6226 700.0000
1122 1153 0.6890 700.0000
1122 1154 0.6241 700.0000
1122 1155 0.6461 700.0000
1122 1156 0.4918 700.0000
1122 1157 0.8946 700.0000
1123 1125 0.7106 700.0000
1123 1126 0.4930 700.0000
1123 1127 0.6031 700.0000
1123 1128 0.8700 700.0000
1123 1154 0.8075 700.0000
1123 1156 0.8546 700.0000
1124 1126 0.7758 700.0000
1124 1127 0.5442 700.0000
1124 1128 0.6062 700.0000
1124 1181 0.6752 700.0000
1124 1184 0.8742 700.0000
1124 1185 0.6684 700.0000
1125 1127 0.7422 700.0000
1125 1128 0.5852 700.0000
1125 1129 0.4742 700.0000
1125 1130 0.8563 700.0000
1125 1132 0.6059 700.0000
1125 1133 0.7939 700.0000
1125 1149 0.8042 700.0000
1125 1151 0.8671 700.0000
1125 1156 0.5732 700.0000
1125 1158 0.8359 700.0000
1125 1181 0.7790 700.0000
1126 1128 0.7652 700.0000
1126 1129 0.5500 700.0000
1126 1151 0.8617 700.0000
1126 1156 0.8511 700.0000
1127 1129 0.7445 700.0000
1127 1130 0.8756 700.0000
1127 1185 0.8604 700.0000
1128 1130 0.6436 700.0000
1128 1131 0.5707 700.0000
1128 1132 0.5445 700.0000
1128 1180 0.8769 700.0000
1128 1181 0.6461 700.0000
1128 1184 0.5700 700.0000
1128 1185 0.6643 700.0000
1128 1187 0.8363 700.0000
1129 1131 0.8146 700.0000
1129 1132 0.6272 700.0000
1129 1133 0.5769 700.0000
1130 1132 0.6326 700.0000
1130 1133 0.5800 700.0000
1130 1134 0.6853 700.0000
1131 1133 0.7678 700.0000
1131 1134 0.6159 700.0000
1131 1135 0.7061 700.0000
1131 1180 0.7871 700.0000
1131 1183 0.8696 700.0000
1131 1184 0.6213 700.0000
1131 1187 0.7717 700.0000
1132 1134 0.7257 700.0000
1132 1135 0.6058 700.0000
1132 1136 0.6186 700.0000
1132 1177 0.6407 700.0000
1132 1180 0.6741 700.0000
1132 1181 0.6683 700.0000
1132 1184 0.7826 700.0000
1133 1135 0.7613 700.0000
1133 1136 0.5323 700.0000
1133 1137 0.7181 700.0000
1133 1149 0.8663 700.0000
1134 1136 0.7294 700.0000
1134 1137 0.6239 700.0000
1134 1138 0.6349 700.0000
1135 1137 0.6549 700.0000
1135 1138 0.4786 700.0000
1135 1139 0.5897 700.0000
1135 1176 0.7180 700.0000
1135 1177 0.7236 700.0000
1135 1180 0.6261 700.0000
1136 1138 0.7104 700.0000
1136 1139 0.5173 700.0000
1136 1140 0.5765 700.0000
1136 1145 0.8613 700.0000
1136 1147 0.6429 700.0000
1136 1149 0.8871 700.0000
1136 1158 0.8461 700.0000
1136 1160 0.7710 700.0000
1136 1173 0.8616 700.0000
1136 1177 0.6842 700.0000
1137 1139 0.6007 700.0000
1137 1140 0.4739 700.0000
1137 1141 0.5487 700.0000
1137 1145 0.8975 700.0000
1137 1147 0.8553 700.0000
1138 1140 0.7688 700.0000
1138 1141 0.5897 700.0000
1138 1142 0.6676 700.0000
1139 1141 0.7035 700.0000
1139 1142 0.5871 700.0000
1139 1143 0.5283 700.0000
1139 1145 0.6461 700.0000
1139 1147 0.8708 700.0000
1139 1160 0.7527 700.0000
1139 1173 0.5458 700.0000
1139 1176 0.6254 700.0000
1139 1177 0.7664 700.0000
1140 1143 0.8051 700.0000
1140 1144 0.7089 700.0000
1140 1145 0.4404 700.0000
1140 1146 0.5699 700.0000
1140 1147 0.5773 700.0000
1140 1160 0.7813 700.0000
1140 1163 0.8039 700.0000
1140 1173 0.8963 700.0000
1141 1143 0.8469 700.0000
1141 1144 0.7595 700.0000
1141 1145 0.8200 700.0000
1142 1169 0.8735 700.0000
1142 1172 0.8601 700.0000
1142 1173 0.8366 700.0000
1142 1176 0.8053 700.0000
1143 1145 0.6489 700.0000
1143 1169 0.4801 700.0000
1143 1170 0.7397 700.0000
1143 1171 0.8527 700.0000
1143 1172 0.5753 700.0000
1143 1173 0.5418 700.0000
1143 1176 0.7623 700.0000
1144 1146 0.7396 700.0000
1144 1162 0.6281 700.0000
1144 1163 0.4208 700.0000
1144 1164 0.6493 700.0000
1144 1167 0.7578 700.0000
1144 1169 0.7401 700.0000
1145 1147 0.6533 700.0000
1145 1160 0.6004 700.0000
1145 1161 0.6825 700.0000
1145 1162 0.5585 700.0000
1145 1163 0.5451 700.0000
1145 1168 0.8827 700.0000
1145 1169 0.7311 700.0000
1145 1170 0.7107 700.0000
1145 1173 0.7308 700.0000
1146 1148 0.6758 700.0000
1146 1159 0.7905 700.0000
1146 1160 0.6959 700.0000
1146 1161 0.5095 700.0000
1146 1162 0.6457 700.0000
1146 1163 0.5209 700.0000
1147 1149 0.6543 700.0000
1147 1158 0.7519 700.0000
1147 1159 0.6139 700.0000
1147 1160 0.5666 700.0000
1147 1161 0.7182 700.0000
1148 1150 0.7138 700.0000
1148 1157 0.8710 700.0000
1148 1158 0.7548 700.0000
1148 1159 0.4550 700.0000
1148 1160 0.7526 700.0000
1148 1161 0.6685 700.0000
1149 1151 0.7821 700.0000
1149 1156 0.6840 700.0000
1149 1157 0.6355 700.0000
1149 1158 0.5592 700.0000
1149 1159 0.7273 700.0000
1150 1152 0.5966 700.0000
1150 1153 0.8957 700.0000
1150 1155 0.8721 700.0000
1150 1156 0.5525 700.0000
1150 1157 0.3954 700.0000
1150 1158 0.6702 700.0000
1150 1159 0.7895 700.0000
1151 1153 0.5170 700.0000
1151 1154 0.8581 700.0000
1151 1155 0.7619 700.0000
1151 1156 0.5405 700.0000
1151 1157 0.7161 700.0000
1152 1154 0.8940 700.0000
1152 1155 0.5973 700.0000
1152 1156 0.7271 700.0000
1152 1157 0.5877 700.0000
1153 1155 0.5677 700.0000
1153 1156 0.7622 700.0000
1154 1156 0.8823 700.0000
1155 1157 0.6340 700.0000
1156 1158 0.6348 700.0000
1157 1159 0.7170 700.0000
1158 1160 0.6000 700.0000
1158 1174 0.7198 700.0000
1158 1177 0.6850 700.0000
1159 1161 0.5628 700.0000
1159 1174 0.7563 700.0000
1160 1162 0.8524 700.0000
1160 1170 0.5921 700.0000
1160 1171 0.8524 700.0000
1160 1173 0.5524 700.0000
1160 1174 0.4627 700.0000
1160 1177 0.7749 700.0000
1161 1163 0.7534 700.0000
1161 1168 0.8874 700.0000
1161 1170 0.7812 700.0000
1162 1164 0.5380 700.0000
1162 1165 0.7271 700.0000
1162 1167 0.6722 700.0000
1162 1168 0.5406 700.0000
1162 1169 0.7111 700.0000
1162 1170 0.6692 700.0000
1163 1165 0.8881 700.0000
1163 1167 0.8876 700.0000
1164 1166 0.5041 700.0000
1164 1167 0.4161 700.0000
1164 1168 0.7268 700.0000
1164 1169 0.8445 700.0000
1165 1167 0.8861 700.0000
1166 1168 0.8506 700.0000
1167 1169 0.5723 700.0000
1168 1170 0.4746 700.0000
1168 1171 0.6892 700.0000
1168 1172 0.8305 700.0000
1169 1171 0.6414 700.0000
1169 1172 0.5099 700.0000
1169 1173 0.6900 700.0000
1170 1172 0.6174 700.0000
1170 1173 0.5235 700.0000
1170 1174 0.5306 700.0000
1170 1175 0.8755 700.0000
1171 1173 0.5699 700.0000
1171 1174 0.5471 700.0000
1171 1175 0.6561 700.0000
1172 1174 0.7973 700.0000
1172 1175 0.6094 700.0000
1172 1176 0.7363 700.0000
1173 1175 0.5104 700.0000
1173 1176 0.5000 700.0000
1173 1177 0.6722 700.0000
1173 1178 0.8221 700.0000
1174 1176 0.7829 700.0000
1174 1177 0.6768 700.0000
1174 1178 0.7561 700.0000
1175 1177 0.6685 700.0000
1175 1178 0.4734 700.0000
1175 1179 0.5451 700.0000
1175 1180 0.8405 700.0000
1176 1178 0.5987 700.0000
1176 1179 0.4963 700.0000
1176 1180 0.6117 700.0000
1177 1179 0.7169 700.0000
1177 1180 0.5513 700.0000
1177 1181 0.5937 700.0000
1177 1182 0.8722 700.0000
1178 1180 0.6184 700.0000
1178 1181 0.6238 700.0000
1178 1182 0.5735 700.0000
1179 1181 0.7964 700.0000
1179 1182 0.5360 700.0000
1179 1183 0.7357 700.0000
1180 1182 0.5952 700.0000
1180 1183 0.5435 700.0000
1180 1184 0.5934 700.0000
1180 1185 0.7953 700.0000
1181 1183 0.8262 700.0000
1181 1184 0.6011 700.0000
1181 1185 0.5684 700.0000
1182 1184 0.7147 700.0000
1182 1185 0.6256 700.0000
1182 1186 0.7000 700.0000
1183 1185 0.6603 700.0000
1183 1186 0.5428 700.0000
1183 1187 0.5706 700.0000
1184 1186 0.5355 700.0000
1184 1187 0.4213 700.0000
1185 1187 0.5973 700.0000
1189 1191 0.6701 700.0000
1189 1232 0.8724 700.0000
1189 1233 0.7275 700.0000
1189 1234 0.5228 700.0000
1189 1235 0.6759 700.0000
1189 1236 0.5445 700.0000
1189 1239 0.6447 700.0000
1190 1192 0.6352 700.0000
1190 1224 0.8930 700.0000
1190 1231 0.5515 700.0000
1190 1232 0.6913 700.0000
1190 1233 0.5949 700.0000
1190 1234 0.8461 700.0000
1191 1193 0.5940 700.0000
1191 1230 0.8341 700.0000
1191 1231 0.7067 700.0000
1191 1232 0.5144 700.0000
1191 1233 0.7868 700.0000
1191 1234 0.8429 700.0000
1191 1239 0.6090 700.0000
1191 1240 0.8537 700.0000
1191 1243 0.6372 700.0000
1192 1194 0.6393 700.0000
1192 1229 0.6418 700.0000
1192 1230 0.6847 700.0000
1192 1231 0.5420 700.0000
1192 1232 0.6850 700.0000
1193 1195 0.6559 700.0000
1193 1197 0.8029 700.0000
1193 1198 0.8345 700.0000
1193 1229 0.6354 700.0000
1193 1230 0.4693 700.0000
1193 1231 0.6777 700.0000
1193 1232 0.6641 700.0000
1193 1243 0.6758 700.0000
1193 1246 0.7765 700.0000
1193 1247 0.8184 700.0000
1194 1196 0.5619 700.0000
1194 1197 0.5994 700.0000
1194 1198 0.8090 700.0000
1194 1228 0.6821 700.0000
1194 1229 0.5983 700.0000
1194 1230 0.8100 700.0000
1195 1197 0.6121 700.0000
1195 1198 0.5370 700.0000
1195 1199 0.7022 700.0000
1195 1202 0.4699 700.0000
1195 1205 0.7767 700.0000
1195 1206 0.8988 700.0000
1195 1225 0.8299 700.0000
1195 1226 0.8375 700.0000
1195 1227 0.8669 700.0000
1195 1228 0.6271 700.0000
1195 1229 0.5556 700.0000
1195 1230 0.6654 700.0000
1196 1198 0.7760 700.0000
1196 1199 0.7279 700.0000
1196 1202 0.7595 700.0000
1196 1228 0.6321 700.0000
1196 1229 0.8997 700.0000
1197 1199 0.6046 700.0000
1197 1202 0.8853 700.0000
1197 1247 0.8147 700.0000
1198 1200 0.8395 700.0000
1198 1201 0.5197 700.0000
1198 1202 0.6680 700.0000
1198 1205 0.7999 700.0000
1198 1246 0.7582 700.0000
1198 1247 0.6724 700.0000
1199 1201 0.5544 700.0000
1199 1202 0.5790 700.0000
1199 1203 0.8467 700.0000
1200 1202 0.8519 700.0000
1200 1203 0.7395 700.0000
1201 1203 0.7826 700.0000
1201 1204 0.6394 700.0000
1201 1205 0.7135 700.0000
1201 1246 0.8523 700.0000
1201 1247 0.8716 700.0000
1202 1205 0.6742 700.0000
1202 1206 0.6427 700.0000
1202 1227 0.8030 700.0000
1202 1228 0.8101 700.0000
1202 1229 0.8872 700.0000
1203 1205 0.7685 700.0000
1203 1206 0.6625 700.0000
1203 1207 0.7401 700.0000
1204 1206 0.7677 700.0000
1204 1207 0.4471 700.0000
1204 1209 0.7833 700.0000
1204 1210 0.6302 700.0000
1205 1207 0.6496 700.0000
1205 1210 0.5070 700.0000
1205 1211 0.8424 700.0000
1205 1225 0.7130 700.0000
1205 1230 0.7543 700.0000
1205 1246 0.7291 700.0000
1206 1208 0.8446 700.0000
1206 1210 0.8182 700.0000
1206 1225 0.6213 700.0000
1206 1227 0.8710 700.0000
1207 1209 0.5917 700.0000
1207 1210 0.6451 700.0000
1207 1211 0.8159 700.0000
1208 1210 0.7255 700.0000
1208 1211 0.5770 700.0000
1208 1212 0.6158 700.0000
1209 1211 0.7043 700.0000
1209 1212 0.6133 700.0000
1209 1213 0.6069 700.0000
1210 1212 0.7159 700.0000
1210 1213 0.6046 700.0000
1210 1214 0.5802 700.0000
1210 1215 0.8540 700.0000
1210 1223 0.7926 700.0000
1210 1245 0.7307 700.0000
1210 1246 0.7772 700.0000
1211 1213 0.5992 700.0000
1211 1214 0.5693 700.0000
1211 1215 0.4846 700.0000
1211 1216 0.8529 700.0000
1211 1223 0.6760 700.0000
1212 1214 0.7862 700.0000
1212 1215 0.5146 700.0000
1212 1216 0.6413 700.0000
1213 1215 0.7779 700.0000
1213 1216 0.5436 700.0000
1213 1217 0.5335 700.0000
1213 1218 0.8651 700.0000
1213 1245 0.7955 700.0000
1214 1216 0.8013 700.0000
1214 1217 0.6656 700.0000
1214 1218 0.4513 700.0000
1214 1219 0.7541 700.0000
1214 1221 0.6458 700.0000
1214 1222 0.8820 700.0000
1214 1223 0.6001 700.0000
1214 1232 0.8956 700.0000
1214 1242 0.6706 700.0000
1214 1245 0.6316 700.0000
1214 1246 0.7947 700.0000
1215 1218 0.8496 700.0000
1215 1219 0.7312 700.0000
1215 1221 0.8437 700.0000
1215 1222 0.8364 700.0000
1215 1223 0.6884 700.0000
1216 1218 0.8232 700.0000
1216 1219 0.7580 700.0000
1217 1219 0.8812 700.0000
1217 1245 0.6115 700.0000
1218 1220 0.6843 700.0000
1218 1221 0.5516 700.0000
1218 1238 0.7242 700.0000
1218 1239 0.8788 700.0000
1218 1241 0.6733 700.0000
1218 1242 0.5347 700.0000
1218 1245 0.6733 700.0000
1219 1221 0.5719 700.0000
1219 1238 0.7975 700.0000
1220 1234 0.7753 700.0000
1220 1235 0.7320 700.0000
1220 1238 0.5253 700.0000
1221 1223 0.7066 700.0000
1221 1232 0.6541 700.0000
1221 1233 0.5806 700.0000
1221 1234 0.6145 700.0000
1221 1235 0.8180 700.0000
1221 1238 0.6508 700.0000
1221 1239 0.6688 700.0000
1221 1242 0.6916 700.0000
1222 1224 0.6174 700.0000
1222 1231 0.7329 700.0000
1222 1232 0.6873 700.0000
1222 1233 0.4876 700.0000
1222 1234 0.8186 700.0000
1223 1225 0.6137 700.0000
1223 1230 0.6393 700.0000
1223 1231 0.6962 700.0000
1223 1232 0.6737 700.0000
1223 1233 0.8204 700.0000
1224 1226 0.5799 700.0000
1224 1229 0.7376 700.0000
1224 1230 0.6023 700.0000
1224 1231 0.4356 700.0000
1224 1232 0.7242 700.0000
1224 1233 0.8260 700.0000
1225 1227 0.8128 700.0000
1225 1229 0.6258 700.0000
1225 1230 0.5364 700.0000
1225 1231 0.7294 700.0000
1226 1228 0.6870 700.0000
1226 1229 0.4145 700.0000
1226 1230 0.7110 700.0000
1226 1231 0.7210 700.0000
1227 1229 0.7357 700.0000
1229 1231 0.6281 700.0000
1230 1232 0.5573 700.0000
1230 1243 0.8909 700.0000
1230 1246 0.7301 700.0000
1231 1233 0.6485 700.0000
1232 1234 0.7089 700.0000
1232 1239 0.5775 700.0000
1232 1242 0.7000 700.0000
1232 1243 0.7311 700.0000
1232 1246 0.8944 700.0000
1233 1235 0.8112 700.0000
1233 1239 0.6877 700.0000
1234 1236 0.5877 700.0000
1234 1237 0.8618 700.0000
1234 1238 0.6474 700.0000
1234 1239 0.5020 700.0000
1235 1237 0.6016 700.0000
1235 1238 0.4893 700.0000
1235 1239 0.6522 700.0000
1236 1238 0.6227 700.0000
1236 1239 0.5335 700.0000
1236 1240 0.6899 700.0000
1237 1239 0.6974 700.0000
1237 1240 0.6247 700.0000
1237 1241 0.6547 700.0000
1238 1240 0.6984 700.0000
1238 1241 0.5818 700.0000
1238 1242 0.7732 700.0000
1239 1241 0.7149 700.0000
1239 1242 0.5652 700.0000
1239 1243 0.6324 700.0000
1240 1242 0.5202 700.0000
1240 1243 0.5124 700.0000
1240 1244 0.6048 700.0000
1241 1243 0.8305 700.0000
1241 1244 0.6351 700.0000
1241 1245 0.8682 700.0000
1242 1244 0.6190 700.0000
1242 1245 0.5822 700.0000
1242 1246 0.6030 700.0000
1242 1247 0.8242 700.0000
1243 1245 0.8895 700.0000
1243 1246 0.6233 700.0000
1243 1247 0.5751 700.0000
1244 1246 0.7333 700.0000
1244 1247 0.6156 700.0000
1245 1247 0.7791 700.0000
1296 1298 0.6437 700.0000
1297 1299 0.6964 700.0000
1298 1300 0.8057 700.0000
1298 1307 0.5555 700.0000
1298 1308 0.5358 700.0000
1298 1309 0.8067 700.0000
1298 1311 0.8172 700.0000
1299 1301 0.6829 700.0000
1299 1306 0.8575 700.0000
1299 1307 0.5608 700.0000
1299 1308 0.4364 700.0000
1299 1309 0.8718 700.0000
1299 1311 0.7897 700.0000
1299 1320 0.6607 700.0000
1299 1321 0.8847 700.0000
1299 1322 0.8778 700.0000
1300 1302 0.6430 700.0000
1300 1304 0.7642 700.0000
1300 1305 0.6678 700.0000
1300 1306 0.6519 700.0000
1300 1307 0.5863 700.0000
1300 1308 0.6362 700.0000
1300 1320 0.8535 700.0000
1300 1321 0.8881 700.0000
1301 1303 0.4802 700.0000
1301 1304 0.4274 700.0000
1301 1305 0.6508 700.0000
1301 1306 0.5951 700.0000
1301 1307 0.6894 700.0000
1301 1308 0.5692 700.0000
1301 1309 0.7807 700.0000
1301 1320 0.8033 700.0000
1301 1321 0.5393 700.0000
1301 1322 0.5055 700.0000
1301 1325 0.6631 700.0000
1301 1326 0.8704 700.0000
1302 1304 0.6513 700.0000
1302 1305 0.6432 700.0000
1302 1306 0.8838 700.0000
1302 1321 0.6387 700.0000
1302 1322 0.8629 700.0000
1302 1325 0.8664 700.0000
1302 1337 0.6845 700.0000
1302 1338 0.6830 700.0000
1303 1305 0.7357 700.0000
1303 1306 0.8590 700.0000
1303 1321 0.6676 700.0000
1303 1322 0.7049 700.0000
1303 1324 0.8955 700.0000
1303 1325 0.5009 700.0000
1303 1326 0.7198 700.0000
1303 1329 0.7878 700.0000
1303 1337 0.7099 700.0000
1304 1306 0.4105 700.0000
1304 1307 0.7513 700.0000
1304 1308 0.8307 700.0000
1304 1309 0.8551 700.0000
1304 1321 0.8901 700.0000
1304 1322 0.6544 700.0000
1304 1325 0.6282 700.0000
1305 1307 0.8824 700.0000
1306 1308 0.7520 700.0000
1306 1309 0.8121 700.0000
1306 1322 0.8116 700.0000
1307 1309 0.6281 700.0000
1307 1322 0.7873 700.0000
1308 1310 0.7236 700.0000
1308 1311 0.5601 700.0000
1308 1320 0.6850 700.0000
1308 1321 0.7267 700.0000
1308 1322 0.5038 700.0000
1308 1323 0.8678 700.0000
1309 1311 0.7144 700.0000
1309 1322 0.4319 700.0000
1309 1323 0.6716 700.0000
1309 1324 0.7206 700.0000
1309 1325 0.8134 700.0000
1310 1312 0.7859 700.0000
1310 1322 0.6210 700.0000
1310 1323 0.5569 700.0000
1310 1324 0.7067 700.0000
1311 1313 0.5968 700.0000
1311 1320 0.5458 700.0000
1311 1321 0.7517 700.0000
1311 1322 0.7216 700.0000
1311 1323 0.7987 700.0000
1312 1314 0.5973 700.0000
1312 1315 0.8737 700.0000
1312 1320 0.7647 700.0000
1312 1321 0.6016 700.0000
1312 1322 0.7111 700.0000
1312 1323 0.4927 700.0000
1312 1324 0.8126 700.0000
1312 1325 0.8792 700.0000
1312 1326 0.5837 700.0000
1312 1327 0.6991 700.0000
1313 1315 0.6159 700.0000
1313 1317 0.7869 700.0000
1313 1318 0.5660 700.0000
1313 1319 0.7293 700.0000
1313 1320 0.5480 700.0000
1313 1321 0.7089 700.0000
1314 1316 0.6800 700.0000
1314 1317 0.5012 700.0000
1314 1318 0.5783 700.0000
1314 1319 0.5607 700.0000
1314 1320 0.7410 700.0000
1314 1321 0.6707 700.0000
1314 1326 0.7676 700.0000
1314 1330 0.8731 700.0000
1314 1336 0.6852 700.0000
1314 1341 0.8379 700.0000
1314 1343 0.6117 700.0000
1315 1317 0.6115 700.0000
1315 1318 0.5551 700.0000
1315 1319 0.8686 700.0000
1315 1343 0.6198 700.0000
1316 1318 0.7425 700.0000
1316 1341 0.6225 700.0000
1316 1342 0.7124 700.0000
1316 1343 0.4919 700.0000
1317 1319 0.4026 700.0000
1317 1320 0.8821 700.0000
1317 1336 0.6395 700.0000
1317 1338 0.7828 700.0000
1317 1339 0.6155 700.0000
1317 1341 0.6166 700.0000
1317 1343 0.7292 700.0000
1318 1320 0.7406 700.0000
1319 1321 0.6503 700.0000
1319 1336 0.6154 700.0000
1319 1337 0.7881 700.0000
1319 1338 0.5638 700.0000
1319 1339 0.6579 700.0000
1319 1341 0.8550 700.0000
1320 1322 0.8453 700.0000
1321 1323 0.7120 700.0000
1321 1324 0.8886 700.0000
1321 1325 0.6818 700.0000
1321 1326 0.5238 700.0000
1321 1336 0.7855 700.0000
1321 1337 0.7392 700.0000
1321 1338 0.8142 700.0000
1322 1324 0.5199 700.0000
1322 1325 0.4513 700.0000
1322 1326 0.6666 700.0000
1322 1327 0.8630 700.0000
1323 1325 0.5389 700.0000
1323 1326 0.5366 700.0000
1323 1327 0.5116 700.0000
1323 1328 0.8967 700.0000
1324 1326 0.6364 700.0000
1324 1327 0.5420 700.0000
1324 1328 0.6800 700.0000
1325 1327 0.6562 700.0000
1325 1328 0.6133 700.0000
1325 1329 0.7045 700.0000
1326 1328 0.7307 700.0000
1326 1329 0.5244 700.0000
1326 1330 0.5391 700.0000
1326 1331 0.8608 700.0000
1326 1336 0.8259 700.0000
1326 1337 0.7735 700.0000
1327 1329 0.6408 700.0000
1327 1330 0.6113 700.0000
1327 1331 0.6931 700.0000
1328 1330 0.8352 700.0000
1328 1331 0.5949 700.0000
1328 1332 0.5847 700.0000
1329 1331 0.5083 700.0000
1329 1332 0.5225 700.0000
1329 1333 0.6621 700.0000
1329 1334 0.7580 700.0000
1329 1335 0.7379 700.0000
1329 1336 0.8928 700.0000
1329 1337 0.7480 700.0000
1330 1332 0.7876 700.0000
1330 1333 0.6711 700.0000
1330 1334 0.4600 700.0000
1330 1335 0.5824 700.0000
1330 1336 0.7701 700.0000
1330 1337 0.8219 700.0000
1330 1342 0.8991 700.0000
1330 1343 0.7063 700.0000
1331 1333 0.7608 700.0000
1331 1334 0.7412 700.0000
1333 1335 0.4522 700.0000
1333 1336 0.8924 700.0000
1333 1337 0.8476 700.0000
1333 1340 0.8326 700.0000
1333 1342 0.8959 700.0000
1333 1346 0.8043 700.0000
1334 1336 0.8374 700.0000
1334 1341 0.8394 700.0000
1334 1342 0.5908 700.0000
1334 1343 0.6499 700.0000
1334 1344 0.5713 700.0000
1334 1345 0.8507 700.0000
1334 1346 0.6330 700.0000
1335 1337 0.5908 700.0000
1335 1338 0.8782 700.0000
1335 1339 0.7518 700.0000
1335 1340 0.5546 700.0000
1335 1341 0.5877 700.0000
1335 1342 0.5799 700.0000
1335 1343 0.6791 700.0000
1335 1344 0.8449 700.0000
1336 1338 0.4675 700.0000
1336 1339 0.4263 700.0000
1336 1340 0.5894 700.0000
1336 1341 0.4965 700.0000
1336 1342 0.7811 700.0000
1336 1343 0.6948 700.0000
1337 1339 0.6445 700.0000
1337 1340 0.6697 700.0000
1337 1341 0.8298 700.0000
1338 1340 0.7158 700.0000
1338 1341 0.8236 700.0000
1339 1341 0.4536 700.0000
1339 1342 0.8680 700.0000
1340 1342 0.7897 700.0000
1341 1343 0.5480 700.0000
1341 1344 0.8802 700.0000
1342 1344 0.4636 700.0000
1342 1345 0.8215 700.0000
1344 1346 0.6683 700.0000
1344 1347 0.8335 700.0000
1345 1347 0.5753 700.0000
1348 1350 0.6046 700.0000
1348 1351 0.8759 700.0000
1348 1387 0.6817 700.0000
1348 1420 0.8800 700.0000
1348 1423 0.6819 700.0000
1348 1424 0.4084 700.0000
1348 1425 0.5391 700.0000
1348 1428 0.7971 700.0000
1348 1444 0.8364 700.0000
1349 1351 0.6649 700.0000
1349 1385 0.7840 700.0000
1349 1387 0.5178 700.0000
1349 1388 0.5236 700.0000
1349 1389 0.8799 700.0000
1349 1424 0.6153 700.0000
1349 1425 0.7876 700.0000
1349 1427 0.8527 700.0000
1349 1428 0.5014 700.0000
1349 1429 0.5889 700.0000
1349 1444 0.8144 700.0000
1350 1352 0.7706 700.0000
1350 1353 0.7315 700.0000
1350 1379 0.7254 700.0000
1350 1420 0.8236 700.0000
1350 1421 0.6005 700.0000
1350 1422 0.8794 700.0000
1350 1423 0.8885 700.0000
1350 1424 0.3623 700.0000
1350 1425 0.6606 700.0000
1350 1426 0.6345 700.0000
1350 1427 0.5230 700.0000
1350 1428 0.6660 700.0000
1350 1429 0.8602 700.0000
1350 1441 0.8772 700.0000
1350 1444 0.8517 700.0000
1351 1353 0.6508 700.0000
1351 1379 0.5569 700.0000
1351 1380 0.6899 700.0000
1351 1381 0.7852 700.0000
1351 1382 0.8217 700.0000
1351 1388 0.8638 700.0000
1351 1395 0.7052 700.0000
1351 1398 0.8776 700.0000
1351 1421 0.8716 700.0000
1351 1424 0.6676 700.0000
1351 1427 0.6438 700.0000
1351 1428 0.7100 700.0000
1351 1429 0.7272 700.0000
1351 1441 0.6890 700.0000
1352 1354 0.8472 700.0000
1352 1379 0.7100 700.0000
1352 1380 0.4408 700.0000
1352 1381 0.7320 700.0000
1352 1382 0.8413 700.0000
1353 1355 0.7979 700.0000
1353 1377 0.8533 700.0000
1353 1378 0.5763 700.0000
1353 1379 0.4923 700.0000
1353 1380 0.5453 700.0000
1353 1421 0.7000 700.0000
1354 1356 0.6104 700.0000
1354 1376 0.6984 700.0000
1354 1377 0.6415 700.0000
1354 1378 0.3957 700.0000
1354 1379 0.5880 700.0000
1354 1380 0.7892 700.0000
1354 1421 0.7227 700.0000
1355 1357 0.7443 700.0000
1355 1375 0.6564 700.0000
1355 1376 0.6581 700.0000
1355 1377 0.5136 700.0000
1355 1378 0.8078 700.0000
1355 1414 0.8284 700.0000
1355 1417 0.7475 700.0000
1355 1418 0.4596 700.0000
1355 1420 0.8890 700.0000
1355 1421 0.5161 700.0000
1355 1422 0.8313 700.0000
1355 1426 0.8677 700.0000
1356 1358 0.6998 700.0000
1356 1374 0.7836 700.0000
1356 1375 0.6109 700.0000
1356 1376 0.4367 700.0000
1356 1377 0.6821 700.0000
1356 1378 0.7793 700.0000
1356 1418 0.7860 700.0000
1357 1359 0.6864 700.0000
1357 1373 0.6699 700.0000
1357 1374 0.6552 700.0000
1357 1375 0.6480 700.0000
1357 1376 0.8038 700.0000
1357 1414 0.7060 700.0000
1357 1418 0.7620 700.0000
1358 1360 0.6813 700.0000
1358 1372 0.7821 700.0000
1358 1373 0.6307 700.0000
1358 1374 0.4077 700.0000
1358 1375 0.7027 700.0000
1358 1376 0.7736 700.0000
1359 1361 0.7528 700.0000
1359 1362 0.8420 700.0000
1359 1371 0.6961 700.0000
1359 1372 0.5762 700.0000
1359 1373 0.5634 700.0000
1359 1374 0.6326 700.0000
1359 1406 0.6652 700.0000
1360 1362 0.4348 700.0000
1360 1363 0.7706 700.0000
1360 1371 0.5520 700.0000
1360 1372 0.3946 700.0000
1360 1373 0.6921 700.0000
1360 1374 0.6968 700.0000
1360 1406 0.7601 700.0000
1360 1452 0.8374 700.0000
1361 1371 0.7585 700.0000
1361 1372 0.8772 700.0000
1362 1364 0.7605 700.0000
1362 1371 0.6270 700.0000
1362 1372 0.5592 700.0000
1362 1452 0.7337 700.0000
1363 1365 0.6323 700.0000
1363 1366 0.7951 700.0000
1363 1367 0.7653 700.0000
1363 1368 0.5541 700.0000
1363 1369 0.7504 700.0000
1363 1370 0.7406 700.0000
1363 1371 0.5511 700.0000
1363 1372 0.6307 700.0000
1363 1405 0.8712 700.0000
1363 1452 0.7716 700.0000
1363 1453 0.8667 700.0000
1364 1366 0.6167 700.0000
1364 1367 0.5306 700.0000
1364 1368 0.6677 700.0000
1364 1370 0.8030 700.0000
1364 1371 0.6436 700.0000
1364 1372 0.5949 700.0000
1364 1373 0.8991 700.0000
1364 1403 0.8042 700.0000
1364 1404 0.7952 700.0000
1364 1405 0.6187 700.0000
1364 1452 0.6249 700.0000
1364 1453 0.6955 700.0000
1364 1460 0.8651 700.0000
1364 1461 0.5159 700.0000
1364 1462 0.7999 700.0000
1365 1367 0.6066 700.0000
1365 1368 0.6132 700.0000
1365 1452 0.8442 700.0000
1365 1453 0.6399 700.0000
1365 1454 0.8438 700.0000
1365 1455 0.8445 700.0000
1365 1460 0.7934 700.0000
1365 1461 0.5207 700.0000
1365 1462 0.4872 700.0000
1365 1463 0.8659 700.0000
1366 1368 0.4671 700.0000
1366 1369 0.8193 700.0000
1366 1370 0.8213 700.0000
1366 1405 0.8598 700.0000
1366 1461 0.7480 700.0000
1366 1462 0.6691 700.0000
1366 1463 0.8745 700.0000
1366 1464 0.7426 700.0000
1367 1369 0.7553 700.0000
1367 1370 0.6091 700.0000
1367 1371 0.7814 700.0000
1367 1404 0.8670 700.0000
1367 1405 0.5312 700.0000
1367 1406 0.8974 700.0000
1367 1407 0.6916 700.0000
1367 1409 0.8839 700.0000
1367 1461 0.6974 700.0000
1367 1462 0.8414 700.0000
1367 1463 0.8855 700.0000
1367 1464 0.7894 700.0000
1367 1467 0.8563 700.0000
1368 1370 0.6776 700.0000
1368 1371 0.8569 700.0000
1369 1371 0.7181 700.0000
1369 1407 0.8890 700.0000
1370 1372 0.8418 700.0000
1370 1405 0.6649 700.0000
1370 1406 0.5661 700.0000
1370 1407 0.5509 700.0000
1371 1373 0.6695 700.0000
1371 1404 0.8302 700.0000
1371 1405 0.5905 700.0000
1371 1406 0.4001 700.0000
1371 1407 0.7321 700.0000
1372 1374 0.6140 700.0000
1372 1403 0.6823 700.0000
1372 1404 0.6545 700.0000
1372 1405 0.6149 700.0000
1372 1406 0.5937 700.0000
1372 1452 0.6529 700.0000
1373 1375 0.6367 700.0000
1373 1402 0.7373 700.0000
1373 1403 0.6927 700.0000
1373 1404 0.4154 700.0000
1373 1405 0.5744 700.0000
1373 1406 0.5579 700.0000
1373 1407 0.8520 700.0000
1373 1410 0.6967 700.0000
1373 1411 0.7848 700.0000
1373 1414 0.7098 700.0000
1374 1376 0.6541 700.0000
1374 1401 0.6792 700.0000
1374 1402 0.5539 700.0000
1374 1403 0.5452 700.0000
1374 1404 0.7339 700.0000
1374 1452 0.7984 700.0000
1375 1377 0.5536 700.0000
1375 1401 0.5896 700.0000
1375 1402 0.3817 700.0000
1375 1403 0.6527 700.0000
1375 1404 0.7120 700.0000
1375 1414 0.7498 700.0000
1375 1417 0.8282 700.0000
1375 1418 0.8609 700.0000
1375 1448 0.7944 700.0000
1376 1378 0.6279 700.0000
1376 1399 0.6821 700.0000
1376 1400 0.8516 700.0000
1376 1401 0.5469 700.0000
1376 1402 0.6729 700.0000
1377 1379 0.6761 700.0000
1377 1398 0.8383 700.0000
1377 1399 0.7773 700.0000
1377 1400 0.6833 700.0000
1377 1401 0.6812 700.0000
1377 1402 0.6911 700.0000
1377 1417 0.8549 700.0000
1377 1418 0.8906 700.0000
1377 1421 0.7182 700.0000
1377 1426 0.7077 700.0000
1377 1427 0.6934 700.0000
1377 1443 0.8408 700.0000
1377 1448 0.7759 700.0000
1378 1380 0.6948 700.0000
1378 1397 0.8492 700.0000
1378 1398 0.6583 700.0000
1378 1399 0.5421 700.0000
1378 1400 0.8671 700.0000
1379 1381 0.7629 700.0000
1379 1397 0.6582 700.0000
1379 1398 0.4883 700.0000
1379 1399 0.7527 700.0000
1379 1400 0.8481 700.0000
1379 1421 0.8607 700.0000
1379 1427 0.6472 700.0000
1379 1441 0.7069 700.0000
1380 1382 0.7400 700.0000
1380 1395 0.8309 700.0000
1380 1397 0.7210 700.0000
1380 1398 0.8412 700.0000
1381 1383 0.7629 700.0000
1381 1394 0.7789 700.0000
1381 1395 0.4984 700.0000
1381 1396 0.5805 700.0000
1381 1397 0.5283 700.0000
1381 1398 0.8278 700.0000
1381 1441 0.8728 700.0000
1382 1384 0.6942 700.0000
1382 1392 0.8293 700.0000
1382 1393 0.8896 700.0000
1382 1394 0.5210 700.0000
1382 1395 0.3264 700.0000
1382 1396 0.6588 700.0000
1382 1397 0.7910 700.0000
1383 1385 0.6669 700.0000
1383 1388 0.8518 700.0000
1383 1391 0.8169 700.0000
1383 1392 0.5047 700.0000
1383 1393 0.7415 700.0000
1383 1394 0.5369 700.0000
1383 1395 0.5810 700.0000
1384 1386 0.8178 700.0000
1384 1387 0.8726 700.0000
1384 1388 0.4481 700.0000
1384 1389 0.6190 700.0000
1384 1390 0.5127 700.0000
1384 1391 0.4842 700.0000
1384 1392 0.4849 700.0000
1384 1393 0.5049 700.0000
1384 1394 0.8028 700.0000
1384 1395 0.5885 700.0000
1384 1429 0.6368 700.0000
1384 1430 0.8401 700.0000
1384 1439 0.6636 700.0000
1385 1387 0.4973 700.0000
1385 1388 0.4076 700.0000
1385 1389 0.8146 700.0000
1385 1390 0.8656 700.0000
1385 1391 0.5923 700.0000
1385 1392 0.7233 700.0000
1385 1429 0.8733 700.0000
1386 1388 0.6773 700.0000
1386 1389 0.8518 700.0000
1386 1391 0.5583 700.0000
1386 1392 0.8854 700.0000
1387 1389 0.8674 700.0000
1387 1424 0.8867 700.0000
1388 1390 0.6911 700.0000
1388 1391 0.6485 700.0000
1388 1392 0.8686 700.0000
1388 1395 0.8236 700.0000
1388 1428 0.7618 700.0000
1388 1429 0.5217 700.0000
1388 1430 0.8204 700.0000
1389 1391 0.6154 700.0000
1389 1393 0.8191 700.0000
1389 1429 0.6533 700.0000
1389 1430 0.6638 700.0000
1389 1439 0.7547 700.0000
1390 1392 0.6784 700.0000
1390 1393 0.4751 700.0000
1390 1429 0.8162 700.0000
1390 1430 0.7833 700.0000
1390 1438 0.7989 700.0000
1390 1439 0.5854 700.0000
1391 1393 0.6118 700.0000
1392 1394 0.6788 700.0000
1392 1395 0.8823 700.0000
1393 1395 0.8074 700.0000
1393 1438 0.8295 700.0000
1393 1439 0.5266 700.0000
1394 1396 0.7965 700.0000
1395 1397 0.6757 700.0000
1395 1429 0.6553 700.0000
1395 1430 0.8848 700.0000
1395 1439 0.7318 700.0000
1395 1440 0.6867 700.0000
1395 1441 0.6357 700.0000
1396 1398 0.6743 700.0000
1396 1439 0.8142 700.0000
1396 1440 0.6065 700.0000
1396 1441 0.6034 700.0000
1397 1399 0.7996 700.0000
1397 1440 0.8365 700.0000
1397 1441 0.6274 700.0000
1398 1400 0.5608 700.0000
1398 1427 0.7805 700.0000
1398 1440 0.8865 700.0000
1398 1441 0.5452 700.0000
1398 1442 0.8823 700.0000
1399 1401 0.6867 700.0000
1400 1402 0.8081 700.0000
1400 1427 0.8386 700.0000
1400 1441 0.8755 700.0000
1400 1443 0.6699 700.0000
1400 1448 0.8434 700.0000
1400 1450 0.6821 700.0000
1401 1403 0.5677 700.0000
1401 1448 0.8550 700.0000
1401 1450 0.5665 700.0000
1401 1451 0.8148 700.0000
1402 1404 0.6614 700.0000
1402 1448 0.6129 700.0000
1402 1449 0.6851 700.0000
1402 1450 0.5686 700.0000
1402 1451 0.7645 700.0000
1402 1452 0.8274 700.0000
1403 1405 0.8830 700.0000
1403 1448 0.8655 700.0000
1403 1449 0.6444 700.0000
1403 1450 0.5924 700.0000
1403 1451 0.5428 700.0000
1403 1452 0.4691 700.0000
1403 1453 0.8418 700.0000
1403 1460 0.8206 700.0000
1403 1461 0.7438 700.0000
1404 1406 0.7391 700.0000
1404 1407 0.7765 700.0000
1404 1409 0.8833 700.0000
1404 1410 0.5327 700.0000
1404 1411 0.8800 700.0000
1404 1413 0.6937 700.0000
1404 1414 0.7078 700.0000
1404 1448 0.8755 700.0000
1404 1449 0.7664 700.0000
1404 1461 0.7825 700.0000
1404 1466 0.7842 700.0000
1404 1467 0.7750 700.0000
1405 1407 0.4657 700.0000
1405 1409 0.7234 700.0000
1405 1410 0.5056 700.0000
1405 1411 0.7904 700.0000
1405 1413 0.8590 700.0000
1405 1461 0.7695 700.0000
1405 1467 0.7519 700.0000
1406 1410 0.6776 700.0000
1406 1411 0.5438 700.0000
1407 1409 0.5335 700.0000
1407 1410 0.4743 700.0000
1407 1411 0.5538 700.0000
1407 1467 0.8680 700.0000
1408 1410 0.7056 700.0000
1408 1411 0.5867 700.0000
1408 1412 0.6960 700.0000
1409 1411 0.8077 700.0000
1409 1412 0.6054 700.0000
1409 1413 0.6621 700.0000
1409 1467 0.5149 700.0000
1409 1471 0.7220 700.0000
1410 1412 0.6106 700.0000
1410 1413 0.4479 700.0000
1410 1414 0.5942 700.0000
1410 1415 0.8979 700.0000
1410 1467 0.6797 700.0000
1411 1413 0.8300 700.0000
1411 1414 0.7101 700.0000
1411 1415 0.8675 700.0000
1412 1414 0.7637 700.0000
1412 1415 0.6113 700.0000
1412 1416 0.5825 700.0000
1412 1467 0.8969 700.0000
1412 1471 0.6780 700.0000
1413 1415 0.7100 700.0000
1413 1416 0.5028 700.0000
1413 1417 0.5664 700.0000
1413 1466 0.8622 700.0000
1413 1467 0.6703 700.0000
1413 1470 0.6533 700.0000
1413 1471 0.6245 700.0000
1413 1474 0.7842 700.0000
1414 1416 0.6605 700.0000
1414 1417 0.5289 700.0000
1414 1418 0.5615 700.0000
1415 1417 0.7567 700.0000
1415 1418 0.6713 700.0000
1415 1419 0.6446 700.0000
1416 1418 0.7908 700.0000
1416 1419 0.5148 700.0000
1416 1420 0.7058 700.0000
1416 1470 0.8412 700.0000
1416 1471 0.7447 700.0000
1416 1474 0.5756 700.0000
1417 1419 0.7613 700.0000
1417 1420 0.5544 700.0000
1417 1421 0.7484 700.0000
1417 1426 0.6781 700.0000
1417 1446 0.7462 700.0000
1417 1448 0.7728 700.0000
1417 1470 0.8191 700.0000
1417 1474 0.7087 700.0000
1418 1420 0.7390 700.0000
1418 1421 0.6263 700.0000
1418 1422 0.6767 700.0000
1419 1422 0.6770 700.0000
1419 1423 0.6119 700.0000
1419 1474 0.8235 700.0000
1420 1422 0.5578 700.0000
1420 1423 0.4605 700.0000
1420 1424 0.7439 700.0000
1420 1425 0.4560 700.0000
1420 1426 0.5520 700.0000
1420 1446 0.8114 700.0000
1420 1474 0.7433 700.0000
1420 1477 0.7661 700.0000
1421 1423 0.7699 700.0000
1421 1424 0.6440 700.0000
1421 1425 0.7554 700.0000
1421 1426 0.5930 700.0000
1421 1427 0.7482 700.0000
1422 1424 0.6956 700.0000
1422 1425 0.8568 700.0000
1423 1425 0.5366 700.0000
1423 1477 0.8127 700.0000
1424 1426 0.8063 700.0000
1424 1427 0.8392 700.0000
1424 1428 0.8980 700.0000
1425 1427 0.7553 700.0000
1425 1428 0.8299 700.0000
1425 1444 0.5514 700.0000
1425 1445 0.8395 700.0000
1425 1446 0.7400 700.0000
1425 1474 0.8479 700.0000
1425 1477 0.5671 700.0000
1426 1428 0.8019 700.0000
1426 1442 0.8831 700.0000
1426 1443 0.6354 700.0000
1426 1444 0.5839 700.0000
1426 1445 0.8526 700.0000
1426 1446 0.5492 700.0000
1426 1448 0.7405 700.0000
1427 1429 0.8498 700.0000
1427 1441 0.6259 700.0000
1427 1442 0.5934 700.0000
1427 1443 0.5252 700.0000
1427 1444 0.6474 700.0000
1427 1446 0.8210 700.0000
1427 1448 0.8911 700.0000
1428 1430 0.6132 700.0000
1428 1440 0.7812 700.0000
1428 1441 0.6055 700.0000
1428 1442 0.4345 700.0000
1428 1443 0.8029 700.0000
1428 1444 0.5484 700.0000
1428 1445 0.8911 700.0000
1429 1438 0.8695 700.0000
1429 1439 0.6865 700.0000
1429 1440 0.5722 700.0000
1429 1441 0.5630 700.0000
1429 1442 0.5982 700.0000
1430 1432 0.6320 700.0000
1430 1437 0.7319 700.0000
1430 1438 0.5395 700.0000
1430 1439 0.5271 700.0000
1430 1440 0.4335 700.0000
1430 1441 0.6850 700.0000
1430 1442 0.5733 700.0000
1431 1433 0.5570 700.0000
1431 1434 0.8193 700.0000
1431 1435 0.7336 700.0000
1431 1436 0.5374 700.0000
1431 1437 0.5492 700.0000
1431 1438 0.5565 700.0000
1431 1439 0.8366 700.0000
1431 1440 0.7794 700.0000
1431 1442 0.8751 700.0000
1432 1434 0.4952 700.0000
1432 1435 0.4228 700.0000
1432 1436 0.5227 700.0000
1432 1437 0.5062 700.0000
1432 1438 0.6996 700.0000
1432 1440 0.6407 700.0000
1432 1441 0.8875 700.0000
1432 1442 0.6429 700.0000
1433 1435 0.8502 700.0000
1433 1436 0.7992 700.0000
1434 1436 0.6674 700.0000
1434 1437 0.8188 700.0000
1435 1437 0.4721 700.0000
1435 1438 0.8371 700.0000
1435 1440 0.7790 700.0000
1436 1438 0.6657 700.0000
1437 1439 0.6892 700.0000
1437 1440 0.6012 700.0000
1438 1440 0.5493 700.0000
1439 1441 0.8726 700.0000
1440 1442 0.5872 700.0000
1441 1443 0.7940 700.0000
1442 1444 0.6788 700.0000
1442 1445 0.8877 700.0000
1443 1445 0.7893 700.0000
1443 1446 0.6567 700.0000
1443 1447 0.6822 700.0000
1443 1448 0.5903 700.0000
1444 1446 0.5741 700.0000
1444 1447 0.8814 700.0000
1444 1477 0.7252 700.0000
1445 1447 0.6590 700.0000
1445 1473 0.6414 700.0000
1445 1476 0.8658 700.0000
1445 1477 0.7265 700.0000
1446 1448 0.5784 700.0000
1446 1470 0.6501 700.0000
1446 1473 0.4996 700.0000
1446 1474 0.6322 700.0000
1446 1477 0.7383 700.0000
1447 1449 0.7809 700.0000
1447 1459 0.7962 700.0000
1447 1466 0.7388 700.0000
1447 1469 0.7286 700.0000
1447 1470 0.6910 700.0000
1447 1473 0.5872 700.0000
1448 1450 0.6844 700.0000
1448 1459 0.8387 700.0000
1448 1466 0.7630 700.0000
1448 1470 0.7814 700.0000
1449 1451 0.5628 700.0000
1449 1455 0.7439 700.0000
1449 1456 0.7677 700.0000
1449 1458 0.8859 700.0000
1449 1459 0.5738 700.0000
1449 1460 0.4448 700.0000
1449 1461 0.5427 700.0000
1449 1463 0.7329 700.0000
1449 1466 0.5479 700.0000
1450 1452 0.8639 700.0000
1450 1458 0.7881 700.0000
1450 1459 0.5412 700.0000
1450 1460 0.7173 700.0000
1451 1453 0.5549 700.0000
1451 1454 0.6807 700.0000
1451 1455 0.6972 700.0000
1451 1458 0.6067 700.0000
1451 1459 0.6761 700.0000
1451 1460 0.4671 700.0000
1451 1461 0.6479 700.0000
1452 1460 0.8459 700.0000
1452 1461 0.7425 700.0000
1453 1455 0.7457 700.0000
1453 1458 0.8265 700.0000
1453 1460 0.6705 700.0000
1453 1461 0.6733 700.0000
1453 1462 0.7974 700.0000
1454 1456 0.6000 700.0000
1454 1457 0.6238 700.0000
1454 1458 0.4679 700.0000
1454 1459 0.8645 700.0000
1454 1460 0.4885 700.0000
1454 1461 0.7430 700.0000
1454 1462 0.6096 700.0000
1455 1457 0.5674 700.0000
1455 1458 0.5378 700.0000
1455 1459 0.7261 700.0000
1455 1460 0.3245 700.0000
1455 1461 0.6166 700.0000
1455 1462 0.5011 700.0000
1455 1463 0.6536 700.0000
1456 1458 0.6747 700.0000
1456 1459 0.6512 700.0000
1456 1460 0.5038 700.0000
1456 1461 0.7991 700.0000
1456 1462 0.6885 700.0000
1456 1463 0.5894 700.0000
1457 1459 0.7805 700.0000
1457 1460 0.8154 700.0000
1458 1460 0.6058 700.0000
1460 1462 0.5909 700.0000
1460 1463 0.6189 700.0000
1460 1466 0.7996 700.0000
1461 1463 0.5681 700.0000
1461 1464 0.8244 700.0000
1461 1466 0.7210 700.0000
1462 1464 0.6778 700.0000
1463 1465 0.4697 700.0000
1463 1466 0.5627 700.0000
1463 1467 0.7747 700.0000
1463 1469 0.7188 700.0000
1464 1466 0.7868 700.0000
1464 1467 0.7661 700.0000
1464 1468 0.8736 700.0000
1464 1469 0.8535 700.0000
1465 1467 0.6419 700.0000
1465 1468 0.5584 700.0000
1465 1469 0.4615 700.0000
1465 1470 0.8823 700.0000
1466 1468 0.8101 700.0000
1466 1469 0.5051 700.0000
1466 1470 0.5276 700.0000
1466 1471 0.8389 700.0000
1466 1473 0.8626 700.0000
1467 1469 0.7001 700.0000
1467 1470 0.5820 700.0000
1467 1471 0.5956 700.0000
1468 1470 0.7284 700.0000
1468 1471 0.5899 700.0000
1468 1472 0.5372 700.0000
1469 1471 0.8257 700.0000
1469 1472 0.6560 700.0000
1469 1473 0.6747 700.0000
1470 1472 0.6314 700.0000
1470 1473 0.4541 700.0000
1470 1474 0.5666 700.0000
1471 1473 0.7552 700.0000
1471 1474 0.6219 700.0000
1471 1475 0.7490 700.0000
1472 1474 0.7437 700.0000
1472 1475 0.6265 700.0000
1472 1476 0.7672 700.0000
1473 1475 0.8305 700.0000
1473 1476 0.6747 700.0000
1473 1477 0.7336 700.0000
1474 1476 0.6248 700.0000
1474 1477 0.5613 700.0000
1475 1477 0.7802 700.0000
